#	D	ID	E	ID0	E0
#
# D             Trajectory length [1 Mpc]
# ID/ID0/ID1    Particle type (PDG MC numbering scheme)
# E/E0/E1       Energy [1 EeV]
# no index = current, 0 = at source, 1 = at point of creation
#
# CRPropa version: -128-NOTFOUND
#
8.34487E+00	1000010010	4.41717E+02	1000010010	4.41717E+02
3.53681E+00	1000010010	1.04770E+01	1000010010	1.04770E+01
9.41126E+00	1000010010	2.37078E+01	1000010010	2.37078E+01
6.79933E+00	1000010010	3.25327E+00	1000010010	3.25327E+00
5.16059E-01	1000010010	1.43643E+02	1000010010	1.43643E+02
5.00172E+00	1000010010	8.68988E+01	1000010010	8.68988E+01
4.10802E+00	1000010010	1.25617E+01	1000010010	1.25617E+01
3.82622E+00	1000010010	2.40852E+02	1000010010	2.40852E+02
2.24431E+00	1000010010	4.95761E+02	1000010010	4.95761E+02
3.49185E+00	1000010010	1.30353E+00	1000010010	1.30353E+00
9.02702E+00	1000010010	1.30262E+02	1000010010	1.30262E+02
4.17228E-02	1000010010	7.85893E+02	1000010010	7.85893E+02
5.42042E+00	1000010010	7.73863E+02	1000010010	7.73863E+02
2.44830E+00	1000010010	5.48952E+01	1000010010	5.48952E+01
2.45956E+00	1000010010	3.13153E+02	1000010010	3.13153E+02
6.66535E+00	1000010010	6.22455E+00	1000010010	6.22455E+00
3.26537E+00	1000010010	2.21308E+00	1000010010	2.21308E+00
5.05081E+00	1000010010	1.15147E+00	1000010010	1.15147E+00
6.41818E+00	1000010010	1.99611E+01	1000010010	1.99611E+01
1.79914E+00	1000010010	2.29555E+02	1000010010	2.29555E+02
2.79491E+00	1000010010	4.67184E+01	1000010010	4.67184E+01
4.78074E+00	1000010010	1.91105E+02	1000010010	1.91105E+02
5.31711E+00	1000010010	3.07711E+01	1000010010	3.07711E+01
3.30837E+00	1000010010	3.27916E+00	1000010010	3.27916E+00
9.81104E-01	1000010010	1.12856E+01	1000010010	1.12856E+01
3.68503E+00	1000010010	2.79097E+01	1000010010	2.79097E+01
2.27991E+00	1000010010	1.64024E+01	1000010010	1.64024E+01
4.20010E+00	1000010010	3.99405E+01	1000010010	3.99405E+01
8.61380E+00	1000010010	2.98857E+00	1000010010	2.98857E+00
3.88526E+00	1000010010	1.93344E+02	1000010010	1.93344E+02
7.27971E+00	1000010010	3.23104E+01	1000010010	3.23104E+01
6.35477E+00	1000010010	2.29405E+01	1000010010	2.29405E+01
5.21735E+00	1000010010	3.74888E+02	1000010010	3.74888E+02
2.81725E+00	1000010010	3.56245E+00	1000010010	3.56245E+00
7.02137E+00	1000010010	1.56026E+01	1000010010	1.56026E+01
5.27161E+00	1000010010	2.32069E+01	1000010010	2.32069E+01
5.60193E+00	1000010010	2.49025E+01	1000010010	2.49025E+01
7.23535E+00	1000010010	2.60983E+00	1000010010	2.60983E+00
8.72737E+00	1000010010	4.42541E+02	1000010010	4.42541E+02
3.07721E+00	1000010010	1.33265E+02	1000010010	1.33265E+02
6.58618E+00	1000010010	8.43197E+01	1000010010	8.43197E+01
8.17260E-01	1000010010	2.14322E+00	1000010010	2.14322E+00
9.95395E+00	1000010010	1.23263E+00	1000010010	1.23263E+00
4.51121E+00	1000010010	2.04119E+02	1000010010	2.04119E+02
2.54775E+00	1000010010	7.80424E+02	1000010010	7.80424E+02
1.38383E+00	1000010010	4.65525E+01	1000010010	4.65525E+01
9.72489E+00	1000010010	1.02832E+01	1000010010	1.02832E+01
7.69587E+00	1000010010	9.73028E+01	1000010010	9.73028E+01
1.49315E+00	1000010010	2.95882E+02	1000010010	2.95882E+02
4.99632E+00	1000010010	3.26405E+01	1000010010	3.26405E+01
4.95304E+00	1000010010	3.67471E+00	1000010010	3.67471E+00
8.10805E+00	1000010010	6.53175E+02	1000010010	6.53175E+02
7.67549E+00	1000010010	1.28551E+00	1000010010	1.28551E+00
1.83841E+00	1000010010	2.62165E+00	1000010010	2.62165E+00
2.54031E+00	1000010010	1.98080E+02	1000010010	1.98080E+02
3.99763E+00	1000010010	5.66494E+00	1000010010	5.66494E+00
9.03426E+00	1000010010	2.21205E+02	1000010010	2.21205E+02
3.36932E+00	1000010010	8.17394E+00	1000010010	8.17394E+00
7.52980E+00	1000010010	9.66337E+02	1000010010	9.66337E+02
1.41197E+00	1000010010	4.03086E+00	1000010010	4.03086E+00
9.04568E+00	1000010010	1.08846E+01	1000010010	1.08846E+01
8.56330E-01	1000010010	9.21901E+01	1000010010	9.21901E+01
7.69460E-01	1000010010	3.32899E+00	1000010010	3.32899E+00
2.94685E+00	1000010010	5.97407E+01	1000010010	5.97407E+01
8.42167E+00	1000010010	2.48654E+02	1000010010	2.48654E+02
4.91272E+00	1000010010	4.13108E+02	1000010010	4.13108E+02
8.15435E+00	1000010010	6.01275E+01	1000010010	6.01275E+01
9.44919E+00	1000010010	8.76463E+00	1000010010	8.76463E+00
3.72300E+00	1000010010	4.81665E+00	1000010010	4.81665E+00
5.46846E+00	1000010010	6.97091E+01	1000010010	6.97091E+01
1.78836E+00	1000010010	2.33697E+02	1000010010	2.33697E+02
5.41888E+00	1000010010	1.10641E+00	1000010010	1.10641E+00
9.26697E+00	1000010010	8.63008E+02	1000010010	8.63008E+02
9.45733E+00	1000010010	9.86690E+00	1000010010	9.86690E+00
1.90448E+00	1000010010	1.32400E+00	1000010010	1.32400E+00
4.86265E-01	1000010010	7.35011E+01	1000010010	7.35011E+01
1.39887E+00	1000010010	2.33192E+02	1000010010	2.33192E+02
4.11109E+00	1000010010	3.19170E+01	1000010010	3.19170E+01
5.62874E+00	1000010010	6.00270E+01	1000010010	6.00270E+01
8.81012E+00	1000010010	1.39118E+01	1000010010	1.39118E+01
1.04564E+00	1000010010	4.56174E+00	1000010010	4.56174E+00
9.51994E+00	1000010010	2.71478E+02	1000010010	2.71478E+02
8.99653E+00	1000010010	1.18842E+00	1000010010	1.18842E+00
4.33968E+00	1000010010	1.25411E+02	1000010010	1.25411E+02
4.56290E+00	1000010010	8.46113E+02	1000010010	8.46113E+02
9.03836E+00	1000010010	2.68296E+02	1000010010	2.68296E+02
2.33134E-01	1000010010	3.64061E+02	1000010010	3.64061E+02
7.69127E+00	1000010010	1.21973E+02	1000010010	1.21973E+02
4.26617E+00	1000010010	6.51746E+01	1000010010	6.51746E+01
9.42224E+00	1000010010	6.35034E+01	1000010010	6.35034E+01
2.65194E+00	1000010010	1.44145E+02	1000010010	1.44145E+02
1.64706E+00	1000010010	6.36331E+01	1000010010	6.36331E+01
1.83680E+00	1000010010	8.07491E+01	1000010010	8.07491E+01
1.56741E+00	1000010010	1.67489E+00	1000010010	1.67489E+00
2.74097E+00	1000010010	2.30977E+01	1000010010	2.30977E+01
9.28112E+00	1000010010	5.42749E+00	1000010010	5.42749E+00
4.94721E+00	1000010010	6.48197E+00	1000010010	6.48197E+00
3.57705E+00	1000010010	3.62007E+00	1000010010	3.62007E+00
9.98828E+00	1000010010	2.27143E+00	1000010010	2.27143E+00
6.81758E+00	1000010010	4.92545E+01	1000010010	4.92545E+01
3.32440E-01	1000010010	3.86167E+02	1000010010	3.86167E+02
3.41872E+00	1000010010	1.33670E+01	1000010010	1.33670E+01
9.07726E+00	1000010010	4.71890E+00	1000010010	4.71890E+00
9.77951E+00	1000010010	4.01614E+00	1000010010	4.01614E+00
7.26631E+00	1000010010	5.56643E+02	1000010010	5.56643E+02
1.24190E+00	1000010010	6.14803E+00	1000010010	6.14803E+00
7.45825E+00	1000010010	1.27653E+02	1000010010	1.27653E+02
5.69918E+00	1000010010	2.79208E+00	1000010010	2.79208E+00
8.26007E+00	1000010010	2.45964E+01	1000010010	2.45964E+01
7.90762E+00	1000010010	5.54065E+00	1000010010	5.54065E+00
6.95722E+00	1000010010	1.24663E+01	1000010010	1.24663E+01
8.72595E+00	1000010010	1.01364E+02	1000010010	1.01364E+02
4.02236E+00	1000010010	4.84044E+00	1000010010	4.84044E+00
5.02012E+00	1000010010	5.89749E+00	1000010010	5.89749E+00
1.42849E+00	1000010010	9.33601E+02	1000010010	9.33601E+02
1.92570E+00	1000010010	4.01956E+00	1000010010	4.01956E+00
7.89121E+00	1000010010	9.92722E+00	1000010010	9.92722E+00
2.03439E+00	1000010010	1.48768E+00	1000010010	1.48768E+00
6.01942E+00	1000010010	3.85207E+00	1000010010	3.85207E+00
2.21011E+00	1000010010	2.54684E+02	1000010010	2.54684E+02
2.10182E+00	1000010010	1.69230E+02	1000010010	1.69230E+02
7.94272E+00	1000010010	3.10432E+00	1000010010	3.10432E+00
3.96901E+00	1000010010	2.92904E+00	1000010010	2.92904E+00
5.45012E+00	1000010010	1.68840E+00	1000010010	1.68840E+00
2.57259E+00	1000010010	5.20470E+00	1000010010	5.20470E+00
2.41426E+00	1000010010	2.67494E+02	1000010010	2.67494E+02
9.17266E+00	1000010010	6.44674E+01	1000010010	6.44674E+01
9.51654E-01	1000010010	1.91501E+00	1000010010	1.91501E+00
2.77496E+00	1000010010	1.88736E+00	1000010010	1.88736E+00
2.42654E+00	1000010010	4.74908E+00	1000010010	4.74908E+00
2.45369E+00	1000010010	5.60892E+01	1000010010	5.60892E+01
5.78347E+00	1000010010	1.95784E+02	1000010010	1.95784E+02
7.71203E+00	1000010010	2.15191E+01	1000010010	2.15191E+01
5.67814E+00	1000010010	1.97129E+00	1000010010	1.97129E+00
6.83694E+00	1000010010	1.52548E+00	1000010010	1.52548E+00
3.42017E+00	1000010010	7.83568E+00	1000010010	7.83568E+00
5.43091E+00	1000010010	1.50525E+02	1000010010	1.50525E+02
2.99104E+00	1000010010	1.68386E+01	1000010010	1.68386E+01
9.17272E+00	1000010010	8.77323E+02	1000010010	8.77323E+02
8.82424E+00	1000010010	3.60029E+00	1000010010	3.60029E+00
1.50019E+00	1000010010	2.60927E+00	1000010010	2.60927E+00
7.44459E+00	1000010010	5.14327E+01	1000010010	5.14327E+01
2.98115E+00	1000010010	1.21345E+01	1000010010	1.21345E+01
4.53871E+00	1000010010	2.45707E+02	1000010010	2.45707E+02
9.75770E+00	1000010010	1.20406E+02	1000010010	1.20406E+02
1.05361E+00	1000010010	1.91929E+00	1000010010	1.91929E+00
6.23643E+00	1000010010	8.32639E+01	1000010010	8.32639E+01
9.63022E+00	1000010010	2.91631E+00	1000010010	2.91631E+00
5.57125E+00	1000010010	3.26128E+02	1000010010	3.26128E+02
9.26052E+00	1000010010	3.81814E+02	1000010010	3.81814E+02
6.77384E+00	1000010010	1.08399E+01	1000010010	1.08399E+01
2.97696E+00	1000010010	7.39191E+00	1000010010	7.39191E+00
2.86757E+00	1000010010	5.21143E+01	1000010010	5.21143E+01
7.51282E+00	1000010010	4.08345E+00	1000010010	4.08345E+00
9.04356E-01	1000010010	5.06942E+02	1000010010	5.06942E+02
9.40751E+00	1000010010	1.20959E+00	1000010010	1.20959E+00
4.24391E+00	1000010010	2.53393E+00	1000010010	2.53393E+00
5.60484E+00	1000010010	8.80291E+01	1000010010	8.80291E+01
4.80070E-01	1000010010	1.07152E+00	1000010010	1.07152E+00
3.31225E-01	1000010010	2.38380E+01	1000010010	2.38380E+01
5.75278E+00	1000010010	8.18093E+00	1000010010	8.18093E+00
8.94844E-01	1000010010	3.34290E+02	1000010010	3.34290E+02
8.03793E+00	1000010010	1.32870E+00	1000010010	1.32870E+00
4.23419E+00	1000010010	7.84880E+02	1000010010	7.84880E+02
1.09340E+00	1000010010	4.61949E+02	1000010010	4.61949E+02
5.75208E+00	1000010010	2.65341E+02	1000010010	2.65341E+02
8.78600E+00	1000010010	3.35391E+00	1000010010	3.35391E+00
5.06066E+00	1000010010	1.32967E+00	1000010010	1.32967E+00
1.81615E+00	1000010010	8.20650E+02	1000010010	8.20650E+02
3.03751E+00	1000010010	1.44202E+02	1000010010	1.44202E+02
5.24160E+00	1000010010	1.56122E+00	1000010010	1.56122E+00
4.87724E+00	1000010010	4.15048E+00	1000010010	4.15048E+00
2.34908E+00	1000010010	1.66084E+01	1000010010	1.66084E+01
4.04246E+00	1000010010	2.44631E+01	1000010010	2.44631E+01
9.26196E+00	1000010010	1.39071E+01	1000010010	1.39071E+01
5.65399E+00	1000010010	4.10373E+01	1000010010	4.10373E+01
9.55355E+00	1000010010	6.10447E+00	1000010010	6.10447E+00
7.32560E+00	1000010010	1.92494E+02	1000010010	1.92494E+02
6.35258E+00	1000010010	1.95241E+00	1000010010	1.95241E+00
6.71349E+00	1000010010	3.18931E+01	1000010010	3.18931E+01
3.22288E+00	1000010010	3.12263E+01	1000010010	3.12263E+01
7.24068E+00	1000010010	6.06780E+00	1000010010	6.06780E+00
8.75298E+00	1000010010	6.22293E+02	1000010010	6.22293E+02
9.63138E+00	1000010010	5.05209E+00	1000010010	5.05209E+00
8.98175E+00	1000010010	6.77111E+01	1000010010	6.77111E+01
6.68151E+00	1000010010	4.77549E+01	1000010010	4.77549E+01
4.84389E+00	1000010010	1.44514E+02	1000010010	1.44514E+02
2.97309E-01	1000010010	5.13070E+00	1000010010	5.13070E+00
3.34764E+00	1000010010	1.50654E+02	1000010010	1.50654E+02
7.01722E+00	1000010010	1.24751E+02	1000010010	1.24751E+02
5.40541E-01	1000010010	1.87579E+02	1000010010	1.87579E+02
7.99838E+00	1000010010	1.07024E+01	1000010010	1.07024E+01
1.18562E+00	1000010010	4.01653E+01	1000010010	4.01653E+01
9.07446E+00	1000010010	2.06028E+02	1000010010	2.06028E+02
3.17267E+00	1000010010	5.40315E+01	1000010010	5.40315E+01
2.16602E+00	1000010010	2.53632E+01	1000010010	2.53632E+01
1.62022E+00	1000010010	1.02155E+01	1000010010	1.02155E+01
2.01655E+00	1000010010	3.51658E+01	1000010010	3.51658E+01
5.10689E+00	1000010010	8.23870E+01	1000010010	8.23870E+01
5.58212E+00	1000010010	1.81779E+01	1000010010	1.81779E+01
8.24766E+00	1000010010	4.00268E+02	1000010010	4.00268E+02
5.87707E+00	1000010010	4.49507E+02	1000010010	4.49507E+02
3.58599E+00	1000010010	2.40185E+00	1000010010	2.40185E+00
3.31438E+00	1000010010	7.25902E+02	1000010010	7.25902E+02
5.06385E+00	1000010010	9.58326E+01	1000010010	9.58326E+01
9.22361E+00	1000010010	2.20776E+00	1000010010	2.20776E+00
3.67111E+00	1000010010	2.85661E+00	1000010010	2.85661E+00
1.91307E+00	1000010010	1.04336E+01	1000010010	1.04336E+01
6.66701E+00	1000010010	5.09455E+01	1000010010	5.09455E+01
1.11216E-01	1000010010	4.93898E+02	1000010010	4.93898E+02
3.50852E+00	1000010010	5.98269E+01	1000010010	5.98269E+01
1.44167E+00	1000010010	1.16631E+02	1000010010	1.16631E+02
3.56160E+00	1000010010	6.07457E+02	1000010010	6.07457E+02
8.15503E+00	1000010010	3.55554E+02	1000010010	3.55554E+02
6.87096E+00	1000010010	7.33236E+01	1000010010	7.33236E+01
4.24240E+00	1000010010	3.89723E+01	1000010010	3.89723E+01
5.70067E+00	1000010010	9.21703E+01	1000010010	9.21703E+01
1.36327E+00	1000010010	6.34451E+02	1000010010	6.34451E+02
6.17597E+00	1000010010	8.67986E+00	1000010010	8.67986E+00
8.42550E+00	1000010010	5.33361E+02	1000010010	5.33361E+02
4.70501E+00	1000010010	2.24642E+02	1000010010	2.24642E+02
5.29277E+00	1000010010	9.36816E+02	1000010010	9.36816E+02
3.92604E+00	1000010010	5.89183E+01	1000010010	5.89183E+01
4.26245E+00	1000010010	2.32815E+01	1000010010	2.32815E+01
5.35985E+00	1000010010	2.48926E+01	1000010010	2.48926E+01
3.91313E+00	1000010010	4.87537E+02	1000010010	4.87537E+02
9.00560E+00	1000010010	1.99199E+01	1000010010	1.99199E+01
9.58832E+00	1000010010	6.54521E+02	1000010010	6.54521E+02
8.45544E+00	1000010010	7.04481E+02	1000010010	7.04481E+02
6.38096E+00	1000010010	2.39057E+01	1000010010	2.39057E+01
5.73297E+00	1000010010	1.71670E+00	1000010010	1.71670E+00
7.36824E+00	1000010010	8.13535E+01	1000010010	8.13535E+01
4.71599E+00	1000010010	6.25829E+02	1000010010	6.25829E+02
1.83055E+00	1000010010	5.75087E+02	1000010010	5.75087E+02
9.75927E+00	1000010010	4.46276E+02	1000010010	4.46276E+02
8.16554E-01	1000010010	3.72978E+01	1000010010	3.72978E+01
6.65856E+00	1000010010	9.81908E+02	1000010010	9.81908E+02
2.17008E+00	1000010010	4.81587E+00	1000010010	4.81587E+00
1.30738E-01	1000010010	1.56399E+01	1000010010	1.56399E+01
8.03063E+00	1000010010	3.59776E+00	1000010010	3.59776E+00
5.60746E+00	1000010010	2.30278E+00	1000010010	2.30278E+00
8.61049E+00	1000010010	7.96540E+00	1000010010	7.96540E+00
8.02754E+00	1000010010	1.86809E+00	1000010010	1.86809E+00
1.14421E+00	1000010010	2.70083E+01	1000010010	2.70083E+01
8.84205E+00	1000010010	1.02192E+00	1000010010	1.02192E+00
8.81894E+00	1000010010	4.85239E+01	1000010010	4.85239E+01
6.59783E+00	1000010010	1.41698E+00	1000010010	1.41698E+00
7.32404E+00	1000010010	6.14389E+01	1000010010	6.14389E+01
9.36931E+00	1000010010	7.33195E+00	1000010010	7.33195E+00
5.06517E+00	1000010010	3.58296E+01	1000010010	3.58296E+01
2.99029E+00	1000010010	1.45657E+00	1000010010	1.45657E+00
9.27917E+00	1000010010	5.64942E+01	1000010010	5.64942E+01
6.13372E+00	1000010010	2.05819E+00	1000010010	2.05819E+00
3.98777E-01	1000010010	3.61163E+00	1000010010	3.61163E+00
8.16190E+00	1000010010	5.35406E+02	1000010010	5.35406E+02
2.27086E+00	1000010010	5.56617E+02	1000010010	5.56617E+02
5.90644E+00	1000010010	9.85939E+02	1000010010	9.85939E+02
9.54391E+00	1000010010	2.47530E+02	1000010010	2.47530E+02
2.43616E+00	1000010010	7.42169E+01	1000010010	7.42169E+01
7.09086E+00	1000010010	2.77014E+02	1000010010	2.77014E+02
1.91260E+00	1000010010	1.01075E+00	1000010010	1.01075E+00
6.21892E+00	1000010010	9.45816E+02	1000010010	9.45816E+02
3.11926E+00	1000010010	1.14490E+01	1000010010	1.14490E+01
4.90943E+00	1000010010	2.58521E+01	1000010010	2.58521E+01
7.35190E+00	1000010010	8.21008E+02	1000010010	8.21008E+02
8.13170E+00	1000010010	2.31602E+02	1000010010	2.31602E+02
8.00170E+00	1000010010	1.58121E+00	1000010010	1.58121E+00
3.35205E+00	1000010010	1.60627E+02	1000010010	1.60627E+02
4.02809E-01	1000010010	6.10922E+02	1000010010	6.10922E+02
5.50484E+00	1000010010	1.72707E+02	1000010010	1.72707E+02
8.91170E-01	1000010010	9.94790E+02	1000010010	9.94790E+02
3.75285E+00	1000010010	1.93022E+02	1000010010	1.93022E+02
7.12984E+00	1000010010	2.96711E+01	1000010010	2.96711E+01
8.31424E+00	1000010010	7.65171E+00	1000010010	7.65171E+00
2.97559E+00	1000010010	4.83342E+02	1000010010	4.83342E+02
5.99006E+00	1000010010	6.88597E+02	1000010010	6.88597E+02
1.58400E+00	1000010010	3.25431E+00	1000010010	3.25431E+00
1.35921E+00	1000010010	3.71545E+00	1000010010	3.71545E+00
1.28060E+00	1000010010	3.65372E+00	1000010010	3.65372E+00
4.84782E+00	1000010010	1.64593E+02	1000010010	1.64593E+02
1.28019E+00	1000010010	2.73893E+01	1000010010	2.73893E+01
3.79445E+00	1000010010	1.66601E+01	1000010010	1.66601E+01
6.19798E-01	1000010010	2.79606E+00	1000010010	2.79606E+00
6.89314E-01	1000010010	1.88823E+01	1000010010	1.88823E+01
9.76534E+00	1000010010	2.15164E+00	1000010010	2.15164E+00
2.21347E-02	1000010010	5.60217E+01	1000010010	5.60217E+01
7.52183E+00	1000010010	1.83308E+02	1000010010	1.83308E+02
8.20024E+00	1000010010	7.58030E+01	1000010010	7.58030E+01
2.92403E+00	1000010010	7.01387E+00	1000010010	7.01387E+00
5.99999E+00	1000010010	2.35653E+01	1000010010	2.35653E+01
1.43153E+00	1000010010	9.46614E+00	1000010010	9.46614E+00
8.04325E+00	1000010010	4.32133E+00	1000010010	4.32133E+00
4.38530E+00	1000010010	6.58167E+01	1000010010	6.58167E+01
1.03610E+00	1000010010	5.45252E+02	1000010010	5.45252E+02
9.87152E-01	1000010010	5.85044E+00	1000010010	5.85044E+00
4.33419E+00	1000010010	2.10312E+00	1000010010	2.10312E+00
4.64146E+00	1000010010	2.11662E+02	1000010010	2.11662E+02
8.02282E+00	1000010010	3.98434E+02	1000010010	3.98434E+02
6.44786E-01	1000010010	1.89336E+02	1000010010	1.89336E+02
6.03522E+00	1000010010	1.76564E+02	1000010010	1.76564E+02
8.82902E+00	1000010010	6.79222E+02	1000010010	6.79222E+02
2.23455E+00	1000010010	2.21736E+00	1000010010	2.21736E+00
4.71871E+00	1000010010	4.40875E+00	1000010010	4.40875E+00
6.97230E+00	1000010010	2.95393E+01	1000010010	2.95393E+01
7.37125E+00	1000010010	9.72056E+01	1000010010	9.72056E+01
5.37302E+00	1000010010	2.65052E+02	1000010010	2.65052E+02
2.00371E+00	1000010010	5.05705E+00	1000010010	5.05705E+00
3.63630E+00	1000010010	5.90983E+00	1000010010	5.90983E+00
8.41696E+00	1000010010	5.15185E+00	1000010010	5.15185E+00
5.11535E+00	1000010010	4.38885E+00	1000010010	4.38885E+00
8.35425E+00	1000010010	1.03623E+00	1000010010	1.03623E+00
9.87566E+00	1000010010	1.77438E+01	1000010010	1.77438E+01
4.42150E+00	1000010010	2.88486E+02	1000010010	2.88486E+02
6.28441E+00	1000010010	6.89671E+02	1000010010	6.89671E+02
6.47565E+00	1000010010	1.42429E+02	1000010010	1.42429E+02
3.09181E+00	1000010010	9.58959E+02	1000010010	9.58959E+02
6.00437E+00	1000010010	1.55550E+02	1000010010	1.55550E+02
5.19825E+00	1000010010	1.80092E+01	1000010010	1.80092E+01
2.43250E+00	1000010010	9.28596E+01	1000010010	9.28596E+01
2.82338E+00	1000010010	4.05008E+02	1000010010	4.05008E+02
2.74354E+00	1000010010	5.46641E+00	1000010010	5.46641E+00
1.03519E+00	1000010010	5.65825E+01	1000010010	5.65825E+01
2.05595E+00	1000010010	6.63179E+00	1000010010	6.63179E+00
9.27447E+00	1000010010	1.19539E+00	1000010010	1.19539E+00
6.57518E+00	1000010010	2.45326E+00	1000010010	2.45326E+00
4.53078E+00	1000010010	7.90679E+01	1000010010	7.90679E+01
8.72761E+00	1000010010	1.52759E+02	1000010010	1.52759E+02
3.02233E+00	1000010010	3.90742E+02	1000010010	3.90742E+02
9.67344E+00	1000010010	2.00474E+00	1000010010	2.00474E+00
6.83783E+00	1000010010	2.93312E+02	1000010010	2.93312E+02
6.57456E+00	1000010010	3.38107E+00	1000010010	3.38107E+00
2.11824E+00	1000010010	6.89401E+00	1000010010	6.89401E+00
9.82143E+00	1000010010	2.92815E+00	1000010010	2.92815E+00
1.68229E+00	1000010010	6.72974E+02	1000010010	6.72974E+02
3.61410E+00	1000010010	2.62528E+00	1000010010	2.62528E+00
2.16567E+00	1000010010	1.27210E+02	1000010010	1.27210E+02
6.13768E+00	1000010010	8.67272E+01	1000010010	8.67272E+01
6.60164E+00	1000010010	3.07910E+02	1000010010	3.07910E+02
7.87999E+00	1000010010	1.05662E+01	1000010010	1.05662E+01
4.35670E+00	1000010010	7.90932E+01	1000010010	7.90932E+01
3.13945E+00	1000010010	1.30988E+01	1000010010	1.30988E+01
2.09639E+00	1000010010	9.59988E+01	1000010010	9.59988E+01
7.61854E+00	1000010010	8.92892E+00	1000010010	8.92892E+00
4.54958E+00	1000010010	5.10992E+01	1000010010	5.10992E+01
4.64034E+00	1000010010	1.76148E+01	1000010010	1.76148E+01
1.84393E-01	1000010010	4.29207E+00	1000010010	4.29207E+00
7.34407E+00	1000010010	4.82423E+02	1000010010	4.82423E+02
7.91907E+00	1000010010	1.61359E+01	1000010010	1.61359E+01
9.28194E+00	1000010010	6.70214E+02	1000010010	6.70214E+02
4.95103E+00	1000010010	4.85691E+01	1000010010	4.85691E+01
9.79669E+00	1000010010	4.95338E+00	1000010010	4.95338E+00
3.07210E-01	1000010010	4.55552E+00	1000010010	4.55552E+00
5.46067E+00	1000010010	2.31183E+02	1000010010	2.31183E+02
9.09633E+00	1000010010	1.57652E+01	1000010010	1.57652E+01
3.75699E+00	1000010010	1.91826E+02	1000010010	1.91826E+02
9.03959E+00	1000010010	2.70949E+01	1000010010	2.70949E+01
8.00250E+00	1000010010	1.57631E+00	1000010010	1.57631E+00
6.31198E+00	1000010010	3.47643E+02	1000010010	3.47643E+02
1.54911E-01	1000010010	1.68871E+01	1000010010	1.68871E+01
6.86026E+00	1000010010	3.60950E+02	1000010010	3.60950E+02
6.51388E+00	1000010010	2.52311E+02	1000010010	2.52311E+02
5.19642E+00	1000010010	1.37695E+01	1000010010	1.37695E+01
6.50373E+00	1000010010	3.40685E+01	1000010010	3.40685E+01
7.20603E+00	1000010010	2.13398E+02	1000010010	2.13398E+02
1.22311E+00	1000010010	1.60092E+01	1000010010	1.60092E+01
7.98672E+00	1000010010	5.70547E+01	1000010010	5.70547E+01
5.78576E+00	1000010010	7.10562E+01	1000010010	7.10562E+01
9.38392E+00	1000010010	2.72558E+01	1000010010	2.72558E+01
3.25508E+00	1000010010	2.16511E+02	1000010010	2.16511E+02
1.70051E+00	1000010010	1.47395E+02	1000010010	1.47395E+02
5.36813E+00	1000010010	5.80218E+00	1000010010	5.80218E+00
4.47354E+00	1000010010	7.72748E+02	1000010010	7.72748E+02
3.13551E-02	1000010010	2.50300E+00	1000010010	2.50300E+00
4.59150E-01	1000010010	1.44706E+02	1000010010	1.44706E+02
5.89219E-01	1000010010	4.91523E+01	1000010010	4.91523E+01
1.29764E+00	1000010010	2.07812E+01	1000010010	2.07812E+01
5.66972E+00	1000010010	2.10987E+02	1000010010	2.10987E+02
4.41095E+00	1000010010	5.35938E+02	1000010010	5.35938E+02
7.72582E-01	1000010010	2.56285E+00	1000010010	2.56285E+00
4.84570E+00	1000010010	4.24209E+01	1000010010	4.24209E+01
7.29533E+00	1000010010	3.13517E+02	1000010010	3.13517E+02
5.10031E+00	1000010010	2.05221E+00	1000010010	2.05221E+00
3.16469E-01	1000010010	5.07448E+00	1000010010	5.07448E+00
8.79070E+00	1000010010	1.22343E+01	1000010010	1.22343E+01
1.95018E+00	1000010010	2.23048E+01	1000010010	2.23048E+01
7.19295E+00	1000010010	6.57883E+01	1000010010	6.57883E+01
2.90098E+00	1000010010	9.78256E+01	1000010010	9.78256E+01
8.71012E+00	1000010010	7.96989E+01	1000010010	7.96989E+01
4.89893E+00	1000010010	3.82064E+00	1000010010	3.82064E+00
2.76711E+00	1000010010	4.49676E+02	1000010010	4.49676E+02
7.64228E+00	1000010010	2.53084E+00	1000010010	2.53084E+00
7.41715E+00	1000010010	3.85229E+01	1000010010	3.85229E+01
3.91510E+00	1000010010	1.41310E+00	1000010010	1.41310E+00
9.44518E+00	1000010010	1.57901E+02	1000010010	1.57901E+02
1.42329E+00	1000010010	7.77017E+02	1000010010	7.77017E+02
7.80967E+00	1000010010	9.50359E+00	1000010010	9.50359E+00
6.38671E-03	1000010010	5.17838E+00	1000010010	5.17838E+00
5.26034E+00	1000010010	2.05450E+01	1000010010	2.05450E+01
6.76499E+00	1000010010	2.80569E+01	1000010010	2.80569E+01
7.56415E+00	1000010010	4.38224E+01	1000010010	4.38224E+01
4.10667E+00	1000010010	3.29427E+01	1000010010	3.29427E+01
9.69729E+00	1000010010	9.03711E+02	1000010010	9.03711E+02
1.95448E+00	1000010010	1.10105E+00	1000010010	1.10105E+00
6.02114E+00	1000010010	7.06882E+01	1000010010	7.06882E+01
2.30170E+00	1000010010	9.24845E+01	1000010010	9.24845E+01
6.25467E+00	1000010010	6.85330E+01	1000010010	6.85330E+01
7.46718E+00	1000010010	3.83430E+01	1000010010	3.83430E+01
6.21555E+00	1000010010	8.07136E+00	1000010010	8.07136E+00
7.15452E+00	1000010010	1.44570E+00	1000010010	1.44570E+00
6.58621E+00	1000010010	5.92434E+02	1000010010	5.92434E+02
8.43464E+00	1000010010	6.90964E+01	1000010010	6.90964E+01
4.45536E-01	1000010010	2.10083E+01	1000010010	2.10083E+01
4.98282E+00	1000010010	3.77110E+01	1000010010	3.77110E+01
9.57229E+00	1000010010	6.35139E+02	1000010010	6.35139E+02
1.11647E+00	1000010010	2.09977E+00	1000010010	2.09977E+00
9.65413E+00	1000010010	2.68271E+00	1000010010	2.68271E+00
6.09165E+00	1000010010	1.13572E+02	1000010010	1.13572E+02
3.53674E+00	1000010010	2.15325E+01	1000010010	2.15325E+01
7.42238E+00	1000010010	2.14847E+00	1000010010	2.14847E+00
3.78057E+00	1000010010	2.41925E+02	1000010010	2.41925E+02
5.56832E+00	1000010010	6.25394E+01	1000010010	6.25394E+01
7.68456E+00	1000010010	4.17200E+01	1000010010	4.17200E+01
2.03861E+00	1000010010	1.82031E+01	1000010010	1.82031E+01
8.97806E-01	1000010010	7.85299E+01	1000010010	7.85299E+01
6.20549E+00	1000010010	9.14120E+02	1000010010	9.14120E+02
8.69674E+00	1000010010	1.20556E+01	1000010010	1.20556E+01
4.66853E+00	1000010010	9.26878E+02	1000010010	9.26878E+02
7.77279E+00	1000010010	1.55922E+02	1000010010	1.55922E+02
5.43783E+00	1000010010	1.05168E+00	1000010010	1.05168E+00
2.45165E+00	1000010010	1.36218E+00	1000010010	1.36218E+00
3.61645E+00	1000010010	1.74982E+00	1000010010	1.74982E+00
2.33109E+00	1000010010	4.78307E+01	1000010010	4.78307E+01
9.44603E-01	1000010010	1.88491E+01	1000010010	1.88491E+01
2.21927E+00	1000010010	3.16151E+00	1000010010	3.16151E+00
9.26150E+00	1000010010	5.50319E+01	1000010010	5.50319E+01
9.13656E+00	1000010010	2.34254E+00	1000010010	2.34254E+00
6.18896E+00	1000010010	1.56103E+01	1000010010	1.56103E+01
9.41098E+00	1000010010	6.20553E+02	1000010010	6.20553E+02
7.76591E+00	1000010010	6.51058E+01	1000010010	6.51058E+01
2.28336E+00	1000010010	3.39653E+02	1000010010	3.39653E+02
2.13365E-01	1000010010	4.84052E+01	1000010010	4.84052E+01
2.07382E+00	1000010010	9.21544E+02	1000010010	9.21544E+02
3.91652E+00	1000010010	1.11769E+00	1000010010	1.11769E+00
5.10875E+00	1000010010	2.62670E+02	1000010010	2.62670E+02
1.07220E+00	1000010010	1.58785E+02	1000010010	1.58785E+02
4.37262E+00	1000010010	4.56820E+02	1000010010	4.56820E+02
4.59154E+00	1000010010	1.32116E+02	1000010010	1.32116E+02
1.37356E+00	1000010010	2.21026E+02	1000010010	2.21026E+02
3.84533E+00	1000010010	5.08922E+01	1000010010	5.08922E+01
5.39055E+00	1000010010	5.40569E+02	1000010010	5.40569E+02
8.15019E+00	1000010010	2.13002E+00	1000010010	2.13002E+00
8.16770E+00	1000010010	3.36337E+00	1000010010	3.36337E+00
8.13107E+00	1000010010	1.79457E+02	1000010010	1.79457E+02
8.01210E+00	1000010010	6.55454E+02	1000010010	6.55454E+02
7.35280E+00	1000010010	4.23283E+01	1000010010	4.23283E+01
5.27687E+00	1000010010	1.18124E+01	1000010010	1.18124E+01
2.60370E+00	1000010010	2.02978E+02	1000010010	2.02978E+02
3.84100E-01	1000010010	1.33100E+00	1000010010	1.33100E+00
5.15033E+00	1000010010	3.59581E+01	1000010010	3.59581E+01
3.54646E+00	1000010010	1.45503E+02	1000010010	1.45503E+02
2.66998E+00	1000010010	1.20869E+00	1000010010	1.20869E+00
6.98732E+00	1000010010	3.70664E+02	1000010010	3.70664E+02
2.54582E+00	1000010010	1.04088E+00	1000010010	1.04088E+00
9.06013E+00	1000010010	1.93840E+00	1000010010	1.93840E+00
6.23011E+00	1000010010	1.53446E+00	1000010010	1.53446E+00
4.88244E+00	1000010010	3.81769E+00	1000010010	3.81769E+00
9.55936E+00	1000010010	1.54551E+00	1000010010	1.54551E+00
2.82635E+00	1000010010	4.64742E+01	1000010010	4.64742E+01
4.45903E+00	1000010010	6.99961E+00	1000010010	6.99961E+00
2.26252E+00	1000010010	1.76031E+00	1000010010	1.76031E+00
2.23197E+00	1000010010	9.05940E+00	1000010010	9.05940E+00
8.49508E+00	1000010010	8.09402E+00	1000010010	8.09402E+00
5.22308E+00	1000010010	1.20727E+00	1000010010	1.20727E+00
2.89828E+00	1000010010	4.65697E+02	1000010010	4.65697E+02
6.38228E-02	1000010010	1.25976E+00	1000010010	1.25976E+00
4.38720E+00	1000010010	2.13898E+02	1000010010	2.13898E+02
9.83794E-01	1000010010	1.32335E+00	1000010010	1.32335E+00
9.95842E+00	1000010010	1.14133E+00	1000010010	1.14133E+00
4.11836E+00	1000010010	1.09644E+00	1000010010	1.09644E+00
9.37457E+00	1000010010	9.53115E+01	1000010010	9.53115E+01
4.52696E+00	1000010010	7.96018E+01	1000010010	7.96018E+01
7.57502E+00	1000010010	6.02945E+02	1000010010	6.02945E+02
5.53838E+00	1000010010	3.50025E+01	1000010010	3.50025E+01
2.65342E+00	1000010010	4.85976E+01	1000010010	4.85976E+01
8.69082E+00	1000010010	5.54332E+00	1000010010	5.54332E+00
7.90164E+00	1000010010	9.23810E+01	1000010010	9.23810E+01
7.10357E+00	1000010010	7.74459E+00	1000010010	7.74459E+00
3.77592E+00	1000010010	3.52712E+01	1000010010	3.52712E+01
1.54455E+00	1000010010	8.32712E+02	1000010010	8.32712E+02
6.11791E+00	1000010010	1.53945E+01	1000010010	1.53945E+01
6.06401E+00	1000010010	3.40795E+02	1000010010	3.40795E+02
7.60375E+00	1000010010	2.95542E+02	1000010010	2.95542E+02
4.80571E+00	1000010010	5.44042E+01	1000010010	5.44042E+01
2.13404E+00	1000010010	5.02442E+00	1000010010	5.02442E+00
9.99133E+00	1000010010	6.69147E+01	1000010010	6.69147E+01
1.77657E+00	1000010010	1.36376E+02	1000010010	1.36376E+02
5.43080E+00	1000010010	2.97176E+02	1000010010	2.97176E+02
1.49645E+00	1000010010	2.19545E+02	1000010010	2.19545E+02
3.71891E+00	1000010010	3.69674E+00	1000010010	3.69674E+00
9.03074E+00	1000010010	1.22515E+02	1000010010	1.22515E+02
4.47255E+00	1000010010	2.53149E+00	1000010010	2.53149E+00
8.37599E+00	1000010010	9.18554E+01	1000010010	9.18554E+01
6.78782E+00	1000010010	1.58565E+02	1000010010	1.58565E+02
3.09937E+00	1000010010	2.45392E+02	1000010010	2.45392E+02
5.60337E+00	1000010010	9.16036E+01	1000010010	9.16036E+01
1.34871E+00	1000010010	1.22472E+00	1000010010	1.22472E+00
5.88123E+00	1000010010	1.39605E+00	1000010010	1.39605E+00
4.69075E+00	1000010010	3.43058E+01	1000010010	3.43058E+01
3.93996E+00	1000010010	1.72443E+02	1000010010	1.72443E+02
4.13774E+00	1000010010	7.04788E+02	1000010010	7.04788E+02
9.77302E+00	1000010010	2.85916E+00	1000010010	2.85916E+00
7.63439E+00	1000010010	7.64064E+01	1000010010	7.64064E+01
4.19131E-01	1000010010	9.18919E+00	1000010010	9.18919E+00
4.27778E+00	1000010010	4.15180E+02	1000010010	4.15180E+02
7.77161E+00	1000010010	7.16179E+00	1000010010	7.16179E+00
2.10497E+00	1000010010	3.25056E+01	1000010010	3.25056E+01
7.75069E-02	1000010010	6.03286E+00	1000010010	6.03286E+00
5.33921E+00	1000010010	2.19735E+02	1000010010	2.19735E+02
4.00879E+00	1000010010	4.91630E+00	1000010010	4.91630E+00
7.39616E+00	1000010010	1.50708E+01	1000010010	1.50708E+01
6.69386E+00	1000010010	1.40108E+00	1000010010	1.40108E+00
8.24539E+00	1000010010	4.29016E+02	1000010010	4.29016E+02
9.38043E-01	1000010010	1.00576E+02	1000010010	1.00576E+02
4.94497E-01	1000010010	7.52842E+00	1000010010	7.52842E+00
4.45159E+00	1000010010	4.73857E+01	1000010010	4.73857E+01
8.88164E+00	1000010010	4.66053E+00	1000010010	4.66053E+00
5.38769E+00	1000010010	1.77150E+02	1000010010	1.77150E+02
5.06196E+00	1000010010	7.02145E+02	1000010010	7.02145E+02
4.53539E+00	1000010010	8.25851E+00	1000010010	8.25851E+00
9.74903E+00	1000010010	2.66628E+02	1000010010	2.66628E+02
3.74455E+00	1000010010	6.69530E+00	1000010010	6.69530E+00
2.89591E+00	1000010010	8.64545E+02	1000010010	8.64545E+02
4.01426E+00	1000010010	1.79122E+00	1000010010	1.79122E+00
1.32614E+00	1000010010	3.75366E+02	1000010010	3.75366E+02
8.03066E+00	1000010010	1.12264E+01	1000010010	1.12264E+01
8.46694E+00	1000010010	4.71233E+00	1000010010	4.71233E+00
9.59711E+00	1000010010	2.22133E+01	1000010010	2.22133E+01
7.91422E+00	1000010010	8.74799E+01	1000010010	8.74799E+01
8.95970E+00	1000010010	1.97443E+00	1000010010	1.97443E+00
9.57962E+00	1000010010	1.70026E+02	1000010010	1.70026E+02
2.85790E-01	1000010010	3.13439E+00	1000010010	3.13439E+00
8.74931E+00	1000010010	3.79200E+02	1000010010	3.79200E+02
6.32982E-01	1000010010	2.84526E+00	1000010010	2.84526E+00
7.87566E+00	1000010010	1.61562E+02	1000010010	1.61562E+02
1.53762E+00	1000010010	1.28754E+01	1000010010	1.28754E+01
8.92794E+00	1000010010	4.36593E+00	1000010010	4.36593E+00
9.40085E+00	1000010010	1.96382E+02	1000010010	1.96382E+02
4.11512E+00	1000010010	3.65988E+01	1000010010	3.65988E+01
2.83597E+00	1000010010	1.45885E+00	1000010010	1.45885E+00
5.80775E+00	1000010010	2.12024E+00	1000010010	2.12024E+00
6.98856E+00	1000010010	1.67620E+00	1000010010	1.67620E+00
2.94727E-01	1000010010	2.19819E+01	1000010010	2.19819E+01
7.91667E+00	1000010010	3.23649E+01	1000010010	3.23649E+01
3.09751E+00	1000010010	9.99593E+02	1000010010	9.99593E+02
5.71062E+00	1000010010	3.94280E+00	1000010010	3.94280E+00
3.83765E+00	1000010010	2.18642E+02	1000010010	2.18642E+02
9.32367E+00	1000010010	3.10025E+02	1000010010	3.10025E+02
2.24068E+00	1000010010	1.11774E+00	1000010010	1.11774E+00
6.24618E+00	1000010010	2.40175E+00	1000010010	2.40175E+00
3.37759E+00	1000010010	4.88324E+01	1000010010	4.88324E+01
7.55033E+00	1000010010	2.30982E+00	1000010010	2.30982E+00
7.09914E+00	1000010010	2.96443E+00	1000010010	2.96443E+00
9.67345E+00	1000010010	7.12734E+01	1000010010	7.12734E+01
2.10646E+00	1000010010	4.06052E+02	1000010010	4.06052E+02
2.80537E+00	1000010010	6.89506E+02	1000010010	6.89506E+02
3.76263E+00	1000010010	1.60050E+02	1000010010	1.60050E+02
9.73930E+00	1000010010	5.92217E+02	1000010010	5.92217E+02
3.97520E+00	1000010010	9.72480E+02	1000010010	9.72480E+02
2.85484E+00	1000010010	1.34996E+02	1000010010	1.34996E+02
7.32362E+00	1000010010	1.62767E+02	1000010010	1.62767E+02
8.16614E+00	1000010010	1.47900E+00	1000010010	1.47900E+00
5.87362E+00	1000010010	1.73485E+01	1000010010	1.73485E+01
7.57301E+00	1000010010	6.28387E+00	1000010010	6.28387E+00
8.48117E-01	1000010010	7.77649E+02	1000010010	7.77649E+02
6.76139E+00	1000010010	5.27682E+01	1000010010	5.27682E+01
7.47154E+00	1000010010	1.29677E+01	1000010010	1.29677E+01
3.35924E+00	1000010010	1.09182E+00	1000010010	1.09182E+00
2.50752E+00	1000010010	1.71839E+01	1000010010	1.71839E+01
2.67812E+00	1000010010	1.81021E+00	1000010010	1.81021E+00
7.96818E+00	1000010010	1.67477E+02	1000010010	1.67477E+02
3.10405E+00	1000010010	1.65365E+00	1000010010	1.65365E+00
6.70305E+00	1000010010	3.95637E+01	1000010010	3.95637E+01
3.48025E+00	1000010010	1.12348E+00	1000010010	1.12348E+00
8.00973E+00	1000010010	1.39696E+00	1000010010	1.39696E+00
8.41755E+00	1000010010	2.18653E+02	1000010010	2.18653E+02
2.38801E+00	1000010010	4.72404E+01	1000010010	4.72404E+01
3.92060E+00	1000010010	6.42872E+01	1000010010	6.42872E+01
4.40398E-01	1000010010	5.93909E+01	1000010010	5.93909E+01
8.48659E+00	1000010010	3.45468E+02	1000010010	3.45468E+02
9.04752E+00	1000010010	9.87304E+02	1000010010	9.87304E+02
1.84613E+00	1000010010	5.38797E+02	1000010010	5.38797E+02
7.41702E+00	1000010010	2.65344E+02	1000010010	2.65344E+02
6.79345E+00	1000010010	4.05358E+00	1000010010	4.05358E+00
9.32170E+00	1000010010	1.00853E+02	1000010010	1.00853E+02
6.48551E+00	1000010010	1.65846E+01	1000010010	1.65846E+01
6.11818E+00	1000010010	2.12703E+01	1000010010	2.12703E+01
6.93741E+00	1000010010	2.04081E+00	1000010010	2.04081E+00
3.29232E+00	1000010010	3.30909E+02	1000010010	3.30909E+02
8.59822E+00	1000010010	5.48641E+02	1000010010	5.48641E+02
4.64917E+00	1000010010	5.81636E+02	1000010010	5.81636E+02
5.40320E+00	1000010010	4.02562E+00	1000010010	4.02562E+00
2.84347E+00	1000010010	7.85706E+02	1000010010	7.85706E+02
2.60572E+00	1000010010	7.47287E+01	1000010010	7.47287E+01
3.95263E+00	1000010010	1.87950E+01	1000010010	1.87950E+01
2.66831E+00	1000010010	1.42088E+02	1000010010	1.42088E+02
9.60812E+00	1000010010	3.91734E+01	1000010010	3.91734E+01
9.31111E-01	1000010010	5.57476E+02	1000010010	5.57476E+02
4.02368E+00	1000010010	6.23969E+01	1000010010	6.23969E+01
4.89375E+00	1000010010	2.52533E+00	1000010010	2.52533E+00
4.02495E+00	1000010010	9.20942E+02	1000010010	9.20942E+02
5.85743E+00	1000010010	3.53322E+01	1000010010	3.53322E+01
8.91236E+00	1000010010	1.12430E+01	1000010010	1.12430E+01
2.78248E+00	1000010010	6.20479E+01	1000010010	6.20479E+01
8.02247E+00	1000010010	4.48557E+01	1000010010	4.48557E+01
3.28761E+00	1000010010	1.92811E+01	1000010010	1.92811E+01
2.93810E+00	1000010010	2.09156E+02	1000010010	2.09156E+02
4.39900E+00	1000010010	5.02508E+01	1000010010	5.02508E+01
7.30961E+00	1000010010	1.78439E+01	1000010010	1.78439E+01
2.89731E+00	1000010010	1.79160E+02	1000010010	1.79160E+02
3.75024E+00	1000010010	3.79671E+02	1000010010	3.79671E+02
8.73727E+00	1000010010	2.40226E+00	1000010010	2.40226E+00
2.79761E+00	1000010010	3.25422E+00	1000010010	3.25422E+00
2.33990E+00	1000010010	3.14622E+00	1000010010	3.14622E+00
4.59764E+00	1000010010	4.57949E+02	1000010010	4.57949E+02
2.98400E-01	1000010010	1.67191E+00	1000010010	1.67191E+00
7.63096E+00	1000010010	3.84191E+00	1000010010	3.84191E+00
6.18548E+00	1000010010	5.15555E+00	1000010010	5.15555E+00
2.56839E-01	1000010010	5.48899E+02	1000010010	5.48899E+02
6.76381E+00	1000010010	8.59862E+00	1000010010	8.59862E+00
6.77735E+00	1000010010	6.16162E+00	1000010010	6.16162E+00
7.69038E+00	1000010010	3.02350E+00	1000010010	3.02350E+00
3.99237E+00	1000010010	2.63205E+02	1000010010	2.63205E+02
6.27450E+00	1000010010	1.76783E+00	1000010010	1.76783E+00
5.83571E+00	1000010010	7.04634E+01	1000010010	7.04634E+01
5.91961E+00	1000010010	4.67822E+00	1000010010	4.67822E+00
7.96029E+00	1000010010	1.00547E+00	1000010010	1.00547E+00
3.84834E+00	1000010010	1.39353E+00	1000010010	1.39353E+00
5.88064E-01	1000010010	1.41676E+00	1000010010	1.41676E+00
8.24009E+00	1000010010	6.49276E+00	1000010010	6.49276E+00
8.72686E+00	1000010010	6.98926E+01	1000010010	6.98926E+01
8.02269E+00	1000010010	3.78974E+01	1000010010	3.78974E+01
5.83240E+00	1000010010	2.48243E+00	1000010010	2.48243E+00
1.12239E+00	1000010010	5.52207E+00	1000010010	5.52207E+00
5.26680E-02	1000010010	2.40920E+02	1000010010	2.40920E+02
5.23090E+00	1000010010	3.68473E+02	1000010010	3.68473E+02
9.20371E+00	1000010010	4.31937E+01	1000010010	4.31937E+01
2.98928E+00	1000010010	1.43756E+01	1000010010	1.43756E+01
6.09000E+00	1000010010	1.23159E+02	1000010010	1.23159E+02
8.04178E+00	1000010010	1.12179E+02	1000010010	1.12179E+02
7.37614E+00	1000010010	6.03838E+00	1000010010	6.03838E+00
6.23622E+00	1000010010	2.79036E+00	1000010010	2.79036E+00
6.41013E+00	1000010010	6.95173E+02	1000010010	6.95173E+02
5.14132E+00	1000010010	2.69554E+02	1000010010	2.69554E+02
7.52921E+00	1000010010	2.08762E+02	1000010010	2.08762E+02
4.26022E+00	1000010010	3.37911E+00	1000010010	3.37911E+00
7.48627E-01	1000010010	1.18103E+02	1000010010	1.18103E+02
5.25590E+00	1000010010	1.29731E+01	1000010010	1.29731E+01
2.76756E+00	1000010010	1.69571E+02	1000010010	1.69571E+02
6.00952E+00	1000010010	7.88602E+00	1000010010	7.88602E+00
4.99371E+00	1000010010	6.18582E+00	1000010010	6.18582E+00
1.98482E-01	1000010010	8.32803E+00	1000010010	8.32803E+00
8.86429E+00	1000010010	6.37453E+00	1000010010	6.37453E+00
6.10591E+00	1000010010	4.70417E+00	1000010010	4.70417E+00
2.51111E+00	1000010010	6.20060E+02	1000010010	6.20060E+02
7.94594E+00	1000010010	2.95522E+02	1000010010	2.95522E+02
5.47208E+00	1000010010	2.59852E+02	1000010010	2.59852E+02
1.01214E+00	1000010010	4.87010E+01	1000010010	4.87010E+01
5.76337E+00	1000010010	7.75475E+02	1000010010	7.75475E+02
2.91116E+00	1000010010	2.17864E+00	1000010010	2.17864E+00
8.39130E+00	1000010010	9.08032E+00	1000010010	9.08032E+00
2.72816E+00	1000010010	4.37883E+02	1000010010	4.37883E+02
4.14581E+00	1000010010	1.74831E+01	1000010010	1.74831E+01
4.74154E+00	1000010010	4.10415E+02	1000010010	4.10415E+02
8.91749E+00	1000010010	2.08197E+01	1000010010	2.08197E+01
1.53684E+00	1000010010	1.21288E+02	1000010010	1.21288E+02
4.14950E+00	1000010010	2.76445E+01	1000010010	2.76445E+01
1.67258E+00	1000010010	8.46399E+01	1000010010	8.46399E+01
9.96025E+00	1000010010	6.33381E+02	1000010010	6.33381E+02
1.62238E+00	1000010010	7.27659E+00	1000010010	7.27659E+00
9.38546E+00	1000010010	3.78685E+01	1000010010	3.78685E+01
9.04848E-01	1000010010	3.88610E+02	1000010010	3.88610E+02
2.93943E+00	1000010010	2.36766E+01	1000010010	2.36766E+01
8.13291E+00	1000010010	2.11231E+02	1000010010	2.11231E+02
6.21641E+00	1000010010	5.44840E+02	1000010010	5.44840E+02
4.87907E+00	1000010010	2.33147E+01	1000010010	2.33147E+01
8.40276E+00	1000010010	1.42288E+01	1000010010	1.42288E+01
3.04179E+00	1000010010	1.28475E+00	1000010010	1.28475E+00
5.67173E+00	1000010010	9.76902E+01	1000010010	9.76902E+01
8.22159E-01	1000010010	3.58244E+00	1000010010	3.58244E+00
3.05227E+00	1000010010	3.59194E+00	1000010010	3.59194E+00
6.91865E+00	1000010010	6.74418E+01	1000010010	6.74418E+01
2.81524E+00	1000010010	6.30940E+01	1000010010	6.30940E+01
1.43707E+00	1000010010	2.91431E+00	1000010010	2.91431E+00
1.16654E+00	1000010010	7.03785E+02	1000010010	7.03785E+02
3.69351E+00	1000010010	1.85989E+00	1000010010	1.85989E+00
1.91090E+00	1000010010	4.84489E+02	1000010010	4.84489E+02
8.42945E+00	1000010010	5.87722E+02	1000010010	5.87722E+02
7.09583E+00	1000010010	6.24875E+01	1000010010	6.24875E+01
8.61405E+00	1000010010	2.49096E+02	1000010010	2.49096E+02
1.87969E+00	1000010010	1.79664E+00	1000010010	1.79664E+00
1.54180E+00	1000010010	6.27994E+01	1000010010	6.27994E+01
9.15633E+00	1000010010	5.60407E+02	1000010010	5.60407E+02
8.43882E+00	1000010010	1.26887E+01	1000010010	1.26887E+01
7.87076E+00	1000010010	2.19352E+01	1000010010	2.19352E+01
1.38076E+00	1000010010	2.70436E+02	1000010010	2.70436E+02
6.83464E+00	1000010010	3.75548E+01	1000010010	3.75548E+01
8.41440E+00	1000010010	4.19793E+01	1000010010	4.19793E+01
3.89957E-01	1000010010	1.51150E+02	1000010010	1.51150E+02
1.88879E+00	1000010010	2.11921E+02	1000010010	2.11921E+02
5.56157E+00	1000010010	6.20535E+01	1000010010	6.20535E+01
8.17388E+00	1000010010	1.88769E+02	1000010010	1.88769E+02
8.58779E+00	1000010010	4.62300E+01	1000010010	4.62300E+01
1.46352E-01	1000010010	1.35302E+01	1000010010	1.35302E+01
9.69785E+00	1000010010	9.01711E+02	1000010010	9.01711E+02
2.91400E+00	1000010010	1.72981E+01	1000010010	1.72981E+01
3.60988E+00	1000010010	1.48371E+02	1000010010	1.48371E+02
8.75430E+00	1000010010	9.08363E+02	1000010010	9.08363E+02
5.00480E+00	1000010010	6.38917E+01	1000010010	6.38917E+01
3.51405E+00	1000010010	3.21992E+00	1000010010	3.21992E+00
4.29441E+00	1000010010	1.04025E+01	1000010010	1.04025E+01
3.02829E+00	1000010010	2.30809E+00	1000010010	2.30809E+00
1.18828E-01	1000010010	6.52729E+02	1000010010	6.52729E+02
6.86725E+00	1000010010	1.04134E+01	1000010010	1.04134E+01
2.33635E+00	1000010010	1.09930E+00	1000010010	1.09930E+00
6.11674E+00	1000010010	5.52614E+01	1000010010	5.52614E+01
4.08688E+00	1000010010	5.77147E+01	1000010010	5.77147E+01
2.03633E+00	1000010010	2.13826E+00	1000010010	2.13826E+00
5.38678E+00	1000010010	5.06715E+02	1000010010	5.06715E+02
3.20823E+00	1000010010	2.24609E+01	1000010010	2.24609E+01
6.12383E+00	1000010010	7.01851E+01	1000010010	7.01851E+01
7.69714E+00	1000010010	3.61048E+00	1000010010	3.61048E+00
6.71323E+00	1000010010	1.11293E+02	1000010010	1.11293E+02
7.05793E+00	1000010010	1.64171E+00	1000010010	1.64171E+00
8.20379E+00	1000010010	9.99095E+00	1000010010	9.99095E+00
5.06629E+00	1000010010	7.63576E+00	1000010010	7.63576E+00
4.26139E+00	1000010010	2.57489E+02	1000010010	2.57489E+02
9.89050E+00	1000010010	4.09454E+00	1000010010	4.09454E+00
3.58887E+00	1000010010	1.89042E+02	1000010010	1.89042E+02
2.86966E+00	1000010010	2.62931E+00	1000010010	2.62931E+00
9.03274E-02	1000010010	2.24616E+00	1000010010	2.24616E+00
1.66428E+00	1000010010	1.93226E+01	1000010010	1.93226E+01
6.00744E-01	1000010010	3.07678E+01	1000010010	3.07678E+01
5.72603E+00	1000010010	8.40554E+00	1000010010	8.40554E+00
9.81620E+00	1000010010	1.24113E+02	1000010010	1.24113E+02
8.11626E+00	1000010010	1.03110E+00	1000010010	1.03110E+00
2.05399E+00	1000010010	4.71104E+02	1000010010	4.71104E+02
6.80895E+00	1000010010	3.50005E+00	1000010010	3.50005E+00
1.90711E+00	1000010010	1.39023E+00	1000010010	1.39023E+00
8.65057E+00	1000010010	1.23869E+01	1000010010	1.23869E+01
9.43467E+00	1000010010	2.47898E+01	1000010010	2.47898E+01
7.68968E+00	1000010010	4.50980E+01	1000010010	4.50980E+01
6.03778E+00	1000010010	8.73430E+01	1000010010	8.73430E+01
4.08189E+00	1000010010	8.91049E+00	1000010010	8.91049E+00
6.11186E+00	1000010010	3.83379E+01	1000010010	3.83379E+01
6.12279E+00	1000010010	9.43380E+01	1000010010	9.43380E+01
6.90362E+00	1000010010	2.13060E+01	1000010010	2.13060E+01
3.41810E+00	1000010010	3.14536E+00	1000010010	3.14536E+00
8.93846E+00	1000010010	2.94106E+02	1000010010	2.94106E+02
6.89011E+00	1000010010	5.92409E+00	1000010010	5.92409E+00
9.19522E-01	1000010010	4.60954E+02	1000010010	4.60954E+02
7.46650E+00	1000010010	1.10667E+00	1000010010	1.10667E+00
2.94398E+00	1000010010	6.86312E+01	1000010010	6.86312E+01
3.78920E+00	1000010010	2.60279E+01	1000010010	2.60279E+01
3.40767E+00	1000010010	3.19495E+01	1000010010	3.19495E+01
7.33584E+00	1000010010	9.20859E+02	1000010010	9.20859E+02
4.27028E+00	1000010010	7.18905E+02	1000010010	7.18905E+02
6.71194E+00	1000010010	1.58832E+02	1000010010	1.58832E+02
4.07030E+00	1000010010	1.14433E+00	1000010010	1.14433E+00
8.95088E+00	1000010010	2.02326E+01	1000010010	2.02326E+01
4.63328E+00	1000010010	1.76558E+00	1000010010	1.76558E+00
7.13905E+00	1000010010	6.00771E+01	1000010010	6.00771E+01
1.33365E+00	1000010010	1.70419E+00	1000010010	1.70419E+00
4.31865E+00	1000010010	1.99582E+02	1000010010	1.99582E+02
2.32899E+00	1000010010	4.65937E+00	1000010010	4.65937E+00
5.47336E+00	1000010010	6.05754E+00	1000010010	6.05754E+00
7.86403E+00	1000010010	1.41719E+00	1000010010	1.41719E+00
6.37631E+00	1000010010	3.86465E+01	1000010010	3.86465E+01
3.52908E+00	1000010010	5.46672E+00	1000010010	5.46672E+00
6.80945E+00	1000010010	3.33238E+00	1000010010	3.33238E+00
2.67558E-01	1000010010	3.48828E+02	1000010010	3.48828E+02
3.44160E+00	1000010010	7.23001E+00	1000010010	7.23001E+00
8.32902E+00	1000010010	1.79143E+01	1000010010	1.79143E+01
8.83519E+00	1000010010	1.92253E+01	1000010010	1.92253E+01
3.46079E+00	1000010010	2.04522E+02	1000010010	2.04522E+02
2.25283E+00	1000010010	2.76251E+01	1000010010	2.76251E+01
1.56989E+00	1000010010	6.91571E+00	1000010010	6.91571E+00
9.51636E+00	1000010010	1.44971E+02	1000010010	1.44971E+02
6.70520E+00	1000010010	2.07918E+01	1000010010	2.07918E+01
9.65798E+00	1000010010	8.09929E+00	1000010010	8.09929E+00
1.52523E+00	1000010010	7.40488E+01	1000010010	7.40488E+01
9.65620E+00	1000010010	4.71623E+02	1000010010	4.71623E+02
8.23181E+00	1000010010	4.77340E+01	1000010010	4.77340E+01
3.13823E+00	1000010010	1.00976E+00	1000010010	1.00976E+00
1.76300E+00	1000010010	3.87172E+01	1000010010	3.87172E+01
5.32130E+00	1000010010	5.54432E+01	1000010010	5.54432E+01
2.57961E+00	1000010010	4.61769E+01	1000010010	4.61769E+01
6.62664E+00	1000010010	7.91684E+00	1000010010	7.91684E+00
6.01518E+00	1000010010	2.68002E+00	1000010010	2.68002E+00
2.04011E-01	1000010010	1.09553E+00	1000010010	1.09553E+00
8.51282E+00	1000010010	1.82793E+01	1000010010	1.82793E+01
5.75758E-01	1000010010	1.89940E+00	1000010010	1.89940E+00
5.22665E+00	1000010010	4.00046E+02	1000010010	4.00046E+02
1.96379E+00	1000010010	9.24333E+01	1000010010	9.24333E+01
2.92096E+00	1000010010	1.47459E+00	1000010010	1.47459E+00
3.12488E+00	1000010010	1.51484E+01	1000010010	1.51484E+01
8.06888E+00	1000010010	9.20080E+01	1000010010	9.20080E+01
7.08799E+00	1000010010	3.98308E+02	1000010010	3.98308E+02
7.75828E+00	1000010010	2.69404E+00	1000010010	2.69404E+00
6.04192E+00	1000010010	5.23833E+02	1000010010	5.23833E+02
1.29350E-01	1000010010	3.67847E+00	1000010010	3.67847E+00
8.28270E+00	1000010010	1.51004E+02	1000010010	1.51004E+02
1.48266E-01	1000010010	8.28023E+02	1000010010	8.28023E+02
5.63247E+00	1000010010	1.92572E+01	1000010010	1.92572E+01
9.50347E+00	1000010010	1.82540E+00	1000010010	1.82540E+00
1.82416E+00	1000010010	3.67381E+02	1000010010	3.67381E+02
8.94880E-01	1000010010	6.87967E+02	1000010010	6.87967E+02
8.73586E+00	1000010010	2.26928E+00	1000010010	2.26928E+00
1.99474E+00	1000010010	1.11830E+00	1000010010	1.11830E+00
9.11483E+00	1000010010	6.27686E+00	1000010010	6.27686E+00
4.28177E+00	1000010010	4.29776E+01	1000010010	4.29776E+01
7.60996E+00	1000010010	1.41373E+00	1000010010	1.41373E+00
9.32789E+00	1000010010	7.27887E+02	1000010010	7.27887E+02
5.58498E+00	1000010010	6.67235E+02	1000010010	6.67235E+02
5.61971E+00	1000010010	3.96864E+01	1000010010	3.96864E+01
8.85547E+00	1000010010	4.18547E+01	1000010010	4.18547E+01
8.67269E+00	1000010010	4.30330E+02	1000010010	4.30330E+02
7.93124E+00	1000010010	1.58572E+00	1000010010	1.58572E+00
3.42447E+00	1000010010	5.23013E+00	1000010010	5.23013E+00
7.61742E+00	1000010010	1.48953E+01	1000010010	1.48953E+01
2.99766E+00	1000010010	5.82323E+01	1000010010	5.82323E+01
3.23537E+00	1000010010	1.15706E+02	1000010010	1.15706E+02
9.15385E+00	1000010010	4.33725E+01	1000010010	4.33725E+01
2.09399E+00	1000010010	1.08198E+00	1000010010	1.08198E+00
2.13870E+00	1000010010	7.35415E+00	1000010010	7.35415E+00
3.00046E+00	1000010010	1.31877E+01	1000010010	1.31877E+01
3.39957E+00	1000010010	3.26398E+02	1000010010	3.26398E+02
9.73558E-01	1000010010	2.73719E+00	1000010010	2.73719E+00
7.12140E-01	1000010010	1.83423E+02	1000010010	1.83423E+02
1.58241E+00	1000010010	6.60365E+01	1000010010	6.60365E+01
5.20047E+00	1000010010	1.17619E+01	1000010010	1.17619E+01
9.78774E-01	1000010010	1.11708E+02	1000010010	1.11708E+02
1.10020E+00	1000010010	7.06716E+00	1000010010	7.06716E+00
6.26296E+00	1000010010	9.19017E+00	1000010010	9.19017E+00
8.50754E+00	1000010010	7.50429E+02	1000010010	7.50429E+02
3.01843E+00	1000010010	4.31027E+00	1000010010	4.31027E+00
6.77592E-01	1000010010	1.50393E+02	1000010010	1.50393E+02
7.83784E+00	1000010010	5.58122E+01	1000010010	5.58122E+01
6.57179E+00	1000010010	1.57201E+00	1000010010	1.57201E+00
2.47662E+00	1000010010	3.85780E+02	1000010010	3.85780E+02
2.73612E+00	1000010010	1.52602E+00	1000010010	1.52602E+00
1.90408E+00	1000010010	4.00246E+01	1000010010	4.00246E+01
7.65747E+00	1000010010	3.91638E+00	1000010010	3.91638E+00
1.66475E+00	1000010010	7.21850E+00	1000010010	7.21850E+00
8.99288E+00	1000010010	1.68817E+02	1000010010	1.68817E+02
1.23064E+00	1000010010	1.57496E+01	1000010010	1.57496E+01
3.58248E+00	1000010010	7.12123E+02	1000010010	7.12123E+02
8.79958E+00	1000010010	2.50065E+00	1000010010	2.50065E+00
4.36226E+00	1000010010	9.10814E+00	1000010010	9.10814E+00
1.97210E+00	1000010010	6.19616E+02	1000010010	6.19616E+02
7.46872E+00	1000010010	3.71624E+00	1000010010	3.71624E+00
7.53770E+00	1000010010	1.41514E+01	1000010010	1.41514E+01
3.63720E+00	1000010010	6.88654E+00	1000010010	6.88654E+00
2.13252E+00	1000010010	1.35565E+00	1000010010	1.35565E+00
3.14523E+00	1000010010	2.38876E+02	1000010010	2.38876E+02
6.09411E+00	1000010010	1.04749E+00	1000010010	1.04749E+00
4.29632E+00	1000010010	4.27147E+02	1000010010	4.27147E+02
8.12570E+00	1000010010	3.15575E+02	1000010010	3.15575E+02
7.12782E+00	1000010010	6.57669E+01	1000010010	6.57669E+01
2.72478E-01	1000010010	1.05570E+00	1000010010	1.05570E+00
5.46696E+00	1000010010	4.80320E+01	1000010010	4.80320E+01
7.13434E+00	1000010010	2.94018E+00	1000010010	2.94018E+00
6.97257E+00	1000010010	5.28609E+01	1000010010	5.28609E+01
6.16517E+00	1000010010	2.30161E+00	1000010010	2.30161E+00
6.40233E+00	1000010010	3.68312E+02	1000010010	3.68312E+02
7.98168E+00	1000010010	4.67941E+00	1000010010	4.67941E+00
1.94695E+00	1000010010	6.23113E+00	1000010010	6.23113E+00
1.29741E+00	1000010010	2.84120E+02	1000010010	2.84120E+02
6.42797E-01	1000010010	4.76822E+00	1000010010	4.76822E+00
1.68971E+00	1000010010	1.95977E+02	1000010010	1.95977E+02
4.24937E+00	1000010010	1.51448E+02	1000010010	1.51448E+02
1.96208E-01	1000010010	8.51446E+00	1000010010	8.51446E+00
4.76009E+00	1000010010	3.41334E+00	1000010010	3.41334E+00
2.59422E+00	1000010010	2.83716E+01	1000010010	2.83716E+01
3.94177E+00	1000010010	2.02049E+01	1000010010	2.02049E+01
4.64780E+00	1000010010	4.55985E+01	1000010010	4.55985E+01
6.79705E+00	1000010010	1.63403E+01	1000010010	1.63403E+01
9.00823E+00	1000010010	1.25047E+01	1000010010	1.25047E+01
9.97999E+00	1000010010	2.13960E+01	1000010010	2.13960E+01
7.05047E+00	1000010010	8.66666E+01	1000010010	8.66666E+01
4.77847E+00	1000010010	3.30813E+01	1000010010	3.30813E+01
7.34318E+00	1000010010	1.47575E+00	1000010010	1.47575E+00
2.69012E+00	1000010010	3.12522E+01	1000010010	3.12522E+01
5.69272E-01	1000010010	1.90693E+00	1000010010	1.90693E+00
7.68410E+00	1000010010	5.72904E+02	1000010010	5.72904E+02
8.17539E+00	1000010010	7.01803E+01	1000010010	7.01803E+01
5.11668E+00	1000010010	4.62823E+00	1000010010	4.62823E+00
6.12736E+00	1000010010	2.63346E+00	1000010010	2.63346E+00
7.16074E+00	1000010010	1.04584E+00	1000010010	1.04584E+00
4.08941E+00	1000010010	2.57058E+00	1000010010	2.57058E+00
1.17331E-01	1000010010	1.77099E+00	1000010010	1.77099E+00
6.07269E-01	1000010010	1.71009E+00	1000010010	1.71009E+00
4.19668E+00	1000010010	3.55579E+00	1000010010	3.55579E+00
1.91979E+00	1000010010	1.70842E+00	1000010010	1.70842E+00
3.06481E+00	1000010010	2.24993E+01	1000010010	2.24993E+01
8.09069E+00	1000010010	2.07440E+00	1000010010	2.07440E+00
4.76738E+00	1000010010	1.08185E+02	1000010010	1.08185E+02
9.38043E+00	1000010010	7.02698E+02	1000010010	7.02698E+02
1.06779E+00	1000010010	1.87365E+00	1000010010	1.87365E+00
3.88760E+00	1000010010	1.35807E+02	1000010010	1.35807E+02
4.83076E+00	1000010010	7.52010E+02	1000010010	7.52010E+02
9.37144E-01	1000010010	1.51505E+00	1000010010	1.51505E+00
2.08470E+00	1000010010	4.29969E+00	1000010010	4.29969E+00
3.77325E+00	1000010010	2.01425E+01	1000010010	2.01425E+01
8.83587E+00	1000010010	1.54203E+02	1000010010	1.54203E+02
8.50548E+00	1000010010	1.32138E+02	1000010010	1.32138E+02
9.19984E+00	1000010010	1.84580E+00	1000010010	1.84580E+00
8.35283E+00	1000010010	1.30890E+02	1000010010	1.30890E+02
9.35638E+00	1000010010	1.60621E+02	1000010010	1.60621E+02
8.29700E+00	1000010010	1.45176E+01	1000010010	1.45176E+01
9.87546E+00	1000010010	4.87878E+02	1000010010	4.87878E+02
6.70300E-01	1000010010	3.40992E+02	1000010010	3.40992E+02
3.10768E+00	1000010010	2.07468E+01	1000010010	2.07468E+01
7.98521E+00	1000010010	5.92181E+00	1000010010	5.92181E+00
5.95989E+00	1000010010	1.67798E+01	1000010010	1.67798E+01
9.55268E+00	1000010010	1.53334E+01	1000010010	1.53334E+01
8.45885E+00	1000010010	7.50397E+00	1000010010	7.50397E+00
7.25130E+00	1000010010	2.51424E+00	1000010010	2.51424E+00
5.67558E+00	1000010010	9.11473E+02	1000010010	9.11473E+02
6.67099E+00	1000010010	5.01975E+02	1000010010	5.01975E+02
9.47145E+00	1000010010	5.22013E+01	1000010010	5.22013E+01
7.20839E+00	1000010010	1.86541E+02	1000010010	1.86541E+02
5.56152E+00	1000010010	1.03577E+00	1000010010	1.03577E+00
6.53535E+00	1000010010	7.10170E+00	1000010010	7.10170E+00
7.25015E+00	1000010010	2.66328E+00	1000010010	2.66328E+00
6.76067E+00	1000010010	2.74099E+01	1000010010	2.74099E+01
8.22340E+00	1000010010	1.12344E+01	1000010010	1.12344E+01
3.67082E+00	1000010010	4.47906E+00	1000010010	4.47906E+00
1.64605E+00	1000010010	5.41425E+02	1000010010	5.41425E+02
9.10517E+00	1000010010	8.13858E+01	1000010010	8.13858E+01
2.22148E+00	1000010010	6.15448E+00	1000010010	6.15448E+00
2.57272E-01	1000010010	5.63178E+00	1000010010	5.63178E+00
5.09899E+00	1000010010	5.68452E+02	1000010010	5.68452E+02
7.65036E+00	1000010010	1.27576E+02	1000010010	1.27576E+02
8.71989E-01	1000010010	1.25333E+01	1000010010	1.25333E+01
4.31811E+00	1000010010	3.30874E+00	1000010010	3.30874E+00
4.82360E+00	1000010010	9.59364E+00	1000010010	9.59364E+00
6.59984E+00	1000010010	8.06284E+02	1000010010	8.06284E+02
1.50388E+00	1000010010	4.42124E+00	1000010010	4.42124E+00
4.02609E+00	1000010010	2.40484E+01	1000010010	2.40484E+01
2.73402E-01	1000010010	4.43068E+02	1000010010	4.43068E+02
3.43246E-02	1000010010	1.37527E+00	1000010010	1.37527E+00
3.55041E+00	1000010010	4.38454E+00	1000010010	4.38454E+00
3.41338E+00	1000010010	2.55081E+01	1000010010	2.55081E+01
3.83607E+00	1000010010	5.17003E+00	1000010010	5.17003E+00
5.79182E+00	1000010010	5.19747E+01	1000010010	5.19747E+01
8.13018E+00	1000010010	4.62114E+02	1000010010	4.62114E+02
3.13085E+00	1000010010	5.67194E+01	1000010010	5.67194E+01
5.01003E+00	1000010010	1.52038E+00	1000010010	1.52038E+00
4.49562E+00	1000010010	1.47794E+01	1000010010	1.47794E+01
7.46636E+00	1000010010	2.88563E+00	1000010010	2.88563E+00
1.72650E+00	1000010010	4.31121E+00	1000010010	4.31121E+00
2.08984E-01	1000010010	8.87519E+01	1000010010	8.87519E+01
3.82049E-01	1000010010	8.03324E+02	1000010010	8.03324E+02
1.73445E+00	1000010010	1.61179E+02	1000010010	1.61179E+02
7.21628E-01	1000010010	4.44826E+01	1000010010	4.44826E+01
9.25875E+00	1000010010	1.31059E+02	1000010010	1.31059E+02
2.34756E+00	1000010010	1.04076E+00	1000010010	1.04076E+00
5.39737E+00	1000010010	3.01865E+02	1000010010	3.01865E+02
4.77500E-01	1000010010	2.92877E+00	1000010010	2.92877E+00
4.88342E+00	1000010010	1.20198E+01	1000010010	1.20198E+01
1.56529E+00	1000010010	2.90855E+00	1000010010	2.90855E+00
6.46559E+00	1000010010	3.24744E+02	1000010010	3.24744E+02
6.80102E+00	1000010010	2.25782E+02	1000010010	2.25782E+02
5.22674E-01	1000010010	2.64020E+01	1000010010	2.64020E+01
5.92660E+00	1000010010	3.44453E+00	1000010010	3.44453E+00
5.19930E+00	1000010010	1.63777E+02	1000010010	1.63777E+02
5.20421E+00	1000010010	6.86015E+00	1000010010	6.86015E+00
5.61947E+00	1000010010	4.35911E+00	1000010010	4.35911E+00
6.80411E+00	1000010010	6.97270E+00	1000010010	6.97270E+00
3.45257E-01	1000010010	7.28367E+02	1000010010	7.28367E+02
9.54070E+00	1000010010	5.48267E+00	1000010010	5.48267E+00
4.05402E+00	1000010010	3.59242E+02	1000010010	3.59242E+02
9.31933E+00	1000010010	2.90211E+00	1000010010	2.90211E+00
6.30649E-01	1000010010	8.75410E+02	1000010010	8.75410E+02
3.17178E+00	1000010010	2.63402E+02	1000010010	2.63402E+02
6.42292E+00	1000010010	2.68780E+01	1000010010	2.68780E+01
7.94345E-01	1000010010	2.08066E+02	1000010010	2.08066E+02
2.94039E+00	1000010010	4.37306E+00	1000010010	4.37306E+00
3.37351E+00	1000010010	8.60881E+02	1000010010	8.60881E+02
2.18562E+00	1000010010	4.72782E+01	1000010010	4.72782E+01
8.08968E+00	1000010010	5.12279E+01	1000010010	5.12279E+01
8.54553E+00	1000010010	6.52017E+01	1000010010	6.52017E+01
7.81973E+00	1000010010	3.08355E+01	1000010010	3.08355E+01
6.87954E+00	1000010010	1.23522E+02	1000010010	1.23522E+02
9.29036E+00	1000010010	2.46778E+01	1000010010	2.46778E+01
8.43506E+00	1000010010	5.81248E+01	1000010010	5.81248E+01
9.25930E+00	1000010010	1.88418E+02	1000010010	1.88418E+02
2.51892E+00	1000010010	1.72999E+01	1000010010	1.72999E+01
4.61119E+00	1000010010	1.10302E+02	1000010010	1.10302E+02
5.42624E+00	1000010010	9.28466E+00	1000010010	9.28466E+00
