#	D	ID	E	ID0	E0
#
# D             Trajectory length [1 Mpc]
# ID/ID0/ID1    Particle type (PDG MC numbering scheme)
# E/E0/E1       Energy [1 EeV]
# no index = current, 0 = at source, 1 = at point of creation
#
# CRPropa version: -128-NOTFOUND
#
7.03224E+00	1000260560	3.83811E+20	1000260560	3.83811E+20
4.85930E+00	1000260560	4.52411E+20	1000260560	4.52411E+20
7.47758E+00	1000260560	7.78141E+20	1000260560	7.78141E+20
6.99368E+00	1000260560	1.46664E+19	1000260560	1.46664E+19
7.16999E+00	1000260560	5.17554E+20	1000260560	5.17554E+20
4.21345E-01	1000260560	6.71837E+20	1000260560	6.71837E+20
8.49382E+00	1000260560	1.71026E+19	1000260560	1.71026E+19
8.31869E+00	1000260560	2.07617E+20	1000260560	2.07617E+20
3.04165E+00	1000260560	1.68311E+21	1000260560	1.68311E+21
2.29378E+00	1000260560	4.19101E+21	1000260560	4.19101E+21
2.61275E-01	1000260560	8.19965E+18	1000260560	8.19965E+18
9.51805E+00	1000260560	3.31142E+20	1000260560	3.31142E+20
5.99181E-01	1000260560	1.19021E+19	1000260560	1.19021E+19
7.23037E+00	1000260560	1.98235E+20	1000260560	1.98235E+20
9.18120E+00	1000260560	1.11093E+21	1000260560	1.11093E+21
3.50497E+00	1000260560	4.79077E+20	1000260560	4.79077E+20
9.36626E+00	1000260560	5.10093E+20	1000260560	5.10093E+20
5.12226E+00	1000260560	3.91366E+21	1000260560	3.91366E+21
9.87003E+00	1000260560	2.39923E+20	1000260560	2.39923E+20
1.81890E+00	1000260560	1.74051E+21	1000260560	1.74051E+21
3.45991E+00	1000260560	5.26359E+19	1000260560	5.26359E+19
5.08863E+00	1000260560	2.57571E+21	1000260560	2.57571E+21
8.78767E+00	1000260560	4.81877E+20	1000260560	4.81877E+20
6.35817E+00	1000260560	1.53237E+21	1000260560	1.53237E+21
1.63055E+00	1000260560	1.89645E+19	1000260560	1.89645E+19
1.02303E+00	1000260560	1.30383E+19	1000260560	1.30383E+19
4.55380E+00	1000260560	3.44738E+20	1000260560	3.44738E+20
1.08970E+00	1000260560	8.53778E+20	1000260560	8.53778E+20
9.34869E+00	1000260560	1.33796E+19	1000260560	1.33796E+19
8.34902E+00	1000260560	2.39033E+20	1000260560	2.39033E+20
8.96612E+00	1000260560	2.14383E+21	1000260560	2.14383E+21
4.69732E+00	1000260560	2.65184E+19	1000260560	2.65184E+19
7.54170E+00	1000260560	3.79929E+19	1000260560	3.79929E+19
6.19187E+00	1000260560	2.30578E+19	1000260560	2.30578E+19
6.53331E+00	1000260560	3.39508E+21	1000260560	3.39508E+21
6.28024E+00	1000260560	9.42932E+18	1000260560	9.42932E+18
9.77410E+00	1000260560	2.98502E+21	1000260560	2.98502E+21
9.42597E+00	1000260560	1.21323E+19	1000260560	1.21323E+19
2.35351E+00	1000260560	2.64058E+21	1000260560	2.64058E+21
1.10794E+00	1000260560	1.32700E+19	1000260560	1.32700E+19
5.84045E+00	1000260560	3.48984E+20	1000260560	3.48984E+20
4.02582E+00	1000260560	3.87443E+19	1000260560	3.87443E+19
7.21383E+00	1000260560	7.16284E+20	1000260560	7.16284E+20
1.90317E+00	1000260560	1.04221E+21	1000260560	1.04221E+21
8.73086E+00	1000260560	2.60629E+21	1000260560	2.60629E+21
2.60975E+00	1000260560	5.37285E+19	1000260560	5.37285E+19
8.30680E+00	1000260560	7.43292E+20	1000260560	7.43292E+20
3.24051E+00	1000260560	1.22762E+19	1000260560	1.22762E+19
7.05041E+00	1000260560	6.84164E+19	1000260560	6.84164E+19
3.07881E+00	1000260560	4.08411E+20	1000260560	4.08411E+20
4.26460E-01	1000260560	7.74601E+20	1000260560	7.74601E+20
2.48736E+00	1000260560	2.01410E+21	1000260560	2.01410E+21
2.59931E+00	1000260560	9.12859E+19	1000260560	9.12859E+19
8.64899E-01	1000260560	2.06554E+21	1000260560	2.06554E+21
7.85178E+00	1000260560	3.48133E+20	1000260560	3.48133E+20
1.67832E+00	1000260560	5.73271E+21	1000260560	5.73271E+21
1.25540E+00	1000260560	8.41644E+18	1000260560	8.41644E+18
2.78829E+00	1000260560	1.59707E+19	1000260560	1.59707E+19
2.53421E+00	1000260560	5.13612E+19	1000260560	5.13612E+19
8.05744E+00	1000260560	6.25749E+20	1000260560	6.25749E+20
7.70683E-01	1000260560	4.34676E+19	1000260560	4.34676E+19
8.79285E+00	1000260560	2.19083E+19	1000260560	2.19083E+19
5.74717E+00	1000260560	5.33559E+20	1000260560	5.33559E+20
7.74075E+00	1000260560	3.53147E+19	1000260560	3.53147E+19
5.13778E+00	1000260560	2.01452E+21	1000260560	2.01452E+21
2.30948E+00	1000260560	4.57077E+20	1000260560	4.57077E+20
3.56048E+00	1000260560	1.11182E+19	1000260560	1.11182E+19
9.63485E-02	1000260560	6.94468E+19	1000260560	6.94468E+19
1.75917E-02	1000260560	6.38951E+19	1000260560	6.38951E+19
7.27515E+00	1000260560	5.93074E+21	1000260560	5.93074E+21
7.43020E+00	1000260560	6.71203E+18	1000260560	6.71203E+18
1.45942E+00	1000260560	4.38941E+20	1000260560	4.38941E+20
6.94905E+00	1000260560	9.13079E+19	1000260560	9.13079E+19
8.76179E+00	1000260560	3.88804E+19	1000260560	3.88804E+19
5.61761E+00	1000260560	8.79125E+18	1000260560	8.79125E+18
3.74299E+00	1000260560	3.67636E+21	1000260560	3.67636E+21
6.29212E+00	1000260560	1.83149E+19	1000260560	1.83149E+19
6.00271E+00	1000260560	6.68552E+20	1000260560	6.68552E+20
1.44465E+00	1000260560	2.67707E+19	1000260560	2.67707E+19
4.51760E+00	1000260560	1.74569E+21	1000260560	1.74569E+21
5.75369E+00	1000260560	1.53779E+20	1000260560	1.53779E+20
7.13742E+00	1000260560	4.44508E+20	1000260560	4.44508E+20
3.35882E+00	1000260560	3.43604E+21	1000260560	3.43604E+21
3.30969E+00	1000260560	1.37212E+19	1000260560	1.37212E+19
7.69166E+00	1000260560	1.74153E+20	1000260560	1.74153E+20
4.92484E+00	1000260560	2.54206E+20	1000260560	2.54206E+20
1.09232E-01	1000260560	2.48496E+21	1000260560	2.48496E+21
7.21636E+00	1000260560	1.19161E+19	1000260560	1.19161E+19
1.79347E+00	1000260560	1.23102E+20	1000260560	1.23102E+20
6.52910E+00	1000260560	2.42482E+20	1000260560	2.42482E+20
6.44840E+00	1000260560	4.79634E+21	1000260560	4.79634E+21
6.15531E+00	1000260560	2.22067E+19	1000260560	2.22067E+19
6.62211E+00	1000260560	1.90337E+20	1000260560	1.90337E+20
4.44839E+00	1000260560	6.98968E+20	1000260560	6.98968E+20
4.61811E+00	1000260560	1.21637E+19	1000260560	1.21637E+19
4.04774E+00	1000260560	3.40134E+21	1000260560	3.40134E+21
9.31255E+00	1000260560	2.05086E+19	1000260560	2.05086E+19
8.56850E+00	1000260560	7.93859E+20	1000260560	7.93859E+20
4.18441E+00	1000260560	6.62642E+19	1000260560	6.62642E+19
6.64174E+00	1000260560	3.16250E+21	1000260560	3.16250E+21
2.46242E+00	1000260560	2.64306E+21	1000260560	2.64306E+21
8.25510E+00	1000260560	5.54095E+19	1000260560	5.54095E+19
8.24072E+00	1000260560	1.69063E+19	1000260560	1.69063E+19
8.15263E-01	1000260560	8.03359E+18	1000260560	8.03359E+18
9.03213E+00	1000260560	1.63726E+20	1000260560	1.63726E+20
9.55185E-01	1000260560	3.47007E+21	1000260560	3.47007E+21
1.12757E+00	1000260560	2.76564E+21	1000260560	2.76564E+21
2.23547E+00	1000260560	2.54038E+19	1000260560	2.54038E+19
8.35493E+00	1000260560	2.53174E+20	1000260560	2.53174E+20
7.27922E+00	1000260560	8.14118E+19	1000260560	8.14118E+19
7.46012E+00	1000260560	8.76562E+20	1000260560	8.76562E+20
3.26923E+00	1000260560	9.12980E+19	1000260560	9.12980E+19
4.23438E+00	1000260560	2.19541E+21	1000260560	2.19541E+21
9.06124E+00	1000260560	4.00650E+19	1000260560	4.00650E+19
5.49888E+00	1000260560	3.48323E+21	1000260560	3.48323E+21
4.48430E+00	1000260560	9.26338E+18	1000260560	9.26338E+18
4.77268E+00	1000260560	9.87490E+19	1000260560	9.87490E+19
8.29132E+00	1000260560	1.92869E+21	1000260560	1.92869E+21
4.35906E+00	1000260560	1.42501E+19	1000260560	1.42501E+19
2.04648E+00	1000260560	3.75041E+20	1000260560	3.75041E+20
2.26979E+00	1000260560	5.10480E+19	1000260560	5.10480E+19
3.03518E+00	1000260560	1.48184E+19	1000260560	1.48184E+19
2.05710E+00	1000260560	5.93644E+19	1000260560	5.93644E+19
7.76890E+00	1000260560	2.53600E+20	1000260560	2.53600E+20
5.64798E+00	1000260560	7.55385E+19	1000260560	7.55385E+19
6.82877E+00	1000260560	3.78985E+20	1000260560	3.78985E+20
2.25946E+00	1000260560	2.78154E+21	1000260560	2.78154E+21
3.13499E+00	1000260560	6.54698E+19	1000260560	6.54698E+19
8.62062E+00	1000260560	6.31044E+18	1000260560	6.31044E+18
8.70249E+00	1000260560	1.66796E+21	1000260560	1.66796E+21
2.70735E+00	1000260560	1.35492E+19	1000260560	1.35492E+19
4.52101E-01	1000260560	1.87517E+21	1000260560	1.87517E+21
3.82296E+00	1000260560	2.02082E+21	1000260560	2.02082E+21
2.87890E+00	1000260560	3.30129E+20	1000260560	3.30129E+20
2.47609E+00	1000260560	1.71682E+20	1000260560	1.71682E+20
8.61951E-01	1000260560	2.08830E+20	1000260560	2.08830E+20
2.10289E+00	1000260560	4.53408E+20	1000260560	4.53408E+20
5.06526E+00	1000260560	1.11333E+21	1000260560	1.11333E+21
9.58130E+00	1000260560	8.42565E+19	1000260560	8.42565E+19
2.93094E+00	1000260560	1.12770E+21	1000260560	1.12770E+21
8.25180E+00	1000260560	1.28118E+19	1000260560	1.28118E+19
8.57321E+00	1000260560	2.15803E+19	1000260560	2.15803E+19
4.73458E+00	1000260560	1.65608E+19	1000260560	1.65608E+19
1.24066E+00	1000260560	5.68289E+19	1000260560	5.68289E+19
3.12873E+00	1000260560	4.43123E+21	1000260560	4.43123E+21
9.05054E+00	1000260560	7.05960E+20	1000260560	7.05960E+20
4.59334E+00	1000260560	1.74650E+21	1000260560	1.74650E+21
1.57427E+00	1000260560	3.80786E+19	1000260560	3.80786E+19
3.92493E+00	1000260560	1.34532E+19	1000260560	1.34532E+19
3.00542E+00	1000260560	6.14539E+21	1000260560	6.14539E+21
3.91241E+00	1000260560	1.03871E+19	1000260560	1.03871E+19
7.88960E+00	1000260560	1.29109E+19	1000260560	1.29109E+19
6.43761E+00	1000260560	1.06240E+20	1000260560	1.06240E+20
5.27044E+00	1000260560	2.36479E+19	1000260560	2.36479E+19
7.78074E+00	1000260560	2.32261E+20	1000260560	2.32261E+20
1.90737E+00	1000260560	3.11217E+19	1000260560	3.11217E+19
8.59351E+00	1000260560	1.63445E+20	1000260560	1.63445E+20
7.08363E-01	1000260560	4.80628E+21	1000260560	4.80628E+21
2.54433E+00	1000260560	2.50009E+20	1000260560	2.50009E+20
8.20177E+00	1000260560	4.17382E+19	1000260560	4.17382E+19
3.01282E+00	1000260560	4.99731E+21	1000260560	4.99731E+21
5.26759E+00	1000260560	2.94261E+20	1000260560	2.94261E+20
1.95605E+00	1000260560	4.99888E+20	1000260560	4.99888E+20
3.89212E+00	1000260560	1.71187E+19	1000260560	1.71187E+19
4.83137E+00	1000260560	5.46722E+21	1000260560	5.46722E+21
8.90525E+00	1000260560	6.16237E+20	1000260560	6.16237E+20
6.67591E+00	1000260560	2.53852E+19	1000260560	2.53852E+19
5.32303E+00	1000260560	3.03291E+19	1000260560	3.03291E+19
8.47719E+00	1000260560	1.11061E+20	1000260560	1.11061E+20
7.92579E+00	1000260560	5.60124E+20	1000260560	5.60124E+20
4.19117E-01	1000260560	3.82702E+19	1000260560	3.82702E+19
9.56848E+00	1000260560	1.12329E+19	1000260560	1.12329E+19
5.78817E+00	1000260560	2.14015E+20	1000260560	2.14015E+20
7.68813E+00	1000260560	2.12919E+19	1000260560	2.12919E+19
4.10929E+00	1000260560	1.59392E+19	1000260560	1.59392E+19
4.56169E+00	1000260560	4.50144E+21	1000260560	4.50144E+21
1.14796E+00	1000260560	8.98753E+18	1000260560	8.98753E+18
1.22219E+00	1000260560	2.25273E+19	1000260560	2.25273E+19
9.14698E+00	1000260560	2.98918E+20	1000260560	2.98918E+20
8.19656E+00	1000260560	6.60127E+18	1000260560	6.60127E+18
8.01376E+00	1000260560	4.42438E+20	1000260560	4.42438E+20
6.31642E-01	1000260560	3.37131E+19	1000260560	3.37131E+19
8.89857E+00	1000260560	5.77375E+19	1000260560	5.77375E+19
1.02148E+00	1000260560	4.90173E+21	1000260560	4.90173E+21
5.30741E+00	1000260560	1.90825E+20	1000260560	1.90825E+20
5.69973E+00	1000260560	2.09838E+19	1000260560	2.09838E+19
3.94231E+00	1000260560	4.64117E+19	1000260560	4.64117E+19
7.87998E+00	1000260560	3.73230E+20	1000260560	3.73230E+20
2.77036E+00	1000260560	4.39016E+19	1000260560	4.39016E+19
6.92064E+00	1000260560	2.78035E+20	1000260560	2.78035E+20
4.81795E+00	1000260560	3.46157E+21	1000260560	3.46157E+21
9.82495E+00	1000260560	8.77039E+19	1000260560	8.77039E+19
6.73894E+00	1000260560	2.66494E+20	1000260560	2.66494E+20
5.54867E+00	1000260560	1.08210E+20	1000260560	1.08210E+20
1.98729E+00	1000260560	2.30313E+19	1000260560	2.30313E+19
6.57606E+00	1000260560	3.14964E+21	1000260560	3.14964E+21
8.52813E+00	1000260560	1.52681E+19	1000260560	1.52681E+19
2.91624E+00	1000260560	1.57500E+21	1000260560	1.57500E+21
6.21505E+00	1000260560	1.60963E+19	1000260560	1.60963E+19
1.75830E+00	1000260560	2.78067E+21	1000260560	2.78067E+21
9.20926E+00	1000260560	8.62521E+18	1000260560	8.62521E+18
3.27407E+00	1000260560	1.15595E+20	1000260560	1.15595E+20
9.03623E+00	1000260560	5.02756E+21	1000260560	5.02756E+21
8.69198E+00	1000260560	6.34790E+19	1000260560	6.34790E+19
5.01030E-01	1000260560	1.65199E+20	1000260560	1.65199E+20
8.27968E+00	1000260560	6.58376E+18	1000260560	6.58376E+18
6.08445E-01	1000260560	9.29887E+19	1000260560	9.29887E+19
6.50832E+00	1000260560	1.69718E+21	1000260560	1.69718E+21
1.71785E+00	1000260560	4.66592E+19	1000260560	4.66592E+19
7.94426E+00	1000260560	7.40792E+18	1000260560	7.40792E+18
1.06985E+00	1000260560	1.00362E+20	1000260560	1.00362E+20
8.29961E-01	1000260560	1.90907E+19	1000260560	1.90907E+19
4.62993E+00	1000260560	4.12165E+20	1000260560	4.12165E+20
4.46837E+00	1000260560	9.73295E+18	1000260560	9.73295E+18
9.13637E+00	1000260560	4.35791E+21	1000260560	4.35791E+21
7.27252E-01	1000260560	5.24558E+21	1000260560	5.24558E+21
4.53096E+00	1000260560	2.55559E+21	1000260560	2.55559E+21
7.75337E+00	1000260560	3.39237E+20	1000260560	3.39237E+20
8.89966E-02	1000260560	1.16668E+21	1000260560	1.16668E+21
9.42803E+00	1000260560	6.36079E+19	1000260560	6.36079E+19
4.53714E+00	1000260560	8.46364E+18	1000260560	8.46364E+18
2.14920E-01	1000260560	5.64310E+21	1000260560	5.64310E+21
2.56619E+00	1000260560	2.61201E+19	1000260560	2.61201E+19
2.90986E+00	1000260560	4.15375E+21	1000260560	4.15375E+21
3.86758E+00	1000260560	2.59781E+21	1000260560	2.59781E+21
6.24134E+00	1000260560	6.10934E+21	1000260560	6.10934E+21
2.55245E+00	1000260560	1.85644E+20	1000260560	1.85644E+20
7.86603E+00	1000260560	3.56479E+20	1000260560	3.56479E+20
5.51526E-01	1000260560	6.14734E+19	1000260560	6.14734E+19
4.29518E+00	1000260560	1.34593E+19	1000260560	1.34593E+19
6.46426E-01	1000260560	1.21676E+21	1000260560	1.21676E+21
5.96987E+00	1000260560	8.32820E+20	1000260560	8.32820E+20
7.91111E-01	1000260560	7.95716E+19	1000260560	7.95716E+19
7.74837E+00	1000260560	8.83613E+19	1000260560	8.83613E+19
7.58025E+00	1000260560	4.77239E+20	1000260560	4.77239E+20
5.65203E+00	1000260560	5.51207E+20	1000260560	5.51207E+20
2.70863E+00	1000260560	8.50285E+18	1000260560	8.50285E+18
9.66383E+00	1000260560	2.14690E+20	1000260560	2.14690E+20
7.25260E+00	1000260560	1.39620E+19	1000260560	1.39620E+19
4.84960E+00	1000260560	4.25544E+21	1000260560	4.25544E+21
2.78447E+00	1000260560	2.22324E+21	1000260560	2.22324E+21
4.35514E+00	1000260560	1.75146E+19	1000260560	1.75146E+19
7.01514E-01	1000260560	1.46367E+19	1000260560	1.46367E+19
5.12332E+00	1000260560	5.35868E+20	1000260560	5.35868E+20
7.17909E+00	1000260560	1.07760E+20	1000260560	1.07760E+20
1.84093E+00	1000260560	8.40017E+19	1000260560	8.40017E+19
2.88025E+00	1000260560	2.07622E+21	1000260560	2.07622E+21
3.86202E+00	1000260560	2.12331E+19	1000260560	2.12331E+19
2.95100E+00	1000260560	1.87714E+20	1000260560	1.87714E+20
4.45918E+00	1000260560	2.79842E+20	1000260560	2.79842E+20
5.11315E+00	1000260560	8.29374E+20	1000260560	8.29374E+20
2.98743E+00	1000260560	1.76898E+20	1000260560	1.76898E+20
4.17333E+00	1000260560	4.73357E+19	1000260560	4.73357E+19
9.20570E-01	1000260560	1.05306E+19	1000260560	1.05306E+19
6.78141E+00	1000260560	2.10991E+19	1000260560	2.10991E+19
8.08381E+00	1000260560	5.97178E+21	1000260560	5.97178E+21
6.02393E-01	1000260560	4.61838E+21	1000260560	4.61838E+21
3.95560E+00	1000260560	4.49746E+21	1000260560	4.49746E+21
8.63287E+00	1000260560	6.13809E+21	1000260560	6.13809E+21
6.58115E+00	1000260560	6.68713E+20	1000260560	6.68713E+20
5.57494E+00	1000260560	1.75161E+19	1000260560	1.75161E+19
6.78633E+00	1000260560	1.65308E+19	1000260560	1.65308E+19
5.18249E+00	1000260560	8.22398E+19	1000260560	8.22398E+19
7.08455E+00	1000260560	1.74979E+20	1000260560	1.74979E+20
9.66035E+00	1000260560	4.26909E+20	1000260560	4.26909E+20
8.52046E+00	1000260560	1.67435E+20	1000260560	1.67435E+20
2.80590E+00	1000260560	8.55589E+18	1000260560	8.55589E+18
7.25653E+00	1000260560	7.30948E+20	1000260560	7.30948E+20
3.63005E+00	1000260560	1.84984E+20	1000260560	1.84984E+20
2.63596E+00	1000260560	2.47396E+19	1000260560	2.47396E+19
2.83786E+00	1000260560	1.25837E+20	1000260560	1.25837E+20
7.21949E+00	1000260560	2.18554E+21	1000260560	2.18554E+21
5.32763E+00	1000260560	5.78266E+19	1000260560	5.78266E+19
5.97104E-01	1000260560	5.54545E+21	1000260560	5.54545E+21
6.01704E+00	1000260560	2.66761E+19	1000260560	2.66761E+19
7.90466E+00	1000260560	1.48652E+21	1000260560	1.48652E+21
7.03081E+00	1000260560	5.42470E+19	1000260560	5.42470E+19
6.89851E+00	1000260560	2.65298E+20	1000260560	2.65298E+20
4.77798E+00	1000260560	8.75335E+19	1000260560	8.75335E+19
9.31416E+00	1000260560	5.60299E+19	1000260560	5.60299E+19
9.29994E+00	1000260560	2.34453E+21	1000260560	2.34453E+21
4.86440E+00	1000260560	9.67412E+19	1000260560	9.67412E+19
2.86232E+00	1000260560	1.49540E+21	1000260560	1.49540E+21
3.97008E+00	1000260560	7.40746E+18	1000260560	7.40746E+18
2.27061E+00	1000260560	8.71405E+18	1000260560	8.71405E+18
3.14837E+00	1000260560	1.86649E+21	1000260560	1.86649E+21
7.94178E+00	1000260560	2.40047E+19	1000260560	2.40047E+19
7.71621E+00	1000260560	1.88980E+21	1000260560	1.88980E+21
9.67721E+00	1000260560	3.78874E+19	1000260560	3.78874E+19
1.42590E-01	1000260560	6.60955E+18	1000260560	6.60955E+18
2.98920E+00	1000260560	1.21373E+19	1000260560	1.21373E+19
8.93369E+00	1000260560	3.24397E+20	1000260560	3.24397E+20
9.82364E+00	1000260560	1.93141E+20	1000260560	1.93141E+20
3.27788E+00	1000260560	3.42779E+21	1000260560	3.42779E+21
3.58617E+00	1000260560	4.25141E+21	1000260560	4.25141E+21
2.74638E+00	1000260560	1.06294E+21	1000260560	1.06294E+21
5.63324E+00	1000260560	3.13204E+19	1000260560	3.13204E+19
3.34906E+00	1000260560	9.65519E+19	1000260560	9.65519E+19
4.90199E-01	1000260560	8.94523E+19	1000260560	8.94523E+19
3.41223E+00	1000260560	1.68438E+19	1000260560	1.68438E+19
7.53572E+00	1000260560	2.75965E+20	1000260560	2.75965E+20
6.92913E-01	1000260560	5.32628E+21	1000260560	5.32628E+21
5.03940E+00	1000260560	6.80503E+19	1000260560	6.80503E+19
4.36287E+00	1000260560	1.15333E+19	1000260560	1.15333E+19
5.71210E+00	1000260560	8.72664E+20	1000260560	8.72664E+20
3.85948E+00	1000260560	1.06741E+20	1000260560	1.06741E+20
2.48203E+00	1000260560	1.08407E+20	1000260560	1.08407E+20
2.37393E+00	1000260560	7.68636E+20	1000260560	7.68636E+20
4.55627E+00	1000260560	1.64900E+19	1000260560	1.64900E+19
9.55855E+00	1000260560	2.21173E+20	1000260560	2.21173E+20
1.71496E+00	1000260560	3.24963E+20	1000260560	3.24963E+20
7.62362E+00	1000260560	2.94609E+20	1000260560	2.94609E+20
6.21175E+00	1000260560	2.01523E+21	1000260560	2.01523E+21
6.55763E-01	1000260560	8.24394E+18	1000260560	8.24394E+18
7.30884E-01	1000260560	4.65761E+21	1000260560	4.65761E+21
1.20685E+00	1000260560	2.66525E+20	1000260560	2.66525E+20
6.31757E+00	1000260560	3.81568E+20	1000260560	3.81568E+20
2.03481E+00	1000260560	8.22548E+18	1000260560	8.22548E+18
1.87840E+00	1000260560	7.99580E+19	1000260560	7.99580E+19
3.75834E+00	1000260560	5.64824E+21	1000260560	5.64824E+21
7.07921E+00	1000260560	8.69550E+20	1000260560	8.69550E+20
5.36761E-01	1000260560	1.35181E+21	1000260560	1.35181E+21
4.08306E+00	1000260560	1.33827E+19	1000260560	1.33827E+19
7.23919E-01	1000260560	3.60414E+20	1000260560	3.60414E+20
6.90200E+00	1000260560	4.92133E+21	1000260560	4.92133E+21
7.88602E+00	1000260560	2.33437E+19	1000260560	2.33437E+19
4.12121E+00	1000260560	1.84045E+20	1000260560	1.84045E+20
2.84106E+00	1000260560	4.62127E+21	1000260560	4.62127E+21
4.86518E+00	1000260560	3.13255E+21	1000260560	3.13255E+21
8.40778E-01	1000260560	2.10245E+19	1000260560	2.10245E+19
2.43620E+00	1000260560	8.99569E+19	1000260560	8.99569E+19
3.14739E+00	1000260560	4.20857E+19	1000260560	4.20857E+19
9.17337E+00	1000260560	2.43519E+19	1000260560	2.43519E+19
7.48523E+00	1000260560	2.76581E+19	1000260560	2.76581E+19
4.87633E+00	1000260560	1.48370E+21	1000260560	1.48370E+21
5.96087E+00	1000260560	1.60331E+19	1000260560	1.60331E+19
2.17760E+00	1000260560	1.03561E+21	1000260560	1.03561E+21
7.30521E+00	1000260560	2.38143E+19	1000260560	2.38143E+19
5.98050E+00	1000260560	9.90496E+19	1000260560	9.90496E+19
3.08534E+00	1000260560	1.85982E+20	1000260560	1.85982E+20
4.10106E+00	1000260560	5.20286E+21	1000260560	5.20286E+21
4.76046E-01	1000260560	2.41176E+21	1000260560	2.41176E+21
5.16868E+00	1000260560	2.15798E+19	1000260560	2.15798E+19
4.16659E+00	1000260560	6.34188E+19	1000260560	6.34188E+19
7.32738E-01	1000260560	2.32970E+19	1000260560	2.32970E+19
2.29330E+00	1000260560	1.00819E+21	1000260560	1.00819E+21
6.09736E+00	1000260560	6.59973E+19	1000260560	6.59973E+19
1.80417E+00	1000260560	8.52421E+19	1000260560	8.52421E+19
7.89382E+00	1000260560	2.45957E+20	1000260560	2.45957E+20
8.80910E+00	1000260560	6.95908E+19	1000260560	6.95908E+19
1.53055E+00	1000260560	9.12910E+18	1000260560	9.12910E+18
1.70602E-01	1000260560	1.61515E+20	1000260560	1.61515E+20
6.46811E+00	1000260560	1.30421E+21	1000260560	1.30421E+21
9.80234E+00	1000260560	2.00120E+20	1000260560	2.00120E+20
4.51089E+00	1000260560	2.76598E+20	1000260560	2.76598E+20
4.54417E+00	1000260560	5.19315E+19	1000260560	5.19315E+19
4.07905E-01	1000260560	2.73556E+20	1000260560	2.73556E+20
1.92688E+00	1000260560	1.38112E+19	1000260560	1.38112E+19
7.74782E-01	1000260560	1.28014E+19	1000260560	1.28014E+19
9.49633E+00	1000260560	3.36024E+19	1000260560	3.36024E+19
7.62356E+00	1000260560	1.37261E+20	1000260560	1.37261E+20
4.90642E+00	1000260560	8.49297E+19	1000260560	8.49297E+19
4.92308E+00	1000260560	4.80059E+19	1000260560	4.80059E+19
5.09228E+00	1000260560	3.30516E+21	1000260560	3.30516E+21
6.34664E+00	1000260560	1.34981E+19	1000260560	1.34981E+19
4.14021E+00	1000260560	8.60575E+20	1000260560	8.60575E+20
2.65736E+00	1000260560	1.56838E+21	1000260560	1.56838E+21
9.71280E-01	1000260560	8.41120E+19	1000260560	8.41120E+19
5.53891E+00	1000260560	6.62474E+18	1000260560	6.62474E+18
2.36519E+00	1000260560	2.14902E+20	1000260560	2.14902E+20
6.55769E+00	1000260560	1.85925E+20	1000260560	1.85925E+20
3.59233E+00	1000260560	1.45462E+19	1000260560	1.45462E+19
3.28149E+00	1000260560	2.03926E+20	1000260560	2.03926E+20
6.26341E+00	1000260560	5.75645E+20	1000260560	5.75645E+20
3.40938E+00	1000260560	9.28868E+20	1000260560	9.28868E+20
5.83779E+00	1000260560	1.70496E+19	1000260560	1.70496E+19
8.74104E+00	1000260560	1.38796E+19	1000260560	1.38796E+19
7.02099E+00	1000260560	1.84903E+21	1000260560	1.84903E+21
4.24930E+00	1000260560	8.48471E+18	1000260560	8.48471E+18
7.06129E+00	1000260560	6.53533E+18	1000260560	6.53533E+18
7.85679E+00	1000260560	4.11436E+19	1000260560	4.11436E+19
3.42449E+00	1000260560	5.57083E+20	1000260560	5.57083E+20
8.10594E+00	1000260560	4.53622E+19	1000260560	4.53622E+19
4.41644E+00	1000260560	2.62058E+19	1000260560	2.62058E+19
3.76646E+00	1000260560	1.54574E+21	1000260560	1.54574E+21
8.94790E-01	1000260560	1.90534E+19	1000260560	1.90534E+19
9.65039E-02	1000260560	5.18288E+19	1000260560	5.18288E+19
8.21633E+00	1000260560	6.30941E+18	1000260560	6.30941E+18
7.85567E+00	1000260560	7.23155E+18	1000260560	7.23155E+18
6.46843E+00	1000260560	2.37674E+21	1000260560	2.37674E+21
1.85587E+00	1000260560	4.64569E+21	1000260560	4.64569E+21
2.49184E+00	1000260560	1.00401E+20	1000260560	1.00401E+20
1.12992E+00	1000260560	6.43639E+19	1000260560	6.43639E+19
3.32006E+00	1000260560	2.34430E+19	1000260560	2.34430E+19
3.69328E-01	1000260560	8.77411E+20	1000260560	8.77411E+20
7.77800E+00	1000260560	1.20790E+19	1000260560	1.20790E+19
9.37325E+00	1000260560	2.94484E+19	1000260560	2.94484E+19
3.56267E+00	1000260560	1.11491E+20	1000260560	1.11491E+20
7.76269E+00	1000260560	1.35112E+20	1000260560	1.35112E+20
6.24751E+00	1000260560	3.04387E+20	1000260560	3.04387E+20
3.23743E+00	1000260560	3.08978E+19	1000260560	3.08978E+19
7.91037E+00	1000260560	3.66088E+19	1000260560	3.66088E+19
4.54416E+00	1000260560	3.60806E+20	1000260560	3.60806E+20
3.57266E+00	1000260560	7.25669E+20	1000260560	7.25669E+20
6.66704E+00	1000260560	2.39632E+21	1000260560	2.39632E+21
4.21011E-01	1000260560	6.93934E+19	1000260560	6.93934E+19
5.54395E+00	1000260560	2.18702E+20	1000260560	2.18702E+20
7.46340E+00	1000260560	2.96787E+21	1000260560	2.96787E+21
9.02981E+00	1000260560	6.22888E+20	1000260560	6.22888E+20
6.77207E+00	1000260560	1.46526E+19	1000260560	1.46526E+19
1.29184E+00	1000260560	1.82965E+19	1000260560	1.82965E+19
6.85441E+00	1000260560	3.72496E+21	1000260560	3.72496E+21
4.32797E-01	1000260560	2.18722E+20	1000260560	2.18722E+20
6.45287E+00	1000260560	3.32519E+21	1000260560	3.32519E+21
8.50844E+00	1000260560	7.45831E+20	1000260560	7.45831E+20
9.72368E+00	1000260560	1.22060E+21	1000260560	1.22060E+21
2.54689E-01	1000260560	1.02038E+19	1000260560	1.02038E+19
5.36992E+00	1000260560	4.12915E+20	1000260560	4.12915E+20
1.19287E+00	1000260560	6.13060E+19	1000260560	6.13060E+19
4.47478E+00	1000260560	2.17661E+20	1000260560	2.17661E+20
5.41251E+00	1000260560	1.01086E+20	1000260560	1.01086E+20
2.68383E+00	1000260560	2.15184E+19	1000260560	2.15184E+19
1.79109E+00	1000260560	1.45320E+21	1000260560	1.45320E+21
7.46659E+00	1000260560	5.29418E+21	1000260560	5.29418E+21
5.65873E+00	1000260560	5.80009E+20	1000260560	5.80009E+20
2.84543E+00	1000260560	8.07619E+18	1000260560	8.07619E+18
8.38378E+00	1000260560	5.62043E+21	1000260560	5.62043E+21
2.39195E+00	1000260560	1.32461E+19	1000260560	1.32461E+19
5.73498E+00	1000260560	1.47915E+19	1000260560	1.47915E+19
6.49306E+00	1000260560	1.52012E+19	1000260560	1.52012E+19
7.95016E+00	1000260560	7.36730E+20	1000260560	7.36730E+20
7.33777E+00	1000260560	3.43466E+20	1000260560	3.43466E+20
3.35858E+00	1000260560	7.41285E+20	1000260560	7.41285E+20
2.85118E+00	1000260560	4.71605E+20	1000260560	4.71605E+20
6.88159E+00	1000260560	5.06934E+19	1000260560	5.06934E+19
5.16769E+00	1000260560	5.13658E+21	1000260560	5.13658E+21
1.03006E+00	1000260560	2.43143E+20	1000260560	2.43143E+20
5.84534E+00	1000260560	1.04923E+20	1000260560	1.04923E+20
5.37586E+00	1000260560	2.16921E+20	1000260560	2.16921E+20
8.41760E+00	1000260560	2.12820E+20	1000260560	2.12820E+20
1.48721E+00	1000260560	2.06524E+21	1000260560	2.06524E+21
4.06991E+00	1000260560	7.45387E+18	1000260560	7.45387E+18
3.47519E+00	1000260560	1.48428E+20	1000260560	1.48428E+20
3.11012E-01	1000260560	2.98496E+20	1000260560	2.98496E+20
2.07945E+00	1000260560	4.23029E+19	1000260560	4.23029E+19
7.55492E+00	1000260560	1.00580E+20	1000260560	1.00580E+20
1.19332E+00	1000260560	1.75215E+21	1000260560	1.75215E+21
3.91069E+00	1000260560	1.27128E+19	1000260560	1.27128E+19
1.81997E+00	1000260560	3.62548E+20	1000260560	3.62548E+20
3.11664E+00	1000260560	3.54684E+20	1000260560	3.54684E+20
8.64649E-01	1000260560	2.69825E+19	1000260560	2.69825E+19
7.63363E+00	1000260560	1.65895E+21	1000260560	1.65895E+21
6.81804E+00	1000260560	6.89956E+18	1000260560	6.89956E+18
2.76800E+00	1000260560	2.62188E+20	1000260560	2.62188E+20
1.87013E+00	1000260560	6.67076E+20	1000260560	6.67076E+20
8.59331E+00	1000260560	3.65599E+19	1000260560	3.65599E+19
9.51506E+00	1000260560	5.76218E+21	1000260560	5.76218E+21
5.60833E+00	1000260560	1.24881E+19	1000260560	1.24881E+19
2.96134E+00	1000260560	2.50144E+19	1000260560	2.50144E+19
3.10503E+00	1000260560	6.48596E+20	1000260560	6.48596E+20
5.45340E+00	1000260560	5.74035E+19	1000260560	5.74035E+19
3.41576E+00	1000260560	1.79589E+20	1000260560	1.79589E+20
5.41381E+00	1000260560	6.20176E+21	1000260560	6.20176E+21
4.89750E+00	1000260560	8.80405E+20	1000260560	8.80405E+20
2.85863E+00	1000260560	6.46070E+20	1000260560	6.46070E+20
1.14227E-01	1000260560	2.97871E+20	1000260560	2.97871E+20
2.96933E+00	1000260560	7.51759E+18	1000260560	7.51759E+18
4.76125E+00	1000260560	1.69158E+19	1000260560	1.69158E+19
6.14997E+00	1000260560	2.86628E+19	1000260560	2.86628E+19
4.98734E-01	1000260560	4.93611E+21	1000260560	4.93611E+21
8.98611E+00	1000260560	2.48661E+20	1000260560	2.48661E+20
1.04040E+00	1000260560	6.47983E+18	1000260560	6.47983E+18
7.96436E+00	1000260560	4.65440E+20	1000260560	4.65440E+20
6.02162E+00	1000260560	5.14274E+20	1000260560	5.14274E+20
4.80417E-01	1000260560	2.71905E+20	1000260560	2.71905E+20
2.83338E+00	1000260560	4.17058E+21	1000260560	4.17058E+21
3.42426E-01	1000260560	8.26790E+20	1000260560	8.26790E+20
6.58417E+00	1000260560	3.09559E+20	1000260560	3.09559E+20
9.40332E+00	1000260560	1.36655E+21	1000260560	1.36655E+21
2.88212E+00	1000260560	1.06944E+21	1000260560	1.06944E+21
4.71249E+00	1000260560	3.52721E+20	1000260560	3.52721E+20
6.73949E+00	1000260560	3.33476E+21	1000260560	3.33476E+21
3.22887E+00	1000260560	1.93254E+20	1000260560	1.93254E+20
9.52850E+00	1000260560	6.75559E+18	1000260560	6.75559E+18
1.06417E+00	1000260560	1.41572E+21	1000260560	1.41572E+21
4.23394E+00	1000260560	2.09156E+21	1000260560	2.09156E+21
3.68484E+00	1000260560	1.19951E+21	1000260560	1.19951E+21
6.25106E+00	1000260560	7.83565E+20	1000260560	7.83565E+20
9.65935E+00	1000260560	1.24111E+20	1000260560	1.24111E+20
4.94554E+00	1000260560	1.04467E+21	1000260560	1.04467E+21
6.42224E+00	1000260560	3.19093E+21	1000260560	3.19093E+21
7.12329E-01	1000260560	1.08779E+20	1000260560	1.08779E+20
6.26375E+00	1000260560	1.42017E+19	1000260560	1.42017E+19
4.73092E-01	1000260560	4.62168E+19	1000260560	4.62168E+19
8.47771E+00	1000260560	4.90239E+19	1000260560	4.90239E+19
3.97267E+00	1000260560	9.69418E+18	1000260560	9.69418E+18
3.78019E+00	1000260560	1.58480E+20	1000260560	1.58480E+20
6.21439E+00	1000260560	1.73341E+21	1000260560	1.73341E+21
7.35816E+00	1000260560	7.55167E+18	1000260560	7.55167E+18
6.40779E+00	1000260560	7.16251E+18	1000260560	7.16251E+18
7.38908E+00	1000260560	2.40368E+21	1000260560	2.40368E+21
7.73936E+00	1000260560	7.43038E+18	1000260560	7.43038E+18
1.63152E+00	1000260560	1.36272E+20	1000260560	1.36272E+20
2.82793E+00	1000260560	7.44630E+18	1000260560	7.44630E+18
6.54705E+00	1000260560	5.50837E+19	1000260560	5.50837E+19
6.66380E+00	1000260560	1.32938E+21	1000260560	1.32938E+21
2.78526E+00	1000260560	2.38125E+19	1000260560	2.38125E+19
9.46775E+00	1000260560	3.31293E+21	1000260560	3.31293E+21
3.58905E+00	1000260560	6.86507E+19	1000260560	6.86507E+19
6.56638E+00	1000260560	4.30031E+20	1000260560	4.30031E+20
1.61320E+00	1000260560	1.27483E+19	1000260560	1.27483E+19
3.71538E+00	1000260560	4.33850E+19	1000260560	4.33850E+19
2.87797E+00	1000260560	4.94580E+21	1000260560	4.94580E+21
4.64876E+00	1000260560	1.26357E+20	1000260560	1.26357E+20
2.17426E+00	1000260560	4.13439E+20	1000260560	4.13439E+20
7.05158E+00	1000260560	4.76023E+21	1000260560	4.76023E+21
3.13114E+00	1000260560	2.75870E+20	1000260560	2.75870E+20
6.14333E+00	1000260560	6.29866E+20	1000260560	6.29866E+20
7.95336E+00	1000260560	8.09037E+19	1000260560	8.09037E+19
2.24951E+00	1000260560	3.94530E+20	1000260560	3.94530E+20
2.82361E+00	1000260560	1.57289E+21	1000260560	1.57289E+21
1.72750E+00	1000260560	1.99762E+19	1000260560	1.99762E+19
7.64752E+00	1000260560	1.04662E+19	1000260560	1.04662E+19
3.59390E+00	1000260560	1.08725E+20	1000260560	1.08725E+20
7.01086E+00	1000260560	3.55782E+21	1000260560	3.55782E+21
9.44874E+00	1000260560	4.51069E+20	1000260560	4.51069E+20
7.65943E+00	1000260560	4.48524E+19	1000260560	4.48524E+19
8.26208E+00	1000260560	5.32802E+19	1000260560	5.32802E+19
8.82055E+00	1000260560	2.56105E+20	1000260560	2.56105E+20
2.10973E-01	1000260560	1.42027E+20	1000260560	1.42027E+20
8.83455E+00	1000260560	2.64077E+21	1000260560	2.64077E+21
7.25276E+00	1000260560	7.65297E+18	1000260560	7.65297E+18
3.16782E+00	1000260560	6.09568E+21	1000260560	6.09568E+21
8.80425E+00	1000260560	1.16719E+20	1000260560	1.16719E+20
6.82853E+00	1000260560	3.64744E+20	1000260560	3.64744E+20
9.69250E+00	1000260560	2.43022E+20	1000260560	2.43022E+20
9.76369E+00	1000260560	9.60581E+18	1000260560	9.60581E+18
2.34864E+00	1000260560	3.54286E+21	1000260560	3.54286E+21
2.29132E+00	1000260560	4.28369E+21	1000260560	4.28369E+21
2.18433E+00	1000260560	8.84746E+18	1000260560	8.84746E+18
6.65323E-01	1000260560	7.49742E+18	1000260560	7.49742E+18
9.75395E+00	1000260560	6.52801E+19	1000260560	6.52801E+19
5.55925E+00	1000260560	4.62332E+21	1000260560	4.62332E+21
9.56683E+00	1000260560	9.43199E+18	1000260560	9.43199E+18
1.55355E+00	1000260560	5.26762E+20	1000260560	5.26762E+20
2.83033E+00	1000260560	5.23660E+21	1000260560	5.23660E+21
8.56613E-02	1000260560	9.51528E+20	1000260560	9.51528E+20
9.55618E+00	1000260560	2.11876E+21	1000260560	2.11876E+21
9.48762E-01	1000260560	1.86122E+19	1000260560	1.86122E+19
3.27429E+00	1000260560	2.27357E+19	1000260560	2.27357E+19
1.49680E+00	1000260560	6.47907E+18	1000260560	6.47907E+18
4.29420E+00	1000260560	1.23108E+20	1000260560	1.23108E+20
5.76134E+00	1000260560	4.27271E+19	1000260560	4.27271E+19
2.47138E+00	1000260560	1.81636E+20	1000260560	1.81636E+20
3.32382E+00	1000260560	8.97511E+20	1000260560	8.97511E+20
2.48933E+00	1000260560	1.50348E+19	1000260560	1.50348E+19
1.76299E-01	1000260560	1.54837E+21	1000260560	1.54837E+21
5.68423E+00	1000260560	5.89540E+21	1000260560	5.89540E+21
1.02247E+00	1000260560	3.75688E+21	1000260560	3.75688E+21
7.26560E+00	1000260560	3.36344E+20	1000260560	3.36344E+20
4.34375E+00	1000260560	6.41752E+18	1000260560	6.41752E+18
7.78258E+00	1000260560	7.05152E+19	1000260560	7.05152E+19
6.97961E+00	1000260560	1.09677E+19	1000260560	1.09677E+19
1.36476E-01	1000260560	1.37674E+19	1000260560	1.37674E+19
8.07539E-01	1000260560	6.05943E+20	1000260560	6.05943E+20
7.07424E+00	1000260560	3.30526E+20	1000260560	3.30526E+20
2.96679E+00	1000260560	3.71399E+21	1000260560	3.71399E+21
1.87048E+00	1000260560	5.03240E+21	1000260560	5.03240E+21
4.03127E+00	1000260560	1.90896E+19	1000260560	1.90896E+19
7.38851E+00	1000260560	2.03235E+19	1000260560	2.03235E+19
7.27805E+00	1000260560	6.22315E+21	1000260560	6.22315E+21
7.55274E+00	1000260560	1.44442E+21	1000260560	1.44442E+21
2.95569E+00	1000260560	3.83230E+20	1000260560	3.83230E+20
5.63864E+00	1000260560	6.57486E+18	1000260560	6.57486E+18
4.47599E-01	1000260560	1.23099E+19	1000260560	1.23099E+19
9.14539E+00	1000260560	4.40014E+21	1000260560	4.40014E+21
3.46717E+00	1000260560	1.85369E+20	1000260560	1.85369E+20
3.75090E+00	1000260560	2.26444E+21	1000260560	2.26444E+21
4.54072E+00	1000260560	9.44469E+18	1000260560	9.44469E+18
7.69561E+00	1000260560	1.52753E+21	1000260560	1.52753E+21
5.15269E+00	1000260560	7.23834E+18	1000260560	7.23834E+18
8.71170E+00	1000260560	4.91030E+20	1000260560	4.91030E+20
9.83361E+00	1000260560	1.27179E+21	1000260560	1.27179E+21
2.58540E+00	1000260560	4.50636E+21	1000260560	4.50636E+21
8.48092E+00	1000260560	8.12538E+19	1000260560	8.12538E+19
6.94885E+00	1000260560	6.34175E+18	1000260560	6.34175E+18
2.26216E+00	1000260560	2.06155E+20	1000260560	2.06155E+20
9.68884E+00	1000260560	4.13353E+19	1000260560	4.13353E+19
2.70113E+00	1000260560	1.04602E+19	1000260560	1.04602E+19
1.06128E+00	1000260560	1.81250E+20	1000260560	1.81250E+20
2.94718E+00	1000260560	4.33955E+20	1000260560	4.33955E+20
4.30260E+00	1000260560	4.72637E+20	1000260560	4.72637E+20
5.29033E-01	1000260560	9.27385E+19	1000260560	9.27385E+19
2.07108E+00	1000260560	3.36797E+21	1000260560	3.36797E+21
6.24525E+00	1000260560	2.04550E+21	1000260560	2.04550E+21
5.90932E+00	1000260560	2.58876E+20	1000260560	2.58876E+20
2.02676E+00	1000260560	1.50147E+21	1000260560	1.50147E+21
7.43419E-02	1000260560	3.14337E+19	1000260560	3.14337E+19
5.39749E+00	1000260560	2.52569E+19	1000260560	2.52569E+19
6.12699E+00	1000260560	1.51931E+21	1000260560	1.51931E+21
9.51614E+00	1000260560	1.75669E+20	1000260560	1.75669E+20
6.88800E+00	1000260560	2.23121E+20	1000260560	2.23121E+20
2.96532E+00	1000260560	2.37507E+19	1000260560	2.37507E+19
4.35111E+00	1000260560	4.86886E+20	1000260560	4.86886E+20
7.36904E+00	1000260560	1.06366E+20	1000260560	1.06366E+20
8.71833E+00	1000260560	4.96826E+20	1000260560	4.96826E+20
2.44507E+00	1000260560	2.20437E+21	1000260560	2.20437E+21
8.75655E+00	1000260560	2.62858E+21	1000260560	2.62858E+21
8.25898E+00	1000260560	2.43930E+20	1000260560	2.43930E+20
4.29350E+00	1000260560	1.96717E+21	1000260560	1.96717E+21
6.38554E+00	1000260560	2.69650E+19	1000260560	2.69650E+19
8.02618E+00	1000260560	3.05962E+20	1000260560	3.05962E+20
4.37677E+00	1000260560	4.38171E+19	1000260560	4.38171E+19
2.96691E+00	1000260560	7.69305E+19	1000260560	7.69305E+19
5.57298E+00	1000260560	8.18221E+18	1000260560	8.18221E+18
6.68109E-01	1000260560	1.11881E+19	1000260560	1.11881E+19
4.56324E+00	1000260560	3.42881E+21	1000260560	3.42881E+21
3.45246E+00	1000260560	1.04942E+21	1000260560	1.04942E+21
9.46839E+00	1000260560	5.01120E+19	1000260560	5.01120E+19
2.39153E+00	1000260560	9.50548E+19	1000260560	9.50548E+19
2.38061E+00	1000260560	5.23915E+21	1000260560	5.23915E+21
7.53305E+00	1000260560	2.09514E+21	1000260560	2.09514E+21
2.13878E+00	1000260560	2.20090E+19	1000260560	2.20090E+19
8.35229E+00	1000260560	8.24983E+18	1000260560	8.24983E+18
6.00799E+00	1000260560	3.37693E+21	1000260560	3.37693E+21
6.88502E+00	1000260560	1.10800E+19	1000260560	1.10800E+19
4.44826E+00	1000260560	1.42486E+20	1000260560	1.42486E+20
8.82407E+00	1000260560	1.75956E+19	1000260560	1.75956E+19
9.79078E+00	1000260560	7.04292E+19	1000260560	7.04292E+19
9.37627E+00	1000260560	2.39406E+20	1000260560	2.39406E+20
4.29447E+00	1000260560	2.32729E+21	1000260560	2.32729E+21
8.14890E+00	1000260560	1.10649E+21	1000260560	1.10649E+21
2.68029E+00	1000260560	1.99006E+21	1000260560	1.99006E+21
8.76396E+00	1000260560	1.55233E+19	1000260560	1.55233E+19
5.95501E+00	1000260560	8.60196E+18	1000260560	8.60196E+18
9.57295E+00	1000260560	4.79425E+20	1000260560	4.79425E+20
8.36423E+00	1000260560	2.43140E+21	1000260560	2.43140E+21
1.57427E+00	1000260560	5.85616E+21	1000260560	5.85616E+21
4.69504E+00	1000260560	1.34695E+19	1000260560	1.34695E+19
1.24541E+00	1000260560	1.69333E+19	1000260560	1.69333E+19
9.27020E-01	1000260560	9.21871E+20	1000260560	9.21871E+20
4.82871E+00	1000260560	6.31613E+19	1000260560	6.31613E+19
7.75902E+00	1000260560	1.24590E+20	1000260560	1.24590E+20
1.52263E+00	1000260560	3.59395E+21	1000260560	3.59395E+21
3.17576E-01	1000260560	1.24555E+19	1000260560	1.24555E+19
7.73177E+00	1000260560	5.20269E+21	1000260560	5.20269E+21
6.75694E+00	1000260560	3.27771E+20	1000260560	3.27771E+20
1.46970E+00	1000260560	2.20757E+21	1000260560	2.20757E+21
7.61460E-01	1000260560	6.55676E+20	1000260560	6.55676E+20
2.26780E-01	1000260560	3.15789E+20	1000260560	3.15789E+20
8.04861E-01	1000260560	1.89069E+19	1000260560	1.89069E+19
8.48344E-01	1000260560	1.30904E+21	1000260560	1.30904E+21
1.30493E+00	1000260560	4.64559E+19	1000260560	4.64559E+19
7.03665E+00	1000260560	1.27227E+21	1000260560	1.27227E+21
9.42419E+00	1000260560	3.57564E+21	1000260560	3.57564E+21
9.70521E+00	1000260560	2.84477E+19	1000260560	2.84477E+19
9.24007E+00	1000260560	1.11812E+20	1000260560	1.11812E+20
8.46288E+00	1000260560	8.54861E+19	1000260560	8.54861E+19
8.29380E-01	1000260560	4.28752E+19	1000260560	4.28752E+19
7.83249E+00	1000260560	6.09894E+21	1000260560	6.09894E+21
8.21739E+00	1000260560	8.01210E+20	1000260560	8.01210E+20
9.24184E+00	1000260560	6.98585E+19	1000260560	6.98585E+19
4.77464E+00	1000260560	6.56205E+18	1000260560	6.56205E+18
9.19006E+00	1000260560	4.00040E+21	1000260560	4.00040E+21
4.94190E+00	1000260560	3.32172E+19	1000260560	3.32172E+19
6.68228E+00	1000260560	2.57742E+21	1000260560	2.57742E+21
5.23178E-01	1000260560	6.75906E+18	1000260560	6.75906E+18
6.66791E+00	1000260560	3.88650E+21	1000260560	3.88650E+21
7.42549E+00	1000260560	9.77181E+18	1000260560	9.77181E+18
7.59942E+00	1000260560	3.19246E+19	1000260560	3.19246E+19
9.66662E+00	1000260560	4.23731E+20	1000260560	4.23731E+20
2.56041E+00	1000260560	1.66922E+21	1000260560	1.66922E+21
6.65352E+00	1000260560	4.38713E+20	1000260560	4.38713E+20
8.34952E+00	1000260560	1.75407E+21	1000260560	1.75407E+21
2.44126E+00	1000260560	3.99826E+21	1000260560	3.99826E+21
5.76792E+00	1000260560	8.51166E+19	1000260560	8.51166E+19
6.93769E+00	1000260560	1.09890E+20	1000260560	1.09890E+20
4.99181E+00	1000260560	6.09224E+21	1000260560	6.09224E+21
9.40051E+00	1000260560	2.26143E+20	1000260560	2.26143E+20
6.72710E+00	1000260560	3.32457E+20	1000260560	3.32457E+20
3.71302E+00	1000260560	4.91048E+19	1000260560	4.91048E+19
9.37484E-01	1000260560	1.17439E+20	1000260560	1.17439E+20
3.04621E+00	1000260560	3.10004E+19	1000260560	3.10004E+19
4.18852E+00	1000260560	1.60681E+20	1000260560	1.60681E+20
7.77366E+00	1000260560	1.35675E+21	1000260560	1.35675E+21
8.85296E+00	1000260560	2.65315E+21	1000260560	2.65315E+21
4.74010E+00	1000260560	5.34223E+19	1000260560	5.34223E+19
2.51508E+00	1000260560	4.57553E+20	1000260560	4.57553E+20
2.00925E+00	1000260560	2.67952E+19	1000260560	2.67952E+19
6.66492E+00	1000260560	5.05578E+20	1000260560	5.05578E+20
9.37337E+00	1000260560	1.86366E+20	1000260560	1.86366E+20
2.71473E+00	1000260560	2.44881E+21	1000260560	2.44881E+21
8.14753E+00	1000260560	8.70900E+19	1000260560	8.70900E+19
2.83983E+00	1000260560	7.21011E+20	1000260560	7.21011E+20
4.16324E+00	1000260560	8.01811E+20	1000260560	8.01811E+20
1.62851E+00	1000260560	2.59865E+21	1000260560	2.59865E+21
7.47218E+00	1000260560	2.14861E+21	1000260560	2.14861E+21
2.57980E+00	1000260560	1.14866E+19	1000260560	1.14866E+19
6.05297E+00	1000260560	1.07956E+20	1000260560	1.07956E+20
5.15386E+00	1000260560	1.94564E+20	1000260560	1.94564E+20
3.72784E+00	1000260560	4.02332E+21	1000260560	4.02332E+21
9.18012E-01	1000260560	5.49305E+19	1000260560	5.49305E+19
6.47603E+00	1000260560	1.68751E+20	1000260560	1.68751E+20
8.34091E+00	1000260560	1.43893E+21	1000260560	1.43893E+21
6.90124E+00	1000260560	1.37341E+21	1000260560	1.37341E+21
4.64030E+00	1000260560	1.93674E+19	1000260560	1.93674E+19
2.68677E-01	1000260560	8.90513E+19	1000260560	8.90513E+19
5.54220E+00	1000260560	1.23836E+19	1000260560	1.23836E+19
2.96757E+00	1000260560	3.45488E+20	1000260560	3.45488E+20
5.59467E+00	1000260560	4.55935E+19	1000260560	4.55935E+19
2.78743E+00	1000260560	7.03356E+18	1000260560	7.03356E+18
9.91466E+00	1000260560	4.15193E+21	1000260560	4.15193E+21
4.41386E+00	1000260560	3.52253E+21	1000260560	3.52253E+21
6.67627E+00	1000260560	4.33050E+21	1000260560	4.33050E+21
9.08325E+00	1000260560	1.31847E+20	1000260560	1.31847E+20
5.86209E-01	1000260560	1.25404E+20	1000260560	1.25404E+20
4.64244E+00	1000260560	1.01922E+21	1000260560	1.01922E+21
4.63789E+00	1000260560	6.24748E+20	1000260560	6.24748E+20
5.07375E+00	1000260560	1.33222E+19	1000260560	1.33222E+19
4.19540E-01	1000260560	7.98796E+18	1000260560	7.98796E+18
3.31991E+00	1000260560	8.69212E+19	1000260560	8.69212E+19
4.04419E+00	1000260560	1.09113E+20	1000260560	1.09113E+20
9.34722E+00	1000260560	6.39273E+18	1000260560	6.39273E+18
5.77487E+00	1000260560	7.15131E+18	1000260560	7.15131E+18
8.43609E+00	1000260560	1.38241E+20	1000260560	1.38241E+20
2.66752E+00	1000260560	9.94295E+20	1000260560	9.94295E+20
3.13222E+00	1000260560	7.01610E+19	1000260560	7.01610E+19
1.47203E+00	1000260560	4.20786E+21	1000260560	4.20786E+21
7.87384E+00	1000260560	3.15908E+19	1000260560	3.15908E+19
3.55816E+00	1000260560	1.27283E+21	1000260560	1.27283E+21
8.81641E+00	1000260560	7.03532E+19	1000260560	7.03532E+19
8.61056E+00	1000260560	1.39001E+19	1000260560	1.39001E+19
4.67710E+00	1000260560	5.23226E+20	1000260560	5.23226E+20
6.70538E+00	1000260560	2.95475E+20	1000260560	2.95475E+20
9.47310E+00	1000260560	2.07177E+19	1000260560	2.07177E+19
9.01284E-01	1000260560	4.59306E+21	1000260560	4.59306E+21
8.43976E+00	1000260560	3.65909E+21	1000260560	3.65909E+21
6.19688E+00	1000260560	9.26356E+20	1000260560	9.26356E+20
6.37175E+00	1000260560	4.35463E+19	1000260560	4.35463E+19
6.23954E+00	1000260560	3.41825E+21	1000260560	3.41825E+21
7.61761E+00	1000260560	5.94338E+19	1000260560	5.94338E+19
9.79857E+00	1000260560	3.24811E+20	1000260560	3.24811E+20
6.36484E+00	1000260560	1.22363E+21	1000260560	1.22363E+21
3.41188E+00	1000260560	1.43580E+20	1000260560	1.43580E+20
9.61086E+00	1000260560	3.24512E+21	1000260560	3.24512E+21
3.16292E+00	1000260560	7.69940E+19	1000260560	7.69940E+19
1.89648E+00	1000260560	1.21440E+21	1000260560	1.21440E+21
2.23691E+00	1000260560	4.32260E+19	1000260560	4.32260E+19
7.56771E+00	1000260560	3.14661E+19	1000260560	3.14661E+19
6.02516E+00	1000260560	9.74564E+20	1000260560	9.74564E+20
5.09936E-01	1000260560	1.64676E+19	1000260560	1.64676E+19
6.24683E+00	1000260560	5.77927E+20	1000260560	5.77927E+20
1.40090E+00	1000260560	2.74867E+21	1000260560	2.74867E+21
2.94467E+00	1000260560	8.03686E+18	1000260560	8.03686E+18
9.24694E+00	1000260560	2.76116E+21	1000260560	2.76116E+21
8.77007E+00	1000260560	2.41973E+21	1000260560	2.41973E+21
1.17534E+00	1000260560	1.85963E+21	1000260560	1.85963E+21
6.03630E+00	1000260560	8.27748E+20	1000260560	8.27748E+20
8.92653E+00	1000260560	1.01914E+21	1000260560	1.01914E+21
2.77469E+00	1000260560	1.32703E+20	1000260560	1.32703E+20
8.35883E+00	1000260560	6.03593E+19	1000260560	6.03593E+19
4.31869E+00	1000260560	4.65123E+21	1000260560	4.65123E+21
7.09106E+00	1000260560	2.17594E+20	1000260560	2.17594E+20
1.07268E+00	1000260560	2.57827E+21	1000260560	2.57827E+21
6.07713E+00	1000260560	1.27135E+21	1000260560	1.27135E+21
5.04084E+00	1000260560	1.30288E+20	1000260560	1.30288E+20
1.24019E+00	1000260560	1.73991E+19	1000260560	1.73991E+19
1.97306E+00	1000260560	1.30807E+21	1000260560	1.30807E+21
4.57702E+00	1000260560	5.23142E+21	1000260560	5.23142E+21
3.12209E+00	1000260560	1.54241E+19	1000260560	1.54241E+19
9.96717E+00	1000260560	2.42175E+19	1000260560	2.42175E+19
3.04150E+00	1000260560	6.82837E+20	1000260560	6.82837E+20
8.22900E+00	1000260560	1.22815E+20	1000260560	1.22815E+20
8.43906E+00	1000260560	4.98778E+21	1000260560	4.98778E+21
7.98459E+00	1000260560	7.03982E+20	1000260560	7.03982E+20
6.51943E+00	1000260560	2.13660E+21	1000260560	2.13660E+21
4.60853E+00	1000260560	6.44301E+18	1000260560	6.44301E+18
7.75445E+00	1000260560	2.28269E+21	1000260560	2.28269E+21
2.49252E+00	1000260560	1.73105E+19	1000260560	1.73105E+19
7.20938E+00	1000260560	2.31529E+19	1000260560	2.31529E+19
2.25361E+00	1000260560	1.94496E+19	1000260560	1.94496E+19
8.94581E+00	1000260560	7.99570E+20	1000260560	7.99570E+20
5.01571E+00	1000260560	1.98205E+21	1000260560	1.98205E+21
3.34459E+00	1000260560	9.44662E+20	1000260560	9.44662E+20
5.36373E+00	1000260560	2.77796E+20	1000260560	2.77796E+20
1.23558E+00	1000260560	9.87440E+18	1000260560	9.87440E+18
8.05741E+00	1000260560	5.05335E+21	1000260560	5.05335E+21
7.27160E+00	1000260560	5.75417E+19	1000260560	5.75417E+19
5.26850E+00	1000260560	4.72556E+20	1000260560	4.72556E+20
3.74014E+00	1000260560	1.30365E+21	1000260560	1.30365E+21
7.62850E+00	1000260560	1.01456E+21	1000260560	1.01456E+21
6.91415E-01	1000260560	3.71653E+21	1000260560	3.71653E+21
8.04863E+00	1000260560	2.57312E+20	1000260560	2.57312E+20
9.07194E-01	1000260560	4.02814E+21	1000260560	4.02814E+21
2.23377E+00	1000260560	2.95170E+21	1000260560	2.95170E+21
5.25209E+00	1000260560	2.02767E+20	1000260560	2.02767E+20
6.56856E+00	1000260560	6.87463E+20	1000260560	6.87463E+20
2.76974E+00	1000260560	4.25393E+20	1000260560	4.25393E+20
3.10535E+00	1000260560	2.29722E+19	1000260560	2.29722E+19
6.65097E+00	1000260560	5.07422E+21	1000260560	5.07422E+21
5.32768E+00	1000260560	1.29426E+21	1000260560	1.29426E+21
7.40221E+00	1000260560	4.13493E+21	1000260560	4.13493E+21
9.61168E+00	1000260560	1.39711E+19	1000260560	1.39711E+19
8.36901E+00	1000260560	1.04498E+21	1000260560	1.04498E+21
6.42642E+00	1000260560	2.36759E+21	1000260560	2.36759E+21
7.38408E+00	1000260560	7.98143E+19	1000260560	7.98143E+19
9.77299E+00	1000260560	7.38646E+18	1000260560	7.38646E+18
3.23947E+00	1000260560	5.41309E+21	1000260560	5.41309E+21
4.91435E+00	1000260560	2.59703E+19	1000260560	2.59703E+19
9.81060E+00	1000260560	1.27484E+19	1000260560	1.27484E+19
9.26306E+00	1000260560	7.64879E+18	1000260560	7.64879E+18
7.17374E+00	1000260560	1.44297E+20	1000260560	1.44297E+20
9.76307E+00	1000260560	2.52995E+19	1000260560	2.52995E+19
9.94150E+00	1000260560	7.28954E+18	1000260560	7.28954E+18
5.18988E+00	1000260560	3.92044E+20	1000260560	3.92044E+20
6.29278E+00	1000260560	2.27689E+20	1000260560	2.27689E+20
1.18910E+00	1000260560	1.06639E+20	1000260560	1.06639E+20
2.69527E-01	1000260560	2.44651E+21	1000260560	2.44651E+21
8.71524E+00	1000260560	1.21202E+19	1000260560	1.21202E+19
7.43099E+00	1000260560	3.80010E+20	1000260560	3.80010E+20
4.06514E+00	1000260560	2.79716E+20	1000260560	2.79716E+20
1.96283E+00	1000260560	1.12030E+21	1000260560	1.12030E+21
5.03197E+00	1000260560	1.40078E+20	1000260560	1.40078E+20
4.92531E+00	1000260560	2.76376E+20	1000260560	2.76376E+20
2.16656E+00	1000260560	2.52458E+20	1000260560	2.52458E+20
9.19891E+00	1000260560	2.17563E+20	1000260560	2.17563E+20
5.49540E+00	1000260560	8.71950E+18	1000260560	8.71950E+18
9.74957E+00	1000260560	4.33728E+21	1000260560	4.33728E+21
8.30457E+00	1000260560	1.27678E+20	1000260560	1.27678E+20
2.15799E+00	1000260560	1.83463E+20	1000260560	1.83463E+20
2.24084E+00	1000260560	2.13212E+20	1000260560	2.13212E+20
4.30941E+00	1000260560	3.88243E+20	1000260560	3.88243E+20
5.09096E+00	1000260560	1.22688E+21	1000260560	1.22688E+21
8.25509E+00	1000260560	2.36984E+20	1000260560	2.36984E+20
2.62294E+00	1000260560	4.09716E+19	1000260560	4.09716E+19
9.04913E+00	1000260560	2.01485E+21	1000260560	2.01485E+21
8.09068E+00	1000260560	2.16640E+21	1000260560	2.16640E+21
7.05744E+00	1000260560	1.30277E+21	1000260560	1.30277E+21
8.27157E-01	1000260560	2.79267E+19	1000260560	2.79267E+19
9.46771E+00	1000260560	9.41282E+19	1000260560	9.41282E+19
4.16366E+00	1000260560	1.43838E+19	1000260560	1.43838E+19
1.12600E-01	1000260560	1.38407E+21	1000260560	1.38407E+21
8.66552E+00	1000260560	6.33873E+19	1000260560	6.33873E+19
1.55886E+00	1000260560	1.74912E+21	1000260560	1.74912E+21
8.78890E+00	1000260560	3.42159E+20	1000260560	3.42159E+20
3.34820E+00	1000260560	1.06895E+19	1000260560	1.06895E+19
6.53803E+00	1000260560	2.03973E+20	1000260560	2.03973E+20
8.24862E+00	1000260560	8.01766E+18	1000260560	8.01766E+18
8.69993E-01	1000260560	2.71554E+19	1000260560	2.71554E+19
7.12348E+00	1000260560	9.57702E+19	1000260560	9.57702E+19
9.21985E+00	1000260560	9.69059E+18	1000260560	9.69059E+18
8.99523E+00	1000260560	1.23750E+21	1000260560	1.23750E+21
2.52823E+00	1000260560	6.85655E+19	1000260560	6.85655E+19
3.09826E+00	1000260560	2.19970E+20	1000260560	2.19970E+20
2.43390E+00	1000260560	2.14000E+19	1000260560	2.14000E+19
5.46153E+00	1000260560	8.04986E+20	1000260560	8.04986E+20
6.51778E+00	1000260560	6.09184E+20	1000260560	6.09184E+20
9.67642E+00	1000260560	1.74974E+19	1000260560	1.74974E+19
4.09779E+00	1000260560	2.90490E+19	1000260560	2.90490E+19
9.07074E+00	1000260560	1.22518E+21	1000260560	1.22518E+21
8.68237E+00	1000260560	6.36033E+20	1000260560	6.36033E+20
3.14437E+00	1000260560	5.99969E+21	1000260560	5.99969E+21
2.73319E+00	1000260560	1.85703E+19	1000260560	1.85703E+19
3.02461E+00	1000260560	1.89378E+19	1000260560	1.89378E+19
2.16951E+00	1000260560	2.50526E+20	1000260560	2.50526E+20
4.89628E+00	1000260560	2.38956E+20	1000260560	2.38956E+20
4.57692E+00	1000260560	3.43431E+21	1000260560	3.43431E+21
6.88710E+00	1000260560	2.78467E+21	1000260560	2.78467E+21
6.55590E+00	1000260560	1.55536E+19	1000260560	1.55536E+19
6.50212E+00	1000260560	1.38704E+20	1000260560	1.38704E+20
4.43946E+00	1000260560	2.12799E+21	1000260560	2.12799E+21
8.32679E+00	1000260560	1.90131E+21	1000260560	1.90131E+21
9.81771E+00	1000260560	2.88735E+19	1000260560	2.88735E+19
2.60405E+00	1000260560	5.58936E+19	1000260560	5.58936E+19
6.44394E+00	1000260560	5.72485E+21	1000260560	5.72485E+21
9.95712E+00	1000260560	2.17033E+20	1000260560	2.17033E+20
6.17365E+00	1000260560	1.49261E+21	1000260560	1.49261E+21
6.72661E+00	1000260560	4.18018E+20	1000260560	4.18018E+20
4.06670E+00	1000260560	1.00980E+20	1000260560	1.00980E+20
1.24542E+00	1000260560	1.54432E+20	1000260560	1.54432E+20
6.66181E+00	1000260560	5.78416E+21	1000260560	5.78416E+21
9.31047E+00	1000260560	2.39504E+21	1000260560	2.39504E+21
3.59215E+00	1000260560	2.67379E+20	1000260560	2.67379E+20
3.31333E+00	1000260560	3.41296E+21	1000260560	3.41296E+21
3.14715E-01	1000260560	4.18294E+20	1000260560	4.18294E+20
4.86030E+00	1000260560	1.47361E+20	1000260560	1.47361E+20
7.05353E+00	1000260560	2.42392E+21	1000260560	2.42392E+21
5.10382E+00	1000260560	2.35234E+19	1000260560	2.35234E+19
6.50355E+00	1000260560	1.11533E+19	1000260560	1.11533E+19
1.84067E-01	1000260560	5.64762E+20	1000260560	5.64762E+20
4.82573E+00	1000260560	3.81892E+19	1000260560	3.81892E+19
7.95165E+00	1000260560	2.65734E+19	1000260560	2.65734E+19
9.68870E+00	1000260560	2.94920E+20	1000260560	2.94920E+20
5.75390E+00	1000260560	1.28012E+21	1000260560	1.28012E+21
1.75014E+00	1000260560	4.33229E+19	1000260560	4.33229E+19
4.54614E+00	1000260560	4.69564E+20	1000260560	4.69564E+20
1.56089E+00	1000260560	7.92114E+19	1000260560	7.92114E+19
8.38584E+00	1000260560	2.13388E+19	1000260560	2.13388E+19
1.69283E+00	1000260560	3.89849E+19	1000260560	3.89849E+19
4.36023E+00	1000260560	3.50050E+21	1000260560	3.50050E+21
2.69095E+00	1000260560	2.53177E+21	1000260560	2.53177E+21
4.04079E+00	1000260560	1.57844E+21	1000260560	1.57844E+21
6.58857E+00	1000260560	2.29480E+20	1000260560	2.29480E+20
2.76440E+00	1000260560	7.38592E+18	1000260560	7.38592E+18
5.32076E+00	1000260560	3.70184E+21	1000260560	3.70184E+21
9.58151E+00	1000260560	1.20019E+20	1000260560	1.20019E+20
8.11045E-01	1000260560	8.07870E+20	1000260560	8.07870E+20
7.34882E+00	1000260560	1.55404E+19	1000260560	1.55404E+19
3.26805E+00	1000260560	2.84216E+19	1000260560	2.84216E+19
8.10917E+00	1000260560	1.00907E+21	1000260560	1.00907E+21
8.33132E+00	1000260560	1.11249E+21	1000260560	1.11249E+21
7.73078E+00	1000260560	7.52344E+20	1000260560	7.52344E+20
9.08371E+00	1000260560	1.17358E+19	1000260560	1.17358E+19
6.52355E+00	1000260560	1.01965E+20	1000260560	1.01965E+20
1.48982E+00	1000260560	1.41888E+19	1000260560	1.41888E+19
6.01136E+00	1000260560	2.19860E+21	1000260560	2.19860E+21
7.65703E+00	1000260560	5.76746E+21	1000260560	5.76746E+21
4.41713E+00	1000260560	3.88451E+21	1000260560	3.88451E+21
8.92523E+00	1000260560	6.20275E+19	1000260560	6.20275E+19
6.31957E+00	1000260560	9.54775E+18	1000260560	9.54775E+18
4.72025E+00	1000260560	1.24923E+20	1000260560	1.24923E+20
2.88510E+00	1000260560	4.73870E+21	1000260560	4.73870E+21
7.95197E+00	1000260560	5.32119E+21	1000260560	5.32119E+21
6.88464E+00	1000260560	1.58447E+19	1000260560	1.58447E+19
5.44236E+00	1000260560	3.20985E+19	1000260560	3.20985E+19
8.38641E+00	1000260560	1.59204E+20	1000260560	1.59204E+20
9.48612E+00	1000260560	1.71258E+20	1000260560	1.71258E+20
2.60049E-01	1000260560	1.09510E+19	1000260560	1.09510E+19
2.66291E+00	1000260560	1.11526E+19	1000260560	1.11526E+19
9.93973E+00	1000260560	3.48595E+20	1000260560	3.48595E+20
8.49718E+00	1000260560	2.38805E+19	1000260560	2.38805E+19
7.43426E+00	1000260560	2.53068E+21	1000260560	2.53068E+21
3.33303E+00	1000260560	5.79429E+20	1000260560	5.79429E+20
7.38129E+00	1000260560	5.77152E+21	1000260560	5.77152E+21
2.81443E+00	1000260560	9.20370E+19	1000260560	9.20370E+19
9.75630E+00	1000260560	6.79050E+18	1000260560	6.79050E+18
7.76972E+00	1000260560	2.43365E+20	1000260560	2.43365E+20
7.37054E-01	1000260560	3.84411E+19	1000260560	3.84411E+19
7.37466E+00	1000260560	4.10837E+21	1000260560	4.10837E+21
3.21672E+00	1000260560	4.68165E+21	1000260560	4.68165E+21
8.95398E+00	1000260560	1.44732E+19	1000260560	1.44732E+19
6.40998E+00	1000260560	7.51611E+20	1000260560	7.51611E+20
5.08074E+00	1000260560	6.46888E+18	1000260560	6.46888E+18
1.60132E+00	1000260560	2.53905E+21	1000260560	2.53905E+21
7.76376E+00	1000260560	7.61473E+20	1000260560	7.61473E+20
1.53068E-01	1000260560	6.11030E+21	1000260560	6.11030E+21
9.05607E+00	1000260560	1.83944E+19	1000260560	1.83944E+19
2.73067E+00	1000260560	7.77445E+19	1000260560	7.77445E+19
4.71978E+00	1000260560	1.74199E+20	1000260560	1.74199E+20
2.69901E+00	1000260560	1.79490E+21	1000260560	1.79490E+21
8.05352E+00	1000260560	1.76715E+21	1000260560	1.76715E+21
9.59460E+00	1000260560	3.26105E+20	1000260560	3.26105E+20
3.20368E+00	1000260560	1.36659E+20	1000260560	1.36659E+20
4.89244E+00	1000260560	6.33240E+20	1000260560	6.33240E+20
8.33949E-01	1000260560	1.49614E+21	1000260560	1.49614E+21
2.58435E+00	1000260560	2.02539E+20	1000260560	2.02539E+20
5.44545E-01	1000260560	8.50389E+20	1000260560	8.50389E+20
3.18301E+00	1000260560	7.01218E+18	1000260560	7.01218E+18
5.38723E+00	1000260560	3.11522E+19	1000260560	3.11522E+19
5.61475E+00	1000260560	8.17526E+18	1000260560	8.17526E+18
9.82003E+00	1000260560	1.00307E+19	1000260560	1.00307E+19
3.30404E-01	1000260560	2.32504E+20	1000260560	2.32504E+20
8.18035E+00	1000260560	2.27927E+21	1000260560	2.27927E+21
7.91949E+00	1000260560	3.91723E+19	1000260560	3.91723E+19
1.42837E-01	1000260560	1.01772E+20	1000260560	1.01772E+20
8.79276E+00	1000260560	1.82561E+19	1000260560	1.82561E+19
5.31318E+00	1000260560	2.43097E+21	1000260560	2.43097E+21
8.49009E+00	1000260560	3.40518E+21	1000260560	3.40518E+21
4.55559E+00	1000260560	5.21901E+20	1000260560	5.21901E+20
7.22089E-01	1000260560	4.10975E+19	1000260560	4.10975E+19
4.92037E+00	1000260560	9.78786E+20	1000260560	9.78786E+20
5.41510E+00	1000260560	1.17764E+20	1000260560	1.17764E+20
1.69016E+00	1000260560	9.65613E+19	1000260560	9.65613E+19
4.99802E+00	1000260560	6.85652E+20	1000260560	6.85652E+20
7.87302E+00	1000260560	3.01327E+19	1000260560	3.01327E+19
9.97590E+00	1000260560	3.50465E+20	1000260560	3.50465E+20
6.81909E+00	1000260560	5.31195E+20	1000260560	5.31195E+20
4.34353E+00	1000260560	2.60522E+20	1000260560	2.60522E+20
7.26617E-01	1000260560	6.39574E+19	1000260560	6.39574E+19
2.48636E+00	1000260560	4.17393E+20	1000260560	4.17393E+20
1.11035E-01	1000260560	3.33311E+20	1000260560	3.33311E+20
3.23209E+00	1000260560	1.27721E+20	1000260560	1.27721E+20
5.29958E+00	1000260560	1.12609E+20	1000260560	1.12609E+20
5.00778E+00	1000260560	4.99037E+19	1000260560	4.99037E+19
1.34916E+00	1000260560	6.26112E+19	1000260560	6.26112E+19
3.29668E+00	1000260560	3.76797E+19	1000260560	3.76797E+19
6.75708E+00	1000260560	3.92426E+21	1000260560	3.92426E+21
3.66501E+00	1000260560	2.12162E+21	1000260560	2.12162E+21
5.00799E-01	1000260560	1.04269E+20	1000260560	1.04269E+20
4.63919E+00	1000260560	1.19036E+20	1000260560	1.19036E+20
8.87648E+00	1000260560	4.98922E+19	1000260560	4.98922E+19
1.84087E+00	1000260560	1.56561E+21	1000260560	1.56561E+21
6.98183E+00	1000260560	2.98111E+21	1000260560	2.98111E+21
8.85667E+00	1000260560	2.48298E+19	1000260560	2.48298E+19
4.03161E+00	1000260560	2.86993E+19	1000260560	2.86993E+19
9.49610E+00	1000260560	8.08886E+20	1000260560	8.08886E+20
7.47492E+00	1000260560	1.04863E+20	1000260560	1.04863E+20
8.95819E+00	1000260560	1.81249E+19	1000260560	1.81249E+19
9.62291E+00	1000260560	1.09246E+19	1000260560	1.09246E+19
3.10889E+00	1000260560	1.88287E+20	1000260560	1.88287E+20
