#	D	ID	E	ID0	E0
#
# D             Trajectory length [1 Mpc]
# ID/ID0/ID1    Particle type (PDG MC numbering scheme)
# E/E0/E1       Energy [1 EeV]
# no index = current, 0 = at source, 1 = at point of creation
#
# CRPropa version: -128-NOTFOUND
#
2.59150E+03	1000000010	1.61007E+01	1000010010	1.68859E+01
1.19856E+03	1000010010	4.51222E+00	1000010010	4.51222E+00
2.62981E+03	1000010010	3.39135E+02	1000010010	3.39135E+02
3.81056E+03	1000000010	1.22642E+01	1000010010	9.33286E+01
3.41919E+03	1000000010	3.91273E+01	1000010010	9.71520E+02
3.86980E+03	1000000010	6.52843E+00	1000010010	1.60168E+01
3.60631E+02	1000010010	1.59338E+00	1000010010	1.59338E+00
8.76120E+02	1000010010	3.56910E+00	1000010010	3.56910E+00
7.56070E+02	1000010010	5.04383E+00	1000010010	5.04383E+00
3.84286E+03	1000000010	7.53641E+00	1000010010	9.02154E+00
1.10936E+03	1000010010	5.25699E+00	1000010010	5.25699E+00
2.35230E+03	1000010010	7.56538E+00	1000010010	7.56538E+00
1.49632E+03	1000000010	1.32818E+02	1000010010	3.31550E+02
2.12236E+03	1000000010	1.82119E+02	1000010010	5.42497E+02
4.05885E+03	1000000010	1.07122E+00	1000010010	1.29063E+00
2.11803E+03	1000010010	2.34963E+00	1000010010	2.34963E+00
3.67648E+03	1000000010	2.96171E+02	1000010010	7.47838E+02
3.35535E+03	1000010010	2.33172E+01	1000010010	1.11278E+02
1.84707E+03	1000010010	3.43783E+01	1000010010	2.63602E+02
5.09783E+02	1000010010	2.81922E+00	1000010010	2.81922E+00
2.73265E+03	1000010010	1.36819E+01	1000010010	1.36819E+01
1.27190E+02	1000010010	5.54416E+00	1000010010	5.54416E+00
1.36090E+03	1000010010	9.32066E+00	1000010010	9.32066E+00
1.37900E+03	1000000010	2.12684E+01	1000010010	2.41033E+01
2.53738E+03	1000010010	1.34097E+00	1000010010	1.34097E+00
2.22228E+03	1000010010	5.35258E+00	1000010010	5.35258E+00
4.98156E+03	1000010010	1.25935E+00	1000010010	1.25935E+00
1.32688E+03	1000000010	2.41017E+01	1000010010	3.28629E+01
4.69465E+03	1000000010	6.57713E+00	1000010010	8.88400E+01
1.41501E+03	1000010010	6.88013E+01	1000010010	1.05437E+02
7.16235E+02	1000010010	4.78994E+00	1000010010	4.78994E+00
3.56703E+03	1000000010	3.41861E+01	1000010010	1.19384E+02
4.99498E+03	1000000010	1.81863E+01	1000010010	6.18804E+02
2.78358E+03	1000010010	3.46560E+01	1000010010	1.45782E+02
1.98647E+03	1000010010	3.55445E+00	1000010010	3.55445E+00
2.74444E+03	1000000010	1.69771E+02	1000010010	4.54700E+02
2.66086E+03	1000010010	5.15986E+00	1000010010	5.15986E+00
1.66573E+03	1000000010	6.69166E+00	1000010010	9.96298E+00
3.19082E+03	1000010010	4.72062E+02	1000010010	4.72062E+02
1.96404E+02	1000010010	4.07614E+00	1000010010	4.07614E+00
7.56492E+02	1000010010	4.55470E+00	1000010010	4.55470E+00
1.18043E+02	1000010010	1.39081E+00	1000010010	1.39081E+00
9.60058E+02	1000010010	5.98167E+02	1000010010	5.98167E+02
4.22536E+02	1000010010	2.18221E+01	1000010010	2.18221E+01
4.61806E+03	1000000010	9.72406E+00	1000010010	2.59531E+02
3.00150E+03	1000010010	1.54269E+02	1000010010	2.15111E+02
6.45538E+02	1000010010	1.14452E+00	1000010010	1.14452E+00
3.29717E+03	1000010010	1.89105E+00	1000010010	1.89105E+00
5.35470E+02	1000010010	1.07252E+00	1000010010	1.07252E+00
1.74928E+03	1000010010	2.82627E+00	1000010010	2.82627E+00
9.92083E+02	1000010010	1.17660E+00	1000010010	1.17660E+00
5.08017E+02	1000010010	2.48800E+02	1000010010	2.48800E+02
1.39549E+03	1000010010	3.21285E+01	1000010010	1.03252E+02
3.58605E+03	1000010010	1.59656E+01	1000010010	5.51320E+01
9.96965E+02	1000010010	1.70284E+01	1000010010	1.70284E+01
3.20399E+03	1000000010	2.77448E+02	1000010010	4.64163E+02
8.81720E+02	1000010010	5.55620E+02	1000010010	5.55620E+02
7.52270E+02	1000010010	2.28486E+00	1000010010	2.28486E+00
2.83025E+02	1000010010	2.52233E+00	1000010010	2.52233E+00
2.28909E+03	1000010010	7.14158E+01	1000010010	2.03424E+02
4.47423E+03	1000010010	4.05040E+00	1000010010	7.00690E+00
3.82008E+03	1000000010	1.81698E+02	1000010010	6.57993E+02
3.58119E+03	1000000010	4.90354E+00	1000010010	7.21458E+00
4.69233E+03	1000010010	4.74042E+00	1000010010	7.16648E+00
2.49719E+03	1000010010	4.73659E+01	1000010010	4.73659E+01
2.16856E+03	1000010010	1.83862E+00	1000010010	1.83862E+00
6.75363E+02	1000010010	3.09107E+00	1000010010	3.09107E+00
4.54768E+03	1000000010	4.14828E+00	1000010010	1.65768E+01
6.34475E+02	1000010010	1.32679E+02	1000010010	1.32679E+02
4.39763E+03	1000000010	6.60642E+00	1000010010	8.33120E+00
4.81647E+03	1000000010	3.99832E+00	1000010010	4.83114E+00
1.63014E+03	1000010010	3.06600E+00	1000010010	3.06600E+00
2.98398E+03	1000010010	3.15967E+01	1000010010	1.33946E+02
2.22461E+03	1000010010	1.25122E+02	1000010010	1.65278E+02
4.85963E+02	1000010010	4.78210E+02	1000010010	4.78210E+02
1.73943E+03	1000010010	2.80496E+00	1000010010	2.80496E+00
3.65766E+03	1000000010	1.00444E+02	1000010010	4.97480E+02
3.50022E+03	1000000010	3.22952E+01	1000010010	1.36273E+02
4.31688E+03	1000010010	2.92971E+00	1000010010	2.92971E+00
2.61412E+03	1000010010	2.76391E+00	1000010010	2.76391E+00
2.29381E+03	1000000010	1.60581E+01	1000010010	4.63890E+01
1.38832E+03	1000010010	4.15024E+00	1000010010	4.15024E+00
2.76255E+03	1000000010	1.72738E+01	1000010010	4.17217E+01
7.91329E+02	1000010010	1.37867E+00	1000010010	1.37867E+00
5.99926E+02	1000010010	2.01901E+01	1000010010	2.01901E+01
1.60336E+03	1000010010	1.14584E+00	1000010010	1.14584E+00
1.07807E+03	1000010010	1.67283E+01	1000010010	1.67283E+01
3.45364E+03	1000000010	4.41865E+00	1000010010	5.29959E+00
1.13121E+03	1000010010	2.47596E+02	1000010010	2.47596E+02
6.47652E+02	1000010010	3.03637E+01	1000010010	3.03637E+01
7.27357E+02	1000000010	1.91980E+02	1000010010	2.38413E+02
2.80374E+03	1000010010	3.34241E+00	1000010010	3.34241E+00
1.07196E+03	1000010010	1.85743E+01	1000010010	1.85743E+01
1.61483E+03	1000000010	4.49147E+02	1000010010	7.23482E+02
3.57762E+03	1000000010	2.78533E+01	1000010010	1.47981E+02
1.61423E+03	1000010010	4.51973E+02	1000010010	7.55843E+02
2.61113E+03	1000000010	5.64968E+00	1000010010	7.30214E+00
2.22440E+02	1000010010	2.01263E+00	1000010010	2.01263E+00
2.73920E+03	1000000010	1.40942E+01	1000010010	1.58628E+01
9.50886E+02	1000000010	5.17687E+00	1000010010	6.90984E+00
2.92960E+03	1000010010	1.47077E+01	1000010010	1.48872E+02
4.59908E+03	1000010010	2.47586E+00	1000010010	3.76497E+00
3.17123E+03	1000010010	3.29089E+01	1000010010	5.96716E+02
1.04911E+03	1000010010	1.08470E+02	1000010010	2.46084E+02
7.28195E+02	1000010010	8.58271E+00	1000010010	8.58271E+00
3.62712E+03	1000000010	1.31234E+01	1000010010	4.57235E+01
8.11390E+02	1000010010	1.60060E+01	1000010010	1.60060E+01
4.84297E+03	1000000010	1.18290E+01	1000010010	4.77989E+02
2.09796E+03	1000000010	2.03073E+01	1000010010	7.87872E+01
3.36148E+03	1000000010	4.80917E+01	1000010010	6.65871E+02
1.43706E+03	1000000010	8.10977E+01	1000010010	1.26103E+02
1.65504E+03	1000000010	2.75731E+01	1000010010	1.28037E+02
1.71402E+03	1000010010	8.09347E+00	1000010010	8.09347E+00
3.96526E+03	1000010010	9.86680E+00	1000010010	1.83221E+01
3.36511E+02	1000010010	4.62177E+00	1000010010	4.62177E+00
2.05637E+03	1000010010	6.20055E+00	1000010010	6.20055E+00
2.06904E+03	1000010010	2.31959E+01	1000010010	2.93006E+01
1.90365E+03	1000010010	2.80124E+02	1000010010	2.80124E+02
2.50757E+03	1000010010	5.08208E+01	1000010010	8.30756E+02
2.72010E+03	1000000010	3.05505E+02	1000010010	6.24883E+02
5.53529E+02	1000010010	5.69258E+00	1000010010	5.69258E+00
1.63908E+03	1000010010	1.23823E+01	1000010010	1.39559E+01
4.37667E+03	1000010010	2.45134E+01	1000010010	1.49511E+02
3.04580E+03	1000010010	7.94517E+01	1000010010	1.09945E+02
1.34045E+03	1000010010	3.06775E+00	1000010010	3.06775E+00
2.91051E+03	1000010010	1.59363E+01	1000010010	1.32619E+02
4.99451E+03	1000010010	7.48551E+00	1000010010	1.07436E+01
1.18444E+03	1000010010	3.60196E+01	1000010010	3.60196E+01
3.27177E+02	1000010010	1.21208E+00	1000010010	1.21208E+00
1.43397E+03	1000010010	2.92106E+01	1000010010	3.64168E+01
3.59495E+03	1000010010	3.27053E+00	1000010010	4.81587E+00
4.78783E+03	1000010010	7.90455E+00	1000010010	1.75532E+01
4.22414E+03	1000000010	1.27835E+01	1000010010	1.68448E+01
4.41711E+03	1000000010	6.41042E+01	1000010010	2.50998E+02
4.27707E+03	1000010010	1.67660E+00	1000010010	1.67660E+00
2.26971E+03	1000010010	2.85684E+00	1000010010	3.25402E+00
2.29056E+03	1000000010	3.58976E+01	1000010010	1.04208E+02
2.85978E+02	1000010010	2.43066E+02	1000010010	2.43066E+02
1.93453E+02	1000010010	4.30869E+02	1000010010	4.30869E+02
1.66132E+03	1000010010	3.15618E+00	1000010010	3.15618E+00
3.45209E+03	1000000010	5.35513E+00	1000010010	7.48325E+00
3.22695E+03	1000000010	1.38230E+00	1000010010	1.63102E+00
7.13656E+02	1000010010	7.18646E+00	1000010010	7.18646E+00
1.95572E+03	1000010010	2.42913E+00	1000010010	2.42913E+00
1.64709E+02	1000010010	4.65713E+00	1000010010	4.65713E+00
2.19239E+03	1000010010	1.08979E+01	1000010010	2.48629E+01
4.76613E+02	1000010010	1.70668E+00	1000010010	1.70668E+00
3.71182E+03	1000010010	7.63469E+01	1000010010	8.84761E+02
2.93497E+03	1000000010	1.71156E+01	1000010010	4.22906E+01
3.77867E+03	1000010010	1.13222E+00	1000010010	1.13222E+00
1.78716E+03	1000010010	2.69979E+00	1000010010	2.69979E+00
2.64995E+02	1000010010	3.88018E+02	1000010010	3.88018E+02
1.73719E+02	1000010010	3.14101E+01	1000010010	3.14101E+01
2.80760E+03	1000000010	7.00514E+00	1000010010	8.04281E+00
1.60969E+03	1000010010	4.44705E+00	1000010010	4.44705E+00
1.06352E+03	1000000010	4.45053E+01	1000010010	8.15702E+01
4.53487E+03	1000010010	1.61264E+01	1000010010	2.10299E+02
3.73278E+03	1000010010	4.13646E+00	1000010010	5.44470E+00
1.41038E+03	1000010010	3.52026E+01	1000010010	3.52026E+01
3.44974E+03	1000010010	6.35030E+01	1000010010	1.60195E+02
1.83940E+03	1000010010	1.83736E+01	1000010010	6.77788E+01
1.06306E+03	1000010010	2.29057E+01	1000010010	9.14249E+01
2.93757E+02	1000010010	1.01170E+02	1000010010	1.01170E+02
4.38525E+03	1000010010	1.24844E+00	1000010010	1.24844E+00
4.37355E+03	1000000010	5.76373E+00	1000010010	2.56996E+01
3.85097E+03	1000000010	1.89524E+01	1000010010	3.23453E+01
1.05769E+03	1000010010	3.25632E+01	1000010010	6.61637E+01
3.99491E+03	1000010010	2.22949E+01	1000010010	1.97795E+02
3.77788E+03	1000000010	5.84078E+00	1000010010	7.01656E+00
2.28967E+03	1000000010	1.12403E+01	1000010010	1.22926E+01
3.46548E+03	1000010010	2.52802E+01	1000010010	4.63982E+02
3.84731E+03	1000010010	3.88531E+00	1000010010	1.46130E+01
2.59421E+03	1000010010	4.68141E+01	1000010010	8.27410E+01
9.47302E+02	1000010010	3.31735E+00	1000010010	3.31735E+00
3.91938E+03	1000000010	5.91535E+01	1000010010	1.19606E+02
9.08232E+02	1000010010	7.46945E+02	1000010010	7.46945E+02
1.43965E+02	1000010010	7.90302E+00	1000010010	7.90302E+00
7.68425E+02	1000010010	2.03753E+00	1000010010	2.03753E+00
1.48284E+03	1000010010	8.32546E+00	1000010010	8.32546E+00
4.42025E+03	1000010010	4.55261E+00	1000010010	8.90674E+00
2.04846E+03	1000010010	1.19612E+00	1000010010	1.19612E+00
1.11294E+03	1000010010	6.45166E+01	1000010010	6.45166E+01
4.97044E+03	1000010010	5.27154E+01	1000010010	1.62467E+02
1.74643E+03	1000010010	2.82850E+02	1000010010	4.89736E+02
1.60848E+03	1000010010	3.55050E+00	1000010010	3.55050E+00
1.42582E+03	1000010010	1.88284E+01	1000010010	1.88284E+01
3.13423E+02	1000010010	2.31445E+00	1000010010	2.31445E+00
4.27533E+03	1000010010	6.47012E+00	1000010010	2.44247E+01
2.84328E+03	1000010010	2.32250E+01	1000010010	3.67223E+01
1.98452E+03	1000000010	6.80815E+01	1000010010	7.72586E+01
1.46640E+02	1000010010	1.44132E+00	1000010010	1.44132E+00
4.14460E+02	1000010010	1.46297E+00	1000010010	1.46297E+00
2.03444E+03	1000010010	3.86591E+00	1000010010	3.86591E+00
1.41813E+03	1000000010	2.10382E+02	1000010010	3.69732E+02
2.85128E+03	1000000010	1.97623E+01	1000010010	2.58230E+02
3.76913E+03	1000010010	2.72865E+00	1000010010	2.72865E+00
4.07486E+03	1000000010	6.48980E+00	1000010010	1.18086E+01
2.96106E+03	1000010010	1.41809E+01	1000010010	5.49822E+01
2.39503E+03	1000010010	1.42044E+02	1000010010	8.77793E+02
1.43995E+03	1000000010	2.65882E+01	1000010010	7.73124E+01
4.60915E+03	1000010010	9.74161E+00	1000010010	3.82453E+01
1.05108E+03	1000010010	4.83090E+02	1000010010	8.17410E+02
1.82510E+03	1000010010	5.90624E+02	1000010010	5.90624E+02
1.22531E+03	1000010010	1.12392E+02	1000010010	1.12392E+02
9.87513E+02	1000000010	7.04394E+00	1000010010	7.99732E+00
2.84788E+03	1000000010	9.11690E+00	1000010010	1.33378E+01
3.88721E+03	1000000010	1.26469E+01	1000010010	6.51020E+02
5.25424E+02	1000010010	3.44763E+00	1000010010	3.44763E+00
2.41912E+03	1000010010	2.55296E+01	1000010010	2.94688E+01
4.12216E+02	1000010010	3.74022E+01	1000010010	3.74022E+01
5.28667E+02	1000010010	1.96825E+00	1000010010	1.96825E+00
4.30496E+03	1000010010	7.55445E+01	1000010010	2.23983E+02
8.26462E+02	1000010010	3.22742E+02	1000010010	3.22742E+02
4.78771E+03	1000010010	3.80294E+00	1000010010	5.81043E+00
1.33711E+03	1000010010	4.73924E+00	1000010010	4.73924E+00
4.72637E+03	1000000010	6.04558E+00	1000010010	2.24197E+01
2.46647E+03	1000010010	2.51162E+00	1000010010	2.51162E+00
6.40122E+02	1000010010	3.26780E+02	1000010010	3.26780E+02
2.34511E+03	1000000010	1.81067E+01	1000010010	3.61874E+01
1.75622E+03	1000010010	1.41012E+00	1000010010	1.41012E+00
2.62313E+02	1000010010	1.94569E+02	1000010010	1.94569E+02
2.82539E+03	1000010010	8.45883E+01	1000010010	1.66290E+02
1.59650E+03	1000010010	2.61116E+00	1000010010	2.61116E+00
2.26315E+03	1000010010	1.24375E+02	1000010010	1.84992E+02
1.33010E+02	1000010010	7.76649E+01	1000010010	7.76649E+01
2.91802E+03	1000010010	1.29645E+01	1000010010	2.03962E+01
1.09436E+03	1000010010	3.12804E+01	1000010010	3.12804E+01
7.70596E+02	1000010010	3.79730E+00	1000010010	3.79730E+00
3.20142E+03	1000010010	4.57068E+00	1000010010	4.57068E+00
2.86582E+03	1000000010	7.03210E+01	1000010010	6.32417E+02
1.11309E+03	1000000010	1.00900E+02	1000010010	9.07614E+02
3.41133E+03	1000010010	4.29440E+00	1000010010	4.29440E+00
2.03683E+03	1000010010	3.03602E+02	1000010010	5.21115E+02
2.35378E+03	1000010010	1.15622E+01	1000010010	1.87235E+01
9.24965E+02	1000010010	1.45991E+02	1000010010	1.45991E+02
1.68481E+03	1000010010	3.21148E+00	1000010010	3.21148E+00
4.61294E+02	1000010010	2.26321E+00	1000010010	2.26321E+00
2.38685E+02	1000010010	1.85863E+01	1000010010	1.85863E+01
1.81554E+03	1000000010	5.58563E+01	1000010010	6.07623E+01
1.45970E+03	1000010010	7.45176E+00	1000010010	7.45176E+00
3.91614E+03	1000010010	6.79179E+01	1000010010	6.27411E+02
1.20788E+03	1000010010	2.28520E+02	1000010010	2.84491E+02
3.52205E+02	1000010010	2.70491E+02	1000010010	2.70491E+02
3.02608E+03	1000010010	2.82717E+00	1000010010	2.82717E+00
2.04276E+03	1000010010	4.24272E+01	1000010010	5.42116E+01
2.25855E+03	1000000010	1.00791E+02	1000010010	1.50771E+02
6.17261E+02	1000010010	5.68870E+00	1000010010	5.68870E+00
7.45882E+02	1000010010	5.39783E+02	1000010010	5.39783E+02
1.84949E+03	1000000010	2.86069E+01	1000010010	3.51308E+01
1.28480E+03	1000010010	3.47588E+01	1000010010	3.47588E+01
3.86970E+02	1000010010	2.84236E+00	1000010010	2.84236E+00
3.23620E+03	1000000010	6.91040E+01	1000010010	3.12567E+02
1.90869E+03	1000000010	7.62526E+00	1000010010	1.15716E+01
1.55396E+03	1000010010	1.17081E+02	1000010010	6.57900E+02
3.67921E+03	1000010010	2.72308E+00	1000010010	2.72308E+00
4.92629E+03	1000000010	5.91439E+00	1000010010	8.45201E+00
2.94820E+03	1000000010	1.36982E+01	1000010010	1.80983E+01
6.58683E+02	1000000010	5.29658E+02	1000010010	6.55631E+02
2.38954E+03	1000010010	2.87692E+00	1000010010	2.87692E+00
4.75200E+02	1000010010	5.61014E+01	1000010010	5.61014E+01
1.37976E+03	1000000010	1.68344E+01	1000010010	2.16272E+01
1.25248E+03	1000010010	1.31203E+02	1000010010	1.31203E+02
3.22544E+03	1000000010	2.31819E+01	1000010010	9.64695E+01
3.88504E+03	1000010010	2.54863E+02	1000010010	2.54863E+02
4.21982E+02	1000010010	1.97422E+00	1000010010	1.97422E+00
1.68843E+02	1000010010	7.96638E+00	1000010010	7.96638E+00
9.39828E+02	1000010010	1.14143E+01	1000010010	1.38326E+01
1.92309E+03	1000010010	2.73472E+00	1000010010	2.73472E+00
5.46259E+02	1000010010	2.91292E+00	1000010010	2.91292E+00
3.19820E+02	1000010010	2.22094E+01	1000010010	2.22094E+01
2.82352E+03	1000000010	2.85996E+01	1000010010	9.26196E+01
3.58639E+03	1000010010	5.62506E+00	1000010010	5.62506E+00
2.95026E+02	1000010010	2.15277E+02	1000010010	2.15277E+02
1.48142E+03	1000000010	5.59949E+01	1000010010	9.36226E+01
3.99996E+03	1000010010	4.61230E+00	1000010010	5.27167E+00
3.69834E+03	1000010010	4.96079E+00	1000010010	4.96079E+00
6.19201E+02	1000010010	1.48907E+01	1000010010	1.48907E+01
2.48542E+02	1000010010	3.88198E+01	1000010010	3.88198E+01
1.63277E+03	1000010010	2.20176E+00	1000010010	2.20176E+00
6.28264E+02	1000010010	1.37381E+00	1000010010	1.37381E+00
1.37913E+03	1000010010	5.30813E+00	1000010010	5.30813E+00
1.61160E+03	1000010010	8.15991E+00	1000010010	8.15991E+00
1.13576E+03	1000010010	1.21833E+01	1000010010	1.21833E+01
6.43566E+02	1000010010	9.51400E+01	1000010010	9.51400E+01
1.26018E+03	1000000010	2.45496E+02	1000010010	3.41854E+02
3.26130E+03	1000010010	4.18434E+01	1000010010	1.12864E+02
3.59425E+03	1000010010	3.47302E+01	1000010010	1.12643E+02
4.62303E+03	1000000010	3.24880E+01	1000010010	2.39711E+02
4.81033E+03	1000010010	4.73107E+00	1000010010	7.36937E+00
3.41997E+03	1000010010	6.55136E+02	1000010010	6.55136E+02
4.46261E+03	1000010010	8.08581E+00	1000010010	5.84562E+01
6.38663E+02	1000010010	2.42107E+01	1000010010	2.42107E+01
1.55430E+03	1000010010	2.49952E+01	1000010010	4.74288E+01
3.51498E+03	1000010010	2.94937E+00	1000010010	2.94937E+00
7.96789E+02	1000010010	3.53315E+01	1000010010	3.53315E+01
3.96757E+02	1000010010	1.74482E+01	1000010010	1.74482E+01
3.70006E+03	1000000010	8.01268E+00	1000010010	2.32148E+01
3.69182E+03	1000000010	1.15268E+01	1000010010	6.55058E+01
9.35138E+02	1000010010	3.13225E+02	1000010010	3.13225E+02
1.34119E+03	1000010010	2.81795E+02	1000010010	3.24161E+02
4.38937E+03	1000010010	2.40222E+00	1000010010	2.40222E+00
7.35561E+02	1000010010	1.39868E+02	1000010010	1.39868E+02
2.43863E+03	1000010010	1.36064E+01	1000010010	3.38045E+01
3.99414E+03	1000010010	1.90579E+02	1000010010	7.87626E+02
5.11383E+02	1000010010	1.70353E+00	1000010010	1.70353E+00
1.87607E+03	1000010010	3.07990E+02	1000010010	3.52356E+02
4.17240E+03	1000010010	4.42852E+00	1000010010	4.42852E+00
2.57076E+03	1000000010	8.21826E+00	1000010010	1.46075E+01
1.10355E+02	1000010010	1.02503E+01	1000010010	1.02503E+01
4.73174E+03	1000000010	1.60626E+01	1000010010	2.70821E+02
1.32847E+03	1000010010	4.87695E+02	1000010010	4.87695E+02
1.56735E+02	1000010010	1.04004E+00	1000010010	1.04004E+00
8.67039E+02	1000010010	4.37630E+01	1000010010	4.66176E+01
4.48750E+03	1000010010	2.93243E+00	1000010010	3.77147E+00
3.41515E+03	1000010010	1.42046E+02	1000010010	2.82799E+02
2.23039E+03	1000000010	8.89948E+01	1000010010	1.60889E+02
4.01155E+03	1000010010	4.25913E+00	1000010010	8.42526E+00
3.66683E+03	1000010010	3.93687E+00	1000010010	5.00896E+00
2.97789E+03	1000000010	8.94344E+00	1000010010	1.57902E+01
3.56967E+03	1000010010	1.61799E+01	1000010010	2.42379E+02
4.71360E+02	1000010010	6.97198E+02	1000010010	6.97198E+02
2.16712E+02	1000010010	1.53839E+00	1000010010	1.53839E+00
6.19384E+02	1000010010	4.97328E+00	1000010010	4.97328E+00
2.23455E+03	1000000010	1.19978E+01	1000010010	5.35647E+01
1.23589E+03	1000010010	5.84833E+01	1000010010	5.84833E+01
1.55978E+03	1000010010	1.09919E+00	1000010010	1.09919E+00
2.54129E+02	1000010010	1.84871E+02	1000010010	1.84871E+02
4.23607E+02	1000010010	2.78290E+02	1000010010	2.78290E+02
1.88842E+03	1000000010	5.52769E+01	1000010010	6.89163E+01
4.67083E+03	1000010010	2.81651E+00	1000010010	3.47244E+00
1.20029E+03	1000000010	1.45654E+02	1000010010	9.48745E+02
6.11599E+02	1000010010	9.28161E+01	1000010010	1.02620E+02
1.51028E+03	1000010010	4.20510E+00	1000010010	4.20510E+00
2.32524E+03	1000010010	7.94467E+01	1000010010	9.56430E+01
1.88156E+03	1000010010	1.76783E+01	1000010010	2.16113E+01
3.33738E+03	1000010010	1.15801E+01	1000010010	3.25809E+01
9.53889E+02	1000010010	2.90181E+00	1000010010	2.90181E+00
3.37655E+02	1000010010	3.13092E+00	1000010010	3.13092E+00
3.57720E+03	1000010010	6.15029E+00	1000010010	1.41358E+01
2.28029E+03	1000010010	1.51753E+02	1000010010	2.60750E+02
3.17829E+03	1000000010	1.66234E+01	1000010010	4.66928E+01
1.31258E+03	1000010010	5.34137E+01	1000010010	5.34137E+01
1.05542E+03	1000010010	6.11633E+01	1000010010	6.11633E+01
1.05414E+03	1000010010	8.68662E+01	1000010010	1.25563E+02
9.99495E+02	1000010010	1.19804E+02	1000010010	1.19804E+02
4.31211E+03	1000000010	1.95276E+01	1000010010	2.18709E+02
2.84294E+03	1000000010	6.75551E+01	1000010010	7.12994E+01
1.97715E+03	1000010010	3.58899E+00	1000010010	3.58899E+00
3.14913E+03	1000010010	2.46052E+00	1000010010	2.46052E+00
8.23153E+02	1000010010	4.89147E+02	1000010010	4.89147E+02
2.25116E+03	1000010010	2.74462E+01	1000010010	5.03137E+01
1.90979E+03	1000000010	2.01837E+01	1000010010	2.55406E+01
2.29174E+03	1000010010	3.97619E+02	1000010010	5.28725E+02
2.83761E+03	1000000010	5.50387E+00	1000010010	8.45641E+00
3.31590E+03	1000000010	3.26298E+01	1000010010	7.92291E+01
3.48448E+02	1000010010	7.44529E+00	1000010010	7.44529E+00
1.20681E+03	1000010010	4.03561E+00	1000010010	4.03561E+00
3.71037E+03	1000010010	6.11639E+00	1000010010	2.56176E+01
1.00707E+03	1000010010	2.93645E+01	1000010010	2.93645E+01
1.69962E+03	1000000010	4.01753E+01	1000010010	3.59418E+02
3.88909E+03	1000010010	1.67018E+00	1000010010	1.67018E+00
8.91377E+02	1000010010	1.75171E+02	1000010010	3.67334E+02
4.21383E+03	1000010010	1.81482E+00	1000010010	1.81482E+00
1.69708E+03	1000010010	3.93379E+02	1000010010	4.97752E+02
1.36912E+02	1000010010	1.43417E+01	1000010010	1.43417E+01
3.01357E+03	1000010010	1.07572E+01	1000010010	6.25246E+01
2.05779E+03	1000010010	1.18311E+00	1000010010	1.18311E+00
5.57498E+02	1000010010	6.14913E+02	1000010010	6.14913E+02
4.57767E+03	1000010010	3.20957E+01	1000010010	1.51511E+02
1.33999E+03	1000010010	1.16704E+02	1000010010	1.16704E+02
1.26451E+03	1000010010	1.58786E+02	1000010010	1.58786E+02
8.77595E+02	1000010010	2.55351E+00	1000010010	2.55351E+00
3.69542E+03	1000010010	2.55978E+00	1000010010	2.55978E+00
3.87910E+03	1000010010	7.04902E+01	1000010010	5.77158E+02
4.51183E+03	1000000010	1.77713E+02	1000010010	8.53643E+02
1.32738E+03	1000000010	6.38971E+01	1000010010	1.98100E+02
6.46927E+02	1000010010	4.08744E+00	1000010010	4.08744E+00
1.87014E+03	1000010010	1.76435E+00	1000010010	1.76435E+00
1.46012E+02	1000010010	4.55200E+02	1000010010	4.55200E+02
2.69615E+03	1000010010	1.63687E+00	1000010010	1.63687E+00
3.36505E+03	1000000010	2.73233E+00	1000010010	3.22581E+00
3.83492E+03	1000010010	3.02204E+01	1000010010	3.57497E+02
3.50917E+03	1000010010	3.27673E+00	1000010010	3.27673E+00
1.08509E+03	1000010010	6.59481E+01	1000010010	2.14088E+02
1.12736E+03	1000000010	4.37387E+01	1000010010	8.28016E+01
1.00563E+03	1000010010	1.83217E+02	1000010010	2.14450E+02
2.86773E+03	1000010010	1.69968E+01	1000010010	5.48990E+01
1.56570E+03	1000010010	2.29516E+00	1000010010	2.29516E+00
3.91697E+03	1000010010	2.67389E+00	1000010010	3.83819E+00
1.14868E+03	1000010010	2.54635E+02	1000010010	2.54635E+02
1.81456E+03	1000010010	6.08154E+00	1000010010	6.62308E+00
3.72317E+03	1000010010	1.48364E+01	1000010010	3.76203E+02
3.03468E+03	1000010010	6.90547E+00	1000010010	1.29459E+01
5.14702E+02	1000010010	6.64321E+01	1000010010	1.29891E+02
5.30352E+02	1000010010	9.75531E+00	1000010010	9.75531E+00
1.45283E+03	1000010010	3.70754E+02	1000010010	7.66860E+02
3.52408E+03	1000010010	1.56603E+02	1000010010	2.33695E+02
2.77791E+03	1000010010	3.81563E+00	1000010010	3.81563E+00
2.70600E+03	1000000010	3.32682E+02	1000010010	6.61511E+02
4.12523E+03	1000010010	7.96220E+00	1000010010	2.86776E+01
2.85183E+03	1000010010	2.79201E+01	1000010010	3.63674E+01
9.21548E+02	1000010010	8.74572E+02	1000010010	8.74572E+02
9.69767E+02	1000010010	2.12818E+01	1000010010	2.89770E+01
4.28546E+03	1000000010	2.10896E+01	1000010010	2.27070E+02
3.67978E+03	1000010010	6.87342E+00	1000010010	6.87342E+00
3.04131E+03	1000010010	1.11920E+01	1000010010	1.11920E+01
1.99956E+03	1000010010	1.06100E+01	1000010010	1.06100E+01
2.33320E+03	1000010010	1.04735E+00	1000010010	1.04735E+00
2.00531E+03	1000010010	1.45209E+00	1000010010	1.45209E+00
4.70673E+02	1000000010	4.37864E+01	1000010010	1.19646E+02
4.61731E+03	1000010010	5.43691E+01	1000010010	6.75968E+02
4.79745E+02	1000010010	2.54360E+02	1000010010	2.79111E+02
1.53314E+03	1000000010	2.14822E+01	1000010010	4.23136E+01
1.54774E+03	1000010010	2.20518E+00	1000010010	2.20518E+00
2.08449E+03	1000000010	6.56597E+01	1000010010	6.91962E+01
3.47910E+03	1000010010	2.84543E+00	1000010010	3.37304E+00
1.05197E+03	1000010010	5.71510E+00	1000010010	5.71510E+00
1.16347E+03	1000000010	2.37282E+02	1000010010	3.50201E+02
4.30048E+03	1000000010	3.83532E+00	1000010010	1.07774E+01
2.45201E+03	1000010010	1.01995E+01	1000010010	1.30266E+01
2.48212E+03	1000010010	1.12827E+01	1000010010	1.30511E+01
5.22373E+02	1000010010	2.61514E+02	1000010010	2.61514E+02
2.41589E+03	1000000010	2.95832E+02	1000010010	6.50702E+02
2.27945E+03	1000010010	8.18658E+00	1000010010	8.18658E+00
6.08085E+02	1000010010	4.80778E+00	1000010010	4.80778E+00
3.09347E+03	1000000010	3.04469E+01	1000010010	1.29604E+02
3.46934E+03	1000000010	1.34238E+01	1000010010	6.18597E+01
3.08383E+03	1000010010	2.58414E+02	1000010010	2.82846E+02
2.80502E+03	1000000010	7.16239E+01	1000010010	7.97786E+01
8.21483E+02	1000010010	9.90645E+02	1000010010	9.90645E+02
4.71345E+03	1000000010	1.40571E+01	1000010010	1.02971E+02
8.18812E+02	1000010010	4.18116E+00	1000010010	4.18116E+00
3.11034E+03	1000010010	2.59646E+00	1000010010	2.59646E+00
3.88070E+03	1000000010	7.05365E+00	1000010010	8.10669E+00
2.21892E+03	1000010010	1.05162E+01	1000010010	1.45230E+01
6.32291E+02	1000010010	1.88506E+01	1000010010	1.88506E+01
2.49447E+03	1000010010	5.71635E+02	1000010010	5.71635E+02
2.10110E+03	1000010010	9.00976E+00	1000010010	9.00976E+00
4.03620E+02	1000010010	1.14231E+00	1000010010	1.14231E+00
9.59073E+02	1000010010	7.87203E+00	1000010010	7.87203E+00
3.92828E+03	1000010010	8.14353E+00	1000010010	1.25423E+01
2.12159E+03	1000010010	1.54992E+01	1000010010	2.16267E+01
1.48552E+03	1000010010	1.82979E+01	1000010010	1.82979E+01
6.39422E+02	1000010010	6.69747E+02	1000010010	6.69747E+02
3.55940E+03	1000010010	1.41612E+01	1000010010	3.06647E+01
4.00363E+03	1000010010	1.75142E+01	1000010010	2.31519E+02
1.45085E+03	1000010010	1.17812E+00	1000010010	1.17812E+00
4.08546E+02	1000010010	6.04588E+00	1000010010	6.04588E+00
3.07374E+03	1000000010	3.02455E+01	1000010010	8.35459E+01
2.92497E+03	1000000010	7.38322E+01	1000010010	1.11508E+02
1.35353E+03	1000010010	1.46930E+02	1000010010	1.59987E+02
1.69943E+03	1000010010	3.80151E+00	1000010010	3.80151E+00
3.62272E+03	1000010010	1.60344E+00	1000010010	1.60344E+00
1.24570E+03	1000010010	1.24445E+00	1000010010	1.24445E+00
3.87823E+03	1000000010	1.30504E+01	1000010010	7.54829E+01
2.72972E+02	1000010010	1.28930E+01	1000010010	1.28930E+01
6.09597E+02	1000000010	2.44627E+02	1000010010	5.82850E+02
6.96425E+02	1000010010	8.44247E+00	1000010010	8.44247E+00
1.36209E+03	1000000010	2.08006E+02	1000010010	2.76666E+02
6.61076E+02	1000010010	1.88968E+01	1000010010	2.29548E+01
4.76196E+03	1000010010	8.79071E+00	1000010010	3.01981E+02
2.43996E+03	1000000010	2.72234E+01	1000010010	5.08512E+01
9.79644E+02	1000010010	9.99461E+01	1000010010	2.31419E+02
4.15997E+03	1000000010	4.55118E+00	1000010010	7.53197E+00
1.99497E+03	1000010010	2.12553E+01	1000010010	3.26874E+01
2.97594E+02	1000010010	2.59473E+00	1000010010	2.59473E+00
3.15989E+03	1000010010	1.95895E+01	1000010010	1.60429E+02
2.63114E+02	1000010010	5.20969E+01	1000010010	5.20969E+01
1.65381E+03	1000010010	4.72426E+02	1000010010	5.13198E+02
1.13187E+03	1000010010	1.37278E+01	1000010010	1.37278E+01
3.69797E+03	1000010010	1.05390E+01	1000010010	1.57331E+01
1.40968E+03	1000010010	6.68552E+01	1000010010	2.15976E+02
2.51013E+03	1000010010	3.02062E+00	1000010010	3.02062E+00
6.42910E+02	1000010010	2.19775E+00	1000010010	2.19775E+00
6.86844E+02	1000010010	2.21117E+01	1000010010	2.21117E+01
1.61447E+03	1000000010	2.08926E+02	1000010010	9.91789E+02
7.84201E+02	1000010010	2.03712E+02	1000010010	2.03712E+02
1.99251E+03	1000010010	1.91202E+00	1000010010	1.91202E+00
3.30830E+03	1000000010	8.16420E+01	1000010010	2.21217E+02
2.54171E+03	1000000010	1.23256E+01	1000010010	4.19423E+01
2.54942E+03	1000010010	5.55151E+00	1000010010	6.76845E+00
4.89693E+03	1000000010	3.55922E+01	1000010010	3.52832E+02
4.07264E+02	1000010010	2.71285E+00	1000010010	2.71285E+00
1.73328E+03	1000010010	3.92368E+00	1000010010	3.92368E+00
2.38265E+03	1000010010	9.75866E+01	1000010010	9.53042E+02
1.30247E+03	1000010010	3.38271E+01	1000010010	3.38271E+01
5.41085E+02	1000010010	9.41787E+02	1000010010	9.41787E+02
1.98769E+03	1000010010	2.02380E+02	1000010010	2.02380E+02
2.19424E+03	1000010010	2.87904E+01	1000010010	3.34577E+02
8.75603E+02	1000000010	7.17195E+01	1000010010	8.45958E+01
1.87118E+03	1000010010	6.69257E+01	1000010010	2.36218E+02
2.11868E+03	1000010010	1.55202E+00	1000010010	1.55202E+00
5.68076E+02	1000010010	1.86012E+02	1000010010	3.10406E+02
1.46728E+03	1000010010	3.34551E+00	1000010010	3.34551E+00
1.23711E+03	1000010010	1.49959E+01	1000010010	1.49959E+01
1.11366E+03	1000010010	2.96598E+01	1000010010	2.96598E+01
4.08156E+03	1000010010	6.19417E+01	1000010010	8.03257E+02
2.56977E+03	1000010010	4.88515E+02	1000010010	4.88515E+02
4.95365E+02	1000010010	5.40155E+00	1000010010	5.40155E+00
1.52828E+03	1000010010	6.53178E+02	1000010010	6.53178E+02
1.46599E+02	1000010010	4.48322E+01	1000010010	4.48322E+01
1.02322E+03	1000010010	1.79216E+01	1000010010	1.79216E+01
4.71391E+03	1000010010	2.23685E+00	1000010010	2.23685E+00
1.24395E+03	1000010010	3.12400E+01	1000010010	3.12400E+01
2.62409E+03	1000000010	3.19300E+00	1000010010	3.71755E+00
1.28543E+03	1000000010	2.00268E+01	1000010010	5.22004E+01
2.52085E+03	1000010010	1.62584E+00	1000010010	1.62584E+00
2.91060E+03	1000010010	5.51145E+00	1000010010	5.51145E+00
3.22471E+02	1000010010	2.59246E+02	1000010010	2.59246E+02
2.12472E+03	1000010010	1.52930E+00	1000010010	1.52930E+00
3.82118E+03	1000000010	1.08038E+01	1000010010	1.88939E+02
3.39929E+03	1000010010	1.98776E+01	1000010010	5.43832E+01
2.46416E+03	1000000010	1.63267E+01	1000010010	1.14678E+02
4.03270E+03	1000000010	4.78610E+00	1000010010	5.10493E+00
1.15134E+03	1000000010	2.62954E+01	1000010010	2.93599E+01
4.89619E+02	1000010010	1.52948E+02	1000010010	1.52948E+02
1.19240E+03	1000010010	2.01908E+00	1000010010	2.01908E+00
1.37866E+03	1000010010	3.82530E+01	1000010010	4.34248E+01
1.28002E+03	1000000010	2.26407E+02	1000010010	3.45251E+02
1.02253E+02	1000010010	2.86853E+02	1000010010	2.86853E+02
5.91763E+02	1000010010	1.12624E+01	1000010010	1.12624E+01
1.05584E+03	1000010010	1.88919E+00	1000010010	1.88919E+00
5.50981E+02	1000010010	2.94236E+00	1000010010	2.94236E+00
3.94991E+03	1000010010	2.13669E+00	1000010010	3.75556E+00
2.56006E+03	1000010010	5.15361E+02	1000010010	5.15361E+02
1.89231E+03	1000010010	1.75172E+02	1000010010	4.05725E+02
1.50767E+03	1000000010	1.71167E+02	1000010010	7.08020E+02
9.48761E+02	1000010010	1.17306E+00	1000010010	1.17306E+00
3.21135E+03	1000000010	6.31791E+01	1000010010	3.91352E+02
1.20950E+03	1000010010	7.04978E+00	1000010010	7.04978E+00
1.58696E+03	1000010010	3.52915E+00	1000010010	3.52915E+00
4.64323E+03	1000000010	9.83968E+00	1000010010	3.08486E+01
3.32693E+03	1000000010	1.60293E+01	1000010010	2.72166E+02
1.87788E+03	1000000010	1.43897E+02	1000010010	3.17671E+02
2.04400E+03	1000010010	1.37519E+02	1000010010	1.37519E+02
1.95778E+03	1000010010	1.20153E+00	1000010010	1.20153E+00
9.69596E+02	1000010010	3.34158E+01	1000010010	7.02744E+01
3.96971E+03	1000000010	1.09208E+01	1000010010	4.12781E+02
3.96697E+03	1000000010	1.17866E+01	1000010010	2.69582E+02
1.50628E+03	1000000010	4.72942E+01	1000010010	5.90538E+01
1.54089E+03	1000010010	6.75728E+02	1000010010	6.75728E+02
4.52540E+03	1000000010	8.38620E+01	1000010010	5.19509E+02
2.87712E+03	1000010010	1.21829E+01	1000010010	1.21829E+01
3.48812E+02	1000010010	4.12018E+00	1000010010	4.12018E+00
1.28416E+03	1000010010	1.65056E+01	1000010010	3.14695E+01
3.21174E+03	1000000010	1.13179E+01	1000010010	1.88948E+01
3.99604E+03	1000010010	1.39730E+01	1000010010	4.47884E+02
3.52993E+02	1000010010	5.03634E+01	1000010010	5.03634E+01
1.20668E+03	1000010010	9.82563E+02	1000010010	9.82563E+02
1.83535E+03	1000010010	2.99369E+02	1000010010	2.99369E+02
6.04413E+02	1000010010	7.30531E+00	1000010010	7.30531E+00
2.24494E+03	1000010010	1.83640E+02	1000010010	2.28864E+02
2.91387E+02	1000010010	7.18424E+02	1000010010	7.18424E+02
1.14966E+02	1000010010	8.05784E+02	1000010010	8.05784E+02
4.92832E+03	1000010010	1.77047E+00	1000010010	1.77047E+00
2.66412E+03	1000010010	6.21144E+00	1000010010	6.21144E+00
1.25450E+03	1000010010	3.33027E+01	1000010010	3.81635E+01
1.24350E+02	1000010010	1.82419E+02	1000010010	1.82419E+02
9.68928E+02	1000010010	3.28980E+01	1000010010	3.28980E+01
5.87374E+02	1000010010	2.93646E+02	1000010010	2.93646E+02
1.98142E+03	1000010010	3.24637E+00	1000010010	3.24637E+00
2.21903E+02	1000010010	6.56847E+01	1000010010	9.24270E+01
1.62392E+03	1000000010	1.43923E+01	1000010010	1.62565E+01
3.24092E+03	1000000010	1.98443E+01	1000010010	8.26741E+01
8.32215E+02	1000010010	4.42490E+01	1000010010	4.42490E+01
3.46338E+03	1000010010	2.57619E+01	1000010010	2.67550E+02
2.62205E+03	1000000010	3.42834E+01	1000010010	1.70297E+02
5.08196E+02	1000010010	5.22664E+01	1000010010	5.22664E+01
2.41218E+03	1000010010	4.51378E+01	1000010010	8.47085E+01
4.78820E+03	1000000010	5.85380E+01	1000010010	6.37069E+02
4.25374E+03	1000010010	7.24140E+00	1000010010	2.70706E+01
3.23831E+03	1000000010	1.71518E+02	1000010010	4.95754E+02
1.94140E+03	1000010010	4.58082E+00	1000010010	4.58082E+00
1.15603E+03	1000010010	8.71773E+02	1000010010	8.71773E+02
2.09221E+03	1000010010	3.35854E+01	1000010010	4.14581E+01
1.90119E+03	1000010010	1.55263E+01	1000010010	1.55263E+01
1.44396E+02	1000010010	7.43266E+02	1000010010	7.43266E+02
8.11901E+02	1000010010	2.34704E+02	1000010010	4.88058E+02
8.66408E+02	1000010010	2.63901E+00	1000010010	2.63901E+00
5.69568E+02	1000000010	1.55912E+02	1000010010	2.35715E+02
3.10067E+03	1000000010	7.41788E+01	1000010010	2.87986E+02
2.11395E+03	1000010010	1.99295E+00	1000010010	1.99295E+00
2.46996E+03	1000000010	3.05383E+01	1000010010	4.24851E+01
4.89923E+03	1000010010	9.22649E+00	1000010010	6.61185E+01
1.61830E+03	1000010010	4.58206E+00	1000010010	4.58206E+00
8.02314E+02	1000010010	2.89332E+02	1000010010	3.48712E+02
1.75554E+03	1000000010	1.43706E+02	1000010010	2.45369E+02
2.78446E+02	1000010010	3.22347E+02	1000010010	3.22347E+02
4.97053E+03	1000010010	8.65229E+00	1000010010	8.54083E+01
1.36366E+02	1000010010	4.07653E+01	1000010010	4.07653E+01
1.98978E+03	1000010010	8.57102E+01	1000010010	8.57102E+01
1.24176E+03	1000010010	7.39745E+02	1000010010	7.39745E+02
1.64432E+03	1000010010	9.24747E+02	1000010010	9.24747E+02
2.82198E+02	1000010010	1.58791E+01	1000010010	1.58791E+01
4.19719E+03	1000010010	3.22001E+00	1000010010	3.22001E+00
3.63170E+03	1000010010	3.52491E+00	1000010010	4.58708E+00
5.87768E+02	1000010010	1.47634E+01	1000010010	1.47634E+01
1.67164E+03	1000010010	1.14356E+01	1000010010	1.14356E+01
4.44504E+02	1000010010	3.31423E+00	1000010010	3.31423E+00
3.96072E+03	1000010010	2.25662E+00	1000010010	2.25662E+00
2.34422E+02	1000010010	1.42086E+01	1000010010	1.42086E+01
5.20711E+02	1000010010	2.66964E+01	1000010010	3.21875E+01
4.37958E+03	1000010010	1.40653E+00	1000010010	1.40653E+00
3.87540E+03	1000000010	5.47444E+00	1000010010	1.00461E+01
4.26211E+03	1000010010	7.13599E+00	1000010010	1.08611E+01
4.47411E+03	1000000010	1.47089E+01	1000010010	4.26647E+02
3.02130E+03	1000010010	8.83657E+00	1000010010	3.55060E+01
8.21302E+02	1000010010	2.58071E+02	1000010010	2.58071E+02
4.39721E+02	1000010010	3.55067E+01	1000010010	3.55067E+01
3.80588E+02	1000010010	3.60560E+02	1000010010	3.60560E+02
1.45749E+03	1000010010	2.01319E+02	1000010010	2.97225E+02
3.70476E+02	1000010010	1.59458E+01	1000010010	1.59458E+01
3.52769E+03	1000000010	1.95037E+01	1000010010	7.36059E+02
1.83739E+03	1000010010	2.10465E+00	1000010010	2.10465E+00
3.85022E+03	1000010010	2.16176E+00	1000010010	2.16176E+00
7.23311E+02	1000010010	5.89971E+01	1000010010	5.89971E+01
1.81736E+03	1000010010	2.55054E+02	1000010010	7.10085E+02
2.98821E+03	1000010010	7.21973E+00	1000010010	8.16106E+00
2.30153E+03	1000010010	2.18139E+01	1000010010	8.03879E+01
4.01238E+03	1000010010	4.52626E+00	1000010010	7.34413E+00
4.28823E+03	1000000010	8.13244E+00	1000010010	2.05989E+01
5.15741E+02	1000010010	1.03064E+00	1000010010	1.03064E+00
3.06995E+03	1000000010	2.38519E+02	1000010010	5.92577E+02
2.80063E+03	1000010010	5.26622E+01	1000010010	1.10997E+02
1.45683E+03	1000000010	1.51294E+02	1000010010	3.32262E+02
1.24783E+03	1000010010	3.82854E+01	1000010010	4.25430E+01
3.49170E+03	1000010010	9.79656E+00	1000010010	2.75929E+01
1.10453E+03	1000010010	2.82162E+02	1000010010	4.81779E+02
2.64892E+03	1000010010	5.71060E+00	1000010010	7.50527E+00
9.37336E+02	1000010010	2.12343E+02	1000010010	2.12343E+02
2.19554E+03	1000010010	1.39696E+01	1000010010	1.84194E+01
7.58181E+02	1000010010	4.14568E+00	1000010010	4.14568E+00
6.67364E+02	1000010010	2.83680E+01	1000010010	2.83680E+01
9.14274E+02	1000010010	1.07825E+01	1000010010	1.07825E+01
8.45295E+02	1000010010	4.60897E+00	1000010010	4.60897E+00
2.12556E+02	1000010010	1.29523E+02	1000010010	1.96758E+02
1.18189E+03	1000010010	1.76072E+00	1000010010	1.76072E+00
2.05258E+03	1000010010	2.89387E+01	1000010010	4.09749E+01
1.49576E+03	1000000010	9.90169E+00	1000010010	1.24646E+01
5.64884E+02	1000010010	3.20581E+00	1000010010	3.20581E+00
2.85661E+03	1000000010	1.25138E+01	1000010010	2.92352E+01
2.24564E+03	1000010010	1.11252E+02	1000010010	2.48119E+02
8.17432E+02	1000010010	1.17873E+02	1000010010	2.42606E+02
9.41970E+02	1000010010	3.22578E+01	1000010010	3.22578E+01
4.56723E+03	1000010010	1.45711E+00	1000010010	1.45711E+00
1.57917E+03	1000010010	8.16942E+00	1000010010	9.34232E+00
1.01606E+03	1000010010	1.07051E+01	1000010010	1.35185E+01
2.48809E+03	1000010010	3.73695E+00	1000010010	3.73695E+00
1.53259E+03	1000010010	3.62342E+00	1000010010	3.62342E+00
1.12799E+03	1000010010	1.73649E+02	1000010010	2.11924E+02
2.67058E+03	1000010010	8.78825E+01	1000010010	2.08844E+02
4.24991E+03	1000010010	3.63085E+00	1000010010	4.68020E+00
1.95860E+03	1000010010	1.22011E+01	1000010010	1.22011E+01
8.62360E+02	1000010010	6.50108E+00	1000010010	6.50108E+00
1.35972E+03	1000000010	7.26390E+01	1000010010	3.11302E+02
2.71047E+02	1000010010	4.29602E+01	1000010010	4.29602E+01
6.25713E+02	1000010010	1.10659E+01	1000010010	1.10659E+01
2.26923E+03	1000010010	5.33269E+01	1000010010	9.24073E+01
1.17381E+03	1000000010	3.53420E+01	1000010010	3.77835E+01
1.83411E+03	1000010010	3.50034E+01	1000010010	2.08929E+02
4.04462E+03	1000000010	1.15980E+02	1000010010	8.21754E+02
5.01907E+02	1000010010	1.04449E+01	1000010010	1.04449E+01
2.23944E+03	1000010010	4.19063E+00	1000010010	4.19063E+00
3.69650E+03	1000010010	4.80827E+00	1000010010	4.80827E+00
3.80433E+02	1000010010	1.15761E+00	1000010010	1.15761E+00
4.98313E+03	1000000010	1.22260E+01	1000010010	2.01352E+02
1.88601E+03	1000010010	4.81313E+02	1000010010	4.81313E+02
1.02015E+03	1000010010	1.13033E+02	1000010010	1.13033E+02
3.23553E+03	1000010010	9.91836E+02	1000010010	9.91836E+02
4.59991E+03	1000000010	7.97255E+00	1000010010	6.62639E+01
6.20893E+02	1000010010	3.35973E+01	1000010010	3.35973E+01
4.28713E+03	1000000010	1.38483E+00	1000010010	1.55752E+00
3.96363E+03	1000000010	7.58968E+01	1000010010	1.51703E+02
1.46114E+03	1000010010	3.98253E+01	1000010010	6.70958E+01
3.97100E+03	1000000010	4.79101E+00	1000010010	1.34718E+01
4.40347E+03	1000010010	4.64978E+00	1000010010	6.63151E+00
3.23413E+03	1000000010	1.25946E+01	1000010010	2.31818E+01
8.54954E+02	1000010010	2.85980E+00	1000010010	2.85980E+00
6.43570E+02	1000010010	8.86721E+02	1000010010	8.86721E+02
1.24754E+03	1000010010	5.99619E+00	1000010010	5.99619E+00
1.98512E+03	1000010010	1.30451E+00	1000010010	1.30451E+00
2.84563E+03	1000000010	1.09923E+02	1000010010	7.11634E+02
2.88336E+03	1000010010	1.10536E+02	1000010010	1.28531E+02
3.62766E+03	1000010010	1.84558E+02	1000010010	3.45726E+02
3.55589E+03	1000010010	6.08647E+02	1000010010	6.50873E+02
3.07788E+02	1000010010	3.62239E+00	1000010010	3.62239E+00
8.93313E+02	1000000010	6.08339E+01	1000010010	6.88668E+01
4.07966E+03	1000000010	2.34306E+01	1000010010	1.53350E+02
1.13193E+02	1000010010	7.05707E+01	1000010010	7.05707E+01
7.77729E+02	1000010010	5.63754E+00	1000010010	5.63754E+00
3.94696E+03	1000010010	3.09879E+00	1000010010	3.09879E+00
1.00256E+03	1000000010	1.38024E+01	1000010010	1.90250E+01
2.91806E+02	1000010010	4.83381E+01	1000010010	4.83381E+01
1.75344E+03	1000010010	5.10440E+01	1000010010	9.46044E+01
1.21418E+03	1000010010	1.77603E+01	1000010010	1.77603E+01
3.89333E+03	1000010010	1.05509E+01	1000010010	2.71329E+01
2.92396E+03	1000010010	3.50967E+00	1000010010	3.50967E+00
5.91677E+02	1000010010	1.69960E+00	1000010010	1.69960E+00
4.28603E+03	1000000010	5.59198E+01	1000010010	2.30092E+02
4.02700E+03	1000010010	8.94195E+00	1000010010	1.49867E+01
4.09783E+03	1000000010	1.16134E+01	1000010010	3.06126E+02
7.15806E+02	1000010010	3.74319E+00	1000010010	3.74319E+00
3.70813E+03	1000010010	1.52331E+01	1000010010	5.95311E+01
2.71811E+03	1000010010	8.17685E+00	1000010010	2.55667E+01
5.57508E+02	1000010010	1.90920E+00	1000010010	1.90920E+00
2.45994E+03	1000000010	5.11202E+01	1000010010	1.25088E+02
2.84409E+02	1000010010	7.13851E+01	1000010010	7.13851E+01
3.11766E+02	1000010010	7.00749E+01	1000010010	7.00749E+01
3.79937E+02	1000010010	3.44518E+00	1000010010	3.44518E+00
2.87930E+03	1000010010	1.84827E+02	1000010010	4.32766E+02
2.60359E+03	1000000010	2.93500E+02	1000010010	9.12303E+02
4.88348E+02	1000010010	2.80056E+00	1000010010	2.80056E+00
1.77283E+03	1000010010	2.07127E+01	1000010010	3.31849E+01
1.11943E+03	1000010010	6.47190E+00	1000010010	6.47190E+00
2.27119E+03	1000010010	1.09762E+02	1000010010	3.12349E+02
1.90976E+03	1000000010	6.15415E+01	1000010010	1.00482E+02
2.07998E+03	1000010010	1.71321E+01	1000010010	4.62674E+01
1.22285E+03	1000010010	3.06544E+00	1000010010	3.06544E+00
3.35917E+03	1000000010	1.41857E+01	1000010010	7.39279E+01
3.23159E+03	1000010010	3.39520E+01	1000010010	7.62221E+02
1.24379E+02	1000010010	1.89359E+00	1000010010	1.89359E+00
4.06630E+03	1000010010	6.22280E+01	1000010010	2.67339E+02
2.80901E+03	1000000010	3.20657E+01	1000010010	1.02250E+02
2.16199E+03	1000000010	1.21066E+01	1000010010	4.14079E+01
2.02954E+03	1000000010	6.71077E+01	1000010010	9.46492E+01
3.02466E+03	1000010010	2.01422E+02	1000010010	4.63545E+02
1.28257E+03	1000000010	4.21693E+01	1000010010	6.21232E+01
4.58676E+03	1000000010	8.35741E+00	1000010010	3.95776E+01
6.86712E+02	1000010010	4.18968E+01	1000010010	4.18968E+01
6.55670E+02	1000010010	1.39609E+02	1000010010	1.39609E+02
1.95123E+03	1000010010	1.12971E+02	1000010010	4.34841E+02
3.14841E+03	1000000010	1.16796E+01	1000010010	1.70621E+01
3.73887E+03	1000010010	2.61559E+00	1000010010	2.61559E+00
2.10485E+03	1000000010	2.11148E+01	1000010010	5.80552E+01
2.00812E+03	1000000010	1.22929E+00	1000010010	1.45289E+00
4.60130E+03	1000010010	3.28877E+00	1000010010	5.11215E+00
2.19737E+03	1000010010	1.53478E+00	1000010010	1.53478E+00
1.16422E+02	1000010010	1.56780E+01	1000010010	1.56780E+01
2.24574E+03	1000010010	1.01221E+00	1000010010	1.01221E+00
3.79758E+03	1000000010	3.81655E+00	1000010010	5.31127E+00
4.04447E+03	1000010010	1.41315E+00	1000010010	1.41315E+00
2.77133E+03	1000000010	1.86971E+02	1000010010	2.63875E+02
2.68802E+03	1000010010	9.29981E+01	1000010010	2.37282E+02
1.51291E+03	1000010010	3.30589E+01	1000010010	3.30589E+01
1.63776E+03	1000010010	1.02113E+00	1000010010	1.02113E+00
1.94964E+02	1000010010	3.28814E+00	1000010010	3.28814E+00
1.26046E+03	1000010010	5.29988E+00	1000010010	5.29988E+00
1.91196E+03	1000010010	2.15184E+01	1000010010	2.15184E+01
2.54324E+03	1000010010	2.07324E+01	1000010010	5.65646E+01
3.34828E+03	1000010010	6.22443E+01	1000010010	8.96532E+02
2.08316E+03	1000010010	3.57198E+01	1000010010	3.57198E+01
2.98058E+03	1000000010	1.75802E+02	1000010010	2.55773E+02
4.18585E+03	1000010010	4.31573E+00	1000010010	4.37756E+01
1.30992E+03	1000010010	6.01450E+00	1000010010	6.01450E+00
8.09218E+02	1000010010	5.87761E+01	1000010010	6.66045E+01
3.32173E+03	1000010010	6.30118E+01	1000010010	4.20622E+02
1.62738E+03	1000000010	1.43418E+02	1000010010	2.32902E+02
2.46016E+03	1000010010	1.17822E+00	1000010010	1.17822E+00
2.86226E+03	1000010010	4.95905E+00	1000010010	4.95905E+00
9.41286E+02	1000010010	2.09099E+01	1000010010	3.37989E+01
4.37042E+02	1000010010	4.25786E+01	1000010010	4.25786E+01
1.15431E+03	1000000010	6.99056E+01	1000010010	1.24204E+02
3.01988E+03	1000010010	1.54987E+00	1000010010	1.54987E+00
1.04969E+03	1000000010	3.96213E+01	1000010010	9.54255E+01
4.42168E+03	1000000010	8.24273E+00	1000010010	3.89321E+02
8.92208E+02	1000010010	2.54642E+02	1000010010	2.54642E+02
2.48407E+03	1000010010	1.55376E+00	1000010010	1.55376E+00
4.26332E+03	1000000010	1.01512E+01	1000010010	5.19240E+01
3.04313E+03	1000000010	2.39194E+02	1000010010	2.70782E+02
3.20067E+03	1000010010	1.01259E+01	1000010010	1.54921E+01
4.74333E+03	1000010010	1.06581E+01	1000010010	5.61007E+02
3.61315E+03	1000000010	1.52738E+01	1000010010	4.56482E+01
9.99865E+02	1000010010	1.79847E+00	1000010010	1.79847E+00
5.54031E+02	1000010010	4.26273E+00	1000010010	4.26273E+00
1.36364E+03	1000000010	2.75169E+01	1000010010	8.41988E+01
1.15207E+03	1000000010	5.01549E+01	1000010010	5.69553E+01
1.61029E+03	1000010010	1.54150E+00	1000010010	1.54150E+00
4.85182E+02	1000010010	1.01259E+02	1000010010	1.73227E+02
3.87344E+03	1000010010	4.34200E+00	1000010010	5.83070E+00
4.72633E+03	1000000010	6.53114E+00	1000010010	1.95402E+01
1.39790E+03	1000010010	1.80088E+00	1000010010	1.80088E+00
4.59540E+03	1000010010	4.92741E+01	1000010010	2.15777E+02
1.03922E+03	1000000010	4.99162E+01	1000010010	9.93070E+01
2.51383E+03	1000010010	8.71862E+02	1000010010	8.71862E+02
3.71493E+03	1000000010	3.13656E+00	1000010010	3.56888E+00
3.64231E+03	1000010010	3.14565E+02	1000010010	4.56330E+02
3.88514E+03	1000010010	1.78603E+01	1000010010	1.01087E+02
2.84286E+03	1000010010	6.94405E+00	1000010010	7.65070E+00
1.66237E+03	1000000010	7.76885E+01	1000010010	1.03997E+02
4.65157E+03	1000000010	1.05529E+01	1000010010	1.32851E+02
1.79580E+02	1000010010	2.51128E+00	1000010010	2.51128E+00
3.45402E+03	1000010010	2.18051E+01	1000010010	5.99332E+01
5.01974E+02	1000010010	2.74127E+01	1000010010	2.74127E+01
4.43902E+03	1000010010	3.00343E+00	1000010010	3.00343E+00
2.25811E+03	1000000010	1.47979E+00	1000010010	1.73625E+00
1.61455E+03	1000010010	2.79463E+00	1000010010	2.79463E+00
3.27223E+03	1000010010	1.14645E+02	1000010010	9.99375E+02
7.58326E+02	1000010010	9.42719E+02	1000010010	9.42719E+02
4.96724E+03	1000010010	1.17838E+01	1000010010	7.76974E+02
5.45798E+02	1000010010	9.59168E+00	1000010010	9.59168E+00
1.06555E+03	1000010010	1.08631E+02	1000010010	1.88457E+02
1.34732E+03	1000000010	1.23242E+02	1000010010	1.69742E+02
7.96382E+02	1000010010	2.74005E+00	1000010010	2.74005E+00
4.52169E+03	1000010010	6.69268E+00	1000010010	2.71145E+01
5.86191E+02	1000010010	3.48184E+01	1000010010	5.07708E+01
1.44157E+03	1000000010	1.55454E+02	1000010010	3.95272E+02
3.26756E+03	1000000010	4.50040E+01	1000010010	1.76275E+02
1.84429E+03	1000000010	2.02991E+02	1000010010	5.11552E+02
2.63396E+03	1000010010	1.90317E+02	1000010010	2.93588E+02
1.25203E+03	1000010010	6.10987E+02	1000010010	6.10987E+02
9.51571E+02	1000010010	7.46370E+01	1000010010	2.55498E+02
1.97559E+03	1000010010	2.55029E+00	1000010010	2.55029E+00
1.61698E+03	1000010010	4.95171E+01	1000010010	4.95171E+01
2.12789E+03	1000010010	1.34203E+00	1000010010	1.34203E+00
2.94851E+03	1000010010	1.65494E+02	1000010010	5.39079E+02
3.66962E+03	1000000010	1.19319E+01	1000010010	1.52284E+01
2.93283E+03	1000010010	1.19187E+00	1000010010	1.19187E+00
1.00506E+03	1000010010	2.04489E+00	1000010010	2.04489E+00
2.11869E+03	1000000010	1.57906E+01	1000010010	3.51555E+01
4.96954E+03	1000000010	5.03535E+00	1000010010	1.53505E+01
2.80496E+02	1000010010	1.15738E+01	1000010010	1.15738E+01
7.03663E+02	1000010010	7.90610E+01	1000010010	7.90610E+01
2.82723E+02	1000010010	6.80438E+00	1000010010	6.80438E+00
4.81569E+03	1000010010	1.04989E+01	1000010010	1.64720E+02
1.79511E+03	1000010010	4.18434E+01	1000010010	6.94269E+01
1.36052E+03	1000010010	3.28173E+02	1000010010	3.28173E+02
1.18956E+03	1000010010	4.99466E+01	1000010010	4.99466E+01
3.87862E+03	1000010010	1.69240E+00	1000010010	1.69240E+00
1.14867E+03	1000010010	6.24057E+00	1000010010	6.24057E+00
4.18523E+03	1000000010	1.40986E+00	1000010010	1.86142E+00
1.02376E+03	1000010010	2.74070E+00	1000010010	2.74070E+00
1.83624E+03	1000010010	1.69262E+02	1000010010	3.42344E+02
4.76668E+03	1000000010	5.39224E+00	1000010010	1.03209E+02
1.70835E+02	1000010010	1.16212E+00	1000010010	1.16212E+00
3.40963E+03	1000000010	8.79091E+00	1000010010	4.85119E+01
4.89106E+02	1000010010	1.42366E+00	1000010010	1.42366E+00
3.63182E+03	1000010010	8.89758E+01	1000010010	5.34658E+02
1.61252E+03	1000000010	4.27828E+00	1000010010	4.96330E+00
1.16567E+03	1000010010	4.41659E+01	1000010010	6.40981E+01
3.35559E+03	1000010010	5.69674E+00	1000010010	5.69674E+00
1.04772E+03	1000010010	2.04947E+00	1000010010	2.04947E+00
4.32665E+03	1000000010	1.42230E+01	1000010010	1.69956E+02
2.36130E+02	1000010010	1.40110E+02	1000010010	1.72263E+02
2.48767E+03	1000000010	8.83746E+01	1000010010	1.24622E+02
3.99624E+03	1000010010	3.56477E+00	1000010010	3.56477E+00
1.34663E+03	1000010010	4.44688E+02	1000010010	5.57529E+02
1.18157E+03	1000010010	1.34256E+00	1000010010	1.34256E+00
4.96049E+03	1000010010	5.74145E+00	1000010010	1.30993E+01
1.94027E+03	1000000010	2.82416E+02	1000010010	6.64208E+02
3.83133E+03	1000010010	2.47191E+00	1000010010	2.47191E+00
1.75428E+03	1000010010	8.15243E+00	1000010010	1.11317E+01
4.47308E+03	1000000010	1.23817E+01	1000010010	1.94285E+02
4.98708E+02	1000010010	2.80702E+00	1000010010	2.80702E+00
1.53705E+03	1000000010	9.34890E+00	1000010010	1.06971E+01
1.19533E+03	1000010010	4.60178E+00	1000010010	4.60178E+00
6.51070E+02	1000000010	5.98460E+02	1000010010	8.19837E+02
4.84602E+03	1000000010	5.73597E+00	1000010010	1.19355E+01
4.72064E+03	1000010010	8.86869E+00	1000010010	2.27934E+01
4.47026E+03	1000000010	1.38697E+00	1000010010	1.61817E+00
2.88687E+02	1000010010	4.17490E+00	1000010010	4.17490E+00
2.00502E+03	1000010010	1.27534E+02	1000010010	4.05953E+02
1.06281E+03	1000010010	3.99772E+01	1000010010	3.99772E+01
6.63456E+02	1000010010	2.05149E+01	1000010010	2.05149E+01
2.07288E+03	1000000010	6.92530E+01	1000010010	8.93871E+01
4.52393E+03	1000000010	2.47226E+00	1000010010	3.08381E+00
7.76928E+02	1000010010	1.20567E+01	1000010010	1.20567E+01
4.36467E+03	1000000010	1.58502E+00	1000010010	2.31566E+00
1.47583E+03	1000010010	1.43048E+01	1000010010	3.56106E+01
1.68264E+03	1000010010	3.00243E+00	1000010010	3.00243E+00
1.67243E+03	1000000010	1.65327E+02	1000010010	2.17421E+02
2.52969E+03	1000010010	1.06596E+00	1000010010	1.06596E+00
6.75686E+02	1000010010	3.15747E+00	1000010010	3.15747E+00
1.26309E+03	1000010010	7.65906E+00	1000010010	7.65906E+00
1.76933E+03	1000000010	1.16868E+02	1000010010	3.55630E+02
3.65164E+03	1000000010	1.83053E+01	1000010010	6.77747E+01
4.30198E+02	1000010010	1.04920E+01	1000010010	1.04920E+01
4.86622E+02	1000010010	8.87179E+00	1000010010	8.87179E+00
2.11348E+03	1000000010	4.06213E+01	1000010010	6.38102E+01
5.06364E+02	1000010010	1.50988E+00	1000010010	1.50988E+00
1.89309E+03	1000010010	3.44982E+00	1000010010	3.44982E+00
4.78628E+03	1000000010	6.35539E+00	1000010010	8.67892E+00
2.88059E+03	1000010010	6.74687E+00	1000010010	6.74687E+00
2.01319E+03	1000000010	2.25763E+01	1000010010	4.86085E+01
3.87125E+03	1000010010	9.49021E+00	1000010010	7.93421E+01
1.29243E+02	1000010010	1.33032E+02	1000010010	1.33032E+02
1.94494E+03	1000010010	5.47848E+00	1000010010	5.47848E+00
1.52226E+03	1000010010	2.79972E+02	1000010010	4.49800E+02
1.06922E+03	1000010010	3.27109E+02	1000010010	3.27109E+02
2.66879E+03	1000000010	3.15066E+01	1000010010	9.36107E+01
9.94966E+02	1000000010	7.18130E+01	1000010010	1.68321E+02
6.95799E+02	1000010010	3.96111E+02	1000010010	6.68634E+02
4.60904E+03	1000010010	9.84711E+00	1000010010	4.54417E+01
3.23157E+03	1000010010	1.19774E+01	1000010010	2.16559E+01
7.60899E+02	1000010010	6.78148E+02	1000010010	6.78148E+02
4.59155E+03	1000000010	6.52162E+00	1000010010	7.52360E+01
2.44060E+03	1000010010	1.23887E+00	1000010010	1.23887E+00
3.76993E+03	1000010010	2.62241E+00	1000010010	2.62241E+00
1.22322E+03	1000010010	4.83796E+02	1000010010	5.13883E+02
4.01102E+03	1000000010	5.53084E+00	1000010010	7.66662E+00
7.29343E+02	1000010010	9.26384E+00	1000010010	9.26384E+00
2.89573E+03	1000000010	6.86169E+00	1000010010	9.62093E+00
3.15377E+03	1000000010	9.65003E+00	1000010010	1.43932E+01
2.44277E+03	1000000010	3.82585E+01	1000010010	5.38660E+01
5.04138E+02	1000010010	1.07046E+01	1000010010	1.07046E+01
3.52314E+03	1000010010	4.03999E+00	1000010010	4.03999E+00
1.12966E+03	1000010010	3.38842E+01	1000010010	1.22961E+02
1.63374E+03	1000010010	2.74204E+02	1000010010	6.13000E+02
1.13398E+03	1000010010	1.29862E+00	1000010010	1.29862E+00
2.83901E+02	1000010010	5.28422E+01	1000010010	5.28422E+01
1.14008E+03	1000010010	1.14420E+00	1000010010	1.14420E+00
1.18839E+03	1000010010	7.25077E+00	1000010010	7.25077E+00
2.92633E+03	1000010010	1.00373E+01	1000010010	4.78806E+01
2.32540E+03	1000010010	1.09955E+00	1000010010	1.09955E+00
6.97039E+02	1000010010	8.74616E+01	1000010010	8.74616E+01
2.35880E+03	1000010010	3.76414E+01	1000010010	6.35920E+01
1.06716E+03	1000000010	7.82884E+01	1000010010	1.35069E+02
2.08983E+03	1000010010	2.75784E+02	1000010010	3.34203E+02
1.07477E+03	1000010010	7.62057E+00	1000010010	7.62057E+00
3.64531E+03	1000010010	6.90449E+01	1000010010	1.50786E+02
2.05511E+02	1000010010	1.46974E+02	1000010010	1.46974E+02
3.24941E+03	1000000010	2.44221E+01	1000010010	1.51099E+02
3.62451E+03	1000000010	8.61810E+00	1000010010	1.10986E+01
3.93842E+03	1000000010	1.22682E+01	1000010010	7.50096E+01
3.65261E+03	1000000010	4.89272E+00	1000010010	1.06316E+01
6.52410E+02	1000010010	1.23923E+01	1000010010	1.23923E+01
4.38368E+03	1000000010	1.45794E+01	1000010010	7.86650E+01
2.08136E+02	1000010010	7.35922E+01	1000010010	7.35922E+01
1.46077E+03	1000010010	1.54595E+01	1000010010	3.70350E+01
4.11384E+02	1000010010	2.85283E+01	1000010010	8.09296E+01
3.92995E+03	1000010010	1.21762E+01	1000010010	6.22516E+01
1.95220E+03	1000010010	1.12596E+01	1000010010	1.12596E+01
4.79488E+03	1000010010	4.68016E+00	1000010010	4.68016E+00
1.53478E+03	1000010010	1.18723E+01	1000010010	1.18723E+01
2.87691E+03	1000010010	1.74231E+00	1000010010	1.74231E+00
2.77787E+03	1000010010	3.11412E+00	1000010010	3.11412E+00
4.20110E+03	1000010010	1.24440E+01	1000010010	3.86359E+02
1.84839E+02	1000010010	1.98001E+01	1000010010	1.98001E+01
1.34218E+03	1000010010	2.29502E+00	1000010010	2.29502E+00
3.58227E+03	1000010010	1.09356E+01	1000010010	1.70989E+01
2.04049E+03	1000010010	3.51569E+01	1000010010	1.27345E+02
3.58328E+02	1000010010	9.21363E+02	1000010010	9.21363E+02
4.38509E+03	1000010010	9.99967E+00	1000010010	4.77240E+01
4.42908E+02	1000010010	9.36036E+00	1000010010	9.36036E+00
9.31357E+02	1000010010	5.91006E+01	1000010010	5.91006E+01
2.10832E+03	1000000010	1.51276E+01	1000010010	4.11123E+01
2.03450E+03	1000010010	7.51879E+00	1000010010	7.51879E+00
1.53968E+03	1000000010	2.30033E+02	1000010010	6.24434E+02
1.18418E+03	1000010010	5.97927E+01	1000010010	5.97927E+01
2.51231E+03	1000000010	2.18381E+01	1000010010	3.22996E+02
1.55518E+03	1000010010	2.40334E+02	1000010010	2.40334E+02
9.62219E+02	1000010010	8.34714E+00	1000010010	8.34714E+00
1.27687E+03	1000010010	7.97258E+00	1000010010	7.97258E+00
8.56335E+02	1000010010	3.80255E+02	1000010010	3.80255E+02
1.68770E+03	1000010010	4.28113E+01	1000010010	1.77820E+02
2.14071E+02	1000010010	2.08204E+00	1000010010	2.08204E+00
2.04219E+03	1000010010	2.63061E+00	1000010010	2.63061E+00
1.51864E+02	1000010010	4.70462E+01	1000010010	4.70462E+01
2.81782E+03	1000010010	6.46507E+00	1000010010	6.46507E+00
6.54950E+02	1000010010	1.90831E+02	1000010010	5.81683E+02
1.64984E+03	1000000010	9.96151E+00	1000010010	1.28337E+01
4.43873E+03	1000000010	5.19157E+00	1000010010	1.49324E+01
4.81124E+03	1000010010	5.40605E+00	1000010010	3.92527E+01
1.55459E+02	1000010010	1.71755E+00	1000010010	1.71755E+00
1.64614E+03	1000000010	8.41046E+00	1000010010	9.87811E+00
3.76512E+03	1000000010	1.43567E+01	1000010010	1.09925E+02
1.11987E+03	1000010010	2.14819E+02	1000010010	6.69929E+02
2.90984E+02	1000010010	3.20014E+01	1000010010	3.20014E+01
2.82978E+03	1000010010	4.47822E+00	1000010010	5.06991E+00
4.57930E+03	1000010010	5.14692E+00	1000010010	8.91734E+00
4.44585E+03	1000000010	1.04297E+01	1000010010	3.35265E+01
3.06058E+03	1000000010	4.98762E+00	1000010010	8.74279E+00
1.00583E+03	1000010010	8.32173E+00	1000010010	8.32173E+00
3.03188E+03	1000000010	2.72525E+00	1000010010	4.28620E+00
1.94699E+03	1000010010	8.45420E+00	1000010010	9.85770E+00
3.89938E+02	1000010010	7.96729E+00	1000010010	7.96729E+00
4.96660E+03	1000010010	5.35558E+00	1000010010	1.20017E+01
1.91084E+03	1000000010	1.60448E+00	1000010010	1.86018E+00
4.52116E+03	1000010010	1.10911E+01	1000010010	7.47610E+02
1.44410E+03	1000010010	1.61902E+02	1000010010	7.99174E+02
2.10985E+03	1000010010	6.27347E+01	1000010010	9.55279E+01
1.93668E+03	1000010010	8.48557E+00	1000010010	8.48557E+00
3.12476E+03	1000000010	6.71879E+00	1000010010	7.72009E+00
2.34313E+03	1000000010	2.13616E+01	1000010010	3.92315E+01
1.36620E+03	1000010010	6.86120E+02	1000010010	8.19236E+02
5.23048E+02	1000010010	1.29120E+01	1000010010	1.29120E+01
2.60122E+03	1000000010	1.44214E+02	1000010010	9.62712E+02
3.28578E+03	1000000010	2.43058E+02	1000010010	9.62853E+02
3.28578E+03	1000000010	1.03981E+02	1000010010	9.62853E+02
2.97922E+03	1000000010	2.42575E+01	1000010010	4.48691E+01
2.65278E+03	1000000010	3.00596E+01	1000010010	1.45446E+02
1.29206E+03	1000010010	1.88449E+01	1000010010	3.17912E+01
2.03432E+03	1000010010	1.21498E+01	1000010010	1.21498E+01
1.15074E+03	1000010010	1.73312E+02	1000010010	8.35211E+02
2.22097E+03	1000000010	2.64570E+02	1000010010	4.31498E+02
2.23592E+03	1000010010	3.68954E+00	1000010010	3.68954E+00
1.32481E+03	1000010010	5.92128E+00	1000010010	5.92128E+00
3.82854E+03	1000000010	1.54620E+01	1000010010	2.20732E+01
2.61303E+02	1000010010	1.49875E+02	1000010010	1.49875E+02
3.99416E+03	1000000010	5.50135E+00	1000010010	7.20720E+00
4.37775E+02	1000010010	2.76652E+00	1000010010	2.76652E+00
