#	D	ID	E	ID0	E0
#
# D             Trajectory length [1 Mpc]
# ID/ID0/ID1    Particle type (PDG MC numbering scheme)
# E/E0/E1       Energy [1 EeV]
# no index = current, 0 = at source, 1 = at point of creation
#
# CRPropa version: -128-NOTFOUND
#
7.53236E+00	1000010010	3.09170E+01	1000010010	3.09693E+01
2.98840E+00	1000010010	5.41687E+00	1000010010	5.42050E+00
6.53444E+00	1000010010	3.34331E+00	1000010010	3.34822E+00
1.77107E+00	1000010010	7.86749E+01	1000010010	7.87062E+01
4.48843E+00	1000010010	1.16956E+01	1000010010	1.17074E+01
3.34340E+00	1000010010	1.90644E+02	1000010010	1.90787E+02
1.20333E-01	1000010010	1.81558E+02	1000010010	1.81563E+02
6.94553E+00	1000010010	2.52663E+02	1000010010	2.53057E+02
8.37196E+00	1000010010	9.36690E+01	1000010010	9.38451E+01
4.68237E+00	1000010010	2.90810E+01	1000010010	2.91116E+01
8.58853E+00	1000010010	1.72839E+00	1000010010	1.73172E+00
5.12793E+00	1000010010	4.19121E+00	1000010010	4.19603E+00
1.25960E+00	1000010010	3.78925E+00	1000010010	3.79032E+00
6.15412E+00	1000010010	1.09477E+02	1000010010	1.09628E+02
9.34101E+00	1000010010	1.03421E+01	1000010010	1.03638E+01
5.40100E+00	1000010010	5.84188E+00	1000010010	5.84896E+00
2.51031E-01	1000010010	2.80200E+01	1000010010	2.80216E+01
8.51871E+00	1000010010	2.42615E+01	1000010010	2.43080E+01
5.15896E+00	1000010010	3.32284E+02	1000010010	3.32669E+02
3.27771E+00	1000010010	2.96129E+00	1000010010	2.96347E+00
1.84031E+00	1000010010	5.08661E+00	1000010010	5.08871E+00
9.78939E+00	1000010010	5.78131E+01	1000010010	5.79402E+01
4.36692E+00	1000010010	1.33979E+00	1000010010	1.34111E+00
1.62602E+00	1000010010	2.43918E+02	1000010010	2.44007E+02
2.08119E+00	1000010010	1.19819E+02	1000010010	1.19875E+02
7.83964E+00	1000010010	1.61410E+01	1000010010	1.61695E+01
6.50246E+00	1000010010	1.88676E+02	1000010010	1.88952E+02
6.34010E+00	1000010010	2.39380E+02	1000010010	2.39721E+02
8.50070E+00	1000010010	5.60623E+02	1000010010	5.61694E+02
2.77529E+00	1000010010	1.79286E+01	1000010010	1.79398E+01
4.46125E+00	1000010010	2.17355E+00	1000010010	2.17573E+00
8.98065E+00	1000010010	6.77145E+02	1000010010	6.78511E+02
7.92045E-01	1000010010	3.52751E+00	1000010010	3.52814E+00
8.31613E+00	1000010010	2.48219E+02	1000010010	2.48682E+02
5.86668E+00	1000010010	4.67813E+00	1000010010	4.68430E+00
4.46421E+00	1000010010	1.09058E+01	1000010010	1.09167E+01
5.44508E+00	1000010010	1.63307E+00	1000010010	1.63507E+00
7.84365E-02	1000010010	4.00928E+01	1000010010	4.00935E+01
1.61083E+00	1000010010	3.51820E+02	1000010010	3.51948E+02
2.86136E-01	1000010010	1.26296E+01	1000010010	1.26304E+01
8.27226E+00	1000010010	8.33919E+01	1000010010	8.35468E+01
9.97971E+00	1000010010	1.60827E+02	1000010010	1.61187E+02
1.90409E+00	1000010010	1.69695E+02	1000010010	1.69767E+02
3.26759E-01	1000010010	1.05142E+01	1000010010	1.05149E+01
1.88858E+00	1000010010	2.52270E+02	1000010010	2.52377E+02
6.99135E+00	1000010010	1.21481E+01	1000010010	1.21672E+01
2.75101E+00	1000010010	9.57276E+01	1000010010	9.57868E+01
3.38528E+00	1000010010	5.31441E+01	1000010010	5.31845E+01
3.22970E+00	1000010010	1.61765E+00	1000010010	1.61882E+00
7.23598E+00	1000010010	1.93390E+01	1000010010	1.93704E+01
3.46673E+00	1000010010	4.42364E+00	1000010010	4.42708E+00
9.65120E+00	1000010010	1.58786E+00	1000010010	1.59130E+00
7.13083E+00	1000010010	1.37843E+01	1000010010	1.38064E+01
6.49991E+00	1000010010	8.64154E+00	1000010010	8.65416E+00
1.88240E+00	1000010010	1.43099E+02	1000010010	1.43159E+02
7.46096E+00	1000010010	7.27228E+01	1000010010	7.28446E+01
3.72503E+00	1000010010	3.85466E+02	1000010010	3.85789E+02
7.22156E+00	1000010010	8.14759E+02	1000010010	8.16080E+02
9.64048E+00	1000010010	5.85874E+00	1000010010	5.87143E+00
3.96745E+00	1000010010	1.93326E+01	1000010010	1.93498E+01
4.87583E+00	1000010010	9.27819E+00	1000010010	9.28834E+00
4.23307E+00	1000010010	7.32880E+01	1000010010	7.33576E+01
9.19403E-02	1000010010	2.40184E+01	1000010010	2.40189E+01
5.51933E+00	1000010010	8.59538E+02	1000010010	8.60603E+02
5.55866E-01	1000010010	7.87824E+00	1000010010	7.87923E+00
9.94237E+00	1000010010	4.38709E+02	1000010010	4.39689E+02
4.65277E+00	1000010010	5.86628E+02	1000010010	5.87241E+02
1.90470E+00	1000010010	2.51157E+02	1000010010	2.51264E+02
4.18368E+00	1000010010	2.30282E+01	1000010010	2.30498E+01
5.68910E+00	1000010010	2.89995E+02	1000010010	2.90366E+02
5.64956E+00	1000010010	4.34547E+00	1000010010	4.35098E+00
5.34119E+00	1000010010	1.97699E+02	1000010010	1.97936E+02
9.51072E+00	1000010010	1.25189E+00	1000010010	1.25457E+00
2.97653E+00	1000010010	2.04303E+02	1000010010	2.04440E+02
8.63532E+00	1000010010	2.29783E+00	1000010010	2.30229E+00
5.52029E+00	1000010010	1.34212E+01	1000010010	1.34379E+01
8.62407E+00	1000010010	3.00143E+02	1000010010	3.00725E+02
7.81288E+00	1000010010	5.12247E+02	1000010010	5.13145E+02
7.63050E+00	1000010010	2.96552E+00	1000010010	2.97060E+00
3.63951E+00	1000010010	3.66473E+01	1000010010	3.66773E+01
7.10687E+00	1000010010	1.51557E+02	1000010010	1.51799E+02
8.09829E+00	1000010010	3.03168E+01	1000010010	3.03720E+01
6.72094E+00	1000010010	1.71977E+00	1000010010	1.72236E+00
1.19704E-01	1000010010	3.65028E+01	1000010010	3.65038E+01
3.69673E+00	1000010010	3.83026E+00	1000010010	3.83344E+00
7.24441E+00	1000010010	3.69843E+01	1000010010	3.70444E+01
2.44177E+00	1000010010	2.74244E+00	1000010010	2.74395E+00
5.00171E+00	1000010010	1.21936E+02	1000010010	1.22073E+02
7.49069E+00	1000010010	5.62317E+02	1000010010	5.63263E+02
1.14123E+00	1000010010	4.66912E+01	1000010010	4.67032E+01
2.63441E+00	1000010010	1.10017E+01	1000010010	1.10082E+01
8.83120E+00	1000010010	6.60154E+01	1000010010	6.61463E+01
7.68035E+00	1000010010	1.99345E+00	1000010010	1.99689E+00
3.80919E+00	1000010010	3.27633E+02	1000010010	3.27913E+02
4.35224E+00	1000010010	5.55616E+01	1000010010	5.56159E+01
6.73783E+00	1000010010	8.24762E+02	1000010010	8.26010E+02
8.95449E+00	1000010010	3.57255E+00	1000010010	3.57973E+00
3.66696E+00	1000010010	4.76471E+02	1000010010	4.76863E+02
2.50292E+00	1000010010	6.47991E+00	1000010010	6.48355E+00
8.10235E+00	1000010010	8.12468E+00	1000010010	8.13947E+00
1.29432E+00	1000010010	8.94795E+01	1000010010	8.95055E+01
1.48619E+00	1000010010	3.72306E+02	1000010010	3.72430E+02
9.02977E+00	1000010010	5.48774E+00	1000010010	5.49887E+00
7.76115E+00	1000010010	1.67414E+02	1000010010	1.67706E+02
6.43672E+00	1000010010	2.68975E+02	1000010010	2.69364E+02
8.87804E+00	1000010010	1.90628E+02	1000010010	1.91009E+02
2.44074E+00	1000010010	1.12459E+01	1000010010	1.12520E+01
8.66649E+00	1000010010	3.20881E+01	1000010010	3.21506E+01
4.93742E+00	1000010010	1.68453E+00	1000010010	1.68639E+00
6.02453E+00	1000010010	8.97077E+02	1000010010	8.98290E+02
5.88791E+00	1000010010	2.63385E+01	1000010010	2.63734E+01
4.83908E+00	1000010010	9.74368E+01	1000010010	9.75427E+01
2.68913E+00	1000010010	3.72371E+00	1000010010	3.72596E+00
7.78579E+00	1000010010	5.68035E+02	1000010010	5.69028E+02
2.01489E+00	1000010010	1.57808E+01	1000010010	1.57879E+01
7.51490E+00	1000010010	1.77730E+01	1000010010	1.78030E+01
5.32901E+00	1000010010	1.42369E+01	1000010010	1.42539E+01
5.82773E+00	1000010010	1.29256E+01	1000010010	1.29425E+01
7.00972E+00	1000010010	2.66150E+01	1000010010	2.66569E+01
6.96995E+00	1000010010	3.43560E+01	1000010010	3.44098E+01
1.87853E+00	1000010010	2.85112E+01	1000010010	2.85232E+01
3.87227E+00	1000010010	1.12906E+02	1000010010	1.13004E+02
6.52652E+00	1000010010	6.10683E+02	1000010010	6.11578E+02
8.11304E+00	1000010010	3.22694E+02	1000010010	3.23282E+02
6.15036E+00	1000010010	1.26178E+02	1000010010	1.26352E+02
9.87587E+00	1000010010	3.63302E+02	1000010010	3.64107E+02
7.54121E-01	1000010010	1.45124E+00	1000010010	1.45149E+00
7.46192E+00	1000010010	4.85661E+00	1000010010	4.86475E+00
4.42483E+00	1000010010	5.03819E+00	1000010010	5.04319E+00
2.25059E+00	1000010010	6.27531E+01	1000010010	6.27848E+01
4.41607E+00	1000010010	1.84024E+00	1000010010	1.84207E+00
3.22621E+00	1000010010	3.34393E+01	1000010010	3.34635E+01
6.98305E+00	1000010010	4.02768E+02	1000010010	4.03400E+02
1.10723E+00	1000010010	7.79235E+01	1000010010	7.79429E+01
6.22579E+00	1000010010	1.35829E+01	1000010010	1.36019E+01
1.38483E+00	1000010010	9.72481E+02	1000010010	9.72783E+02
3.16093E+00	1000010010	6.49229E+00	1000010010	6.49690E+00
6.20371E+00	1000010010	5.11693E+01	1000010010	5.12406E+01
2.85896E+00	1000010010	4.24270E+01	1000010010	4.24542E+01
2.88193E+00	1000010010	2.55699E+02	1000010010	2.55864E+02
1.39013E+00	1000010010	1.75148E+00	1000010010	1.75203E+00
8.94967E+00	1000010010	1.14362E+02	1000010010	1.14592E+02
6.87054E+00	1000010010	2.28585E+02	1000010010	2.28938E+02
2.83167E+00	1000010010	5.65477E+00	1000010010	5.65837E+00
4.73271E+00	1000010010	2.67322E+00	1000010010	2.67606E+00
1.83282E+00	1000010010	3.94344E+02	1000010010	3.94506E+02
8.40018E+00	1000010010	3.97319E+01	1000010010	3.98069E+01
3.23079E+00	1000010010	2.60994E+02	1000010010	2.61183E+02
4.97164E+00	1000010010	2.12804E+02	1000010010	2.13041E+02
6.23100E+00	1000010010	7.73816E+02	1000010010	7.74899E+02
4.86332E-01	1000010010	1.71387E+00	1000010010	1.71405E+00
9.01647E-01	1000010010	2.93571E+01	1000010010	2.93630E+01
4.67302E+00	1000010010	3.33950E+02	1000010010	3.34300E+02
8.81739E+00	1000010010	2.36770E+02	1000010010	2.37239E+02
1.85422E+00	1000010010	1.91513E+00	1000010010	1.91593E+00
5.28395E+00	1000010010	3.13525E+02	1000010010	3.13897E+02
6.02768E+00	1000010010	1.09554E+02	1000010010	1.09703E+02
8.20369E+00	1000010010	2.25260E+00	1000010010	2.25675E+00
1.79009E+00	1000010010	1.56896E+02	1000010010	1.56960E+02
4.25363E+00	1000010010	3.30275E+01	1000010010	3.30591E+01
7.48873E+00	1000010010	1.71141E+00	1000010010	1.71429E+00
9.68735E+00	1000010010	1.35739E+02	1000010010	1.36034E+02
6.08341E+00	1000010010	3.03850E+01	1000010010	3.04265E+01
4.62967E+00	1000010010	1.95276E+01	1000010010	1.95479E+01
1.04871E+00	1000010010	7.80586E+01	1000010010	7.80769E+01
4.76917E+00	1000010010	6.42792E+01	1000010010	6.43480E+01
7.46058E+00	1000010010	2.92928E+00	1000010010	2.93419E+00
3.98447E+00	1000010010	1.00052E+02	1000010010	1.00142E+02
5.68751E+00	1000010010	9.24703E+00	1000010010	9.25884E+00
5.46138E+00	1000010010	2.53615E+01	1000010010	2.53926E+01
8.11140E+00	1000010010	6.96749E+02	1000010010	6.98018E+02
7.54363E-01	1000010010	1.20706E+02	1000010010	1.20727E+02
5.05923E+00	1000010010	4.16139E+02	1000010010	4.16612E+02
7.20438E+00	1000010010	7.54734E+02	1000010010	7.55955E+02
1.05905E+00	1000010010	1.65088E+01	1000010010	1.65127E+01
3.99767E+00	1000010010	4.58291E+01	1000010010	4.58702E+01
1.30100E+00	1000010010	1.25263E+00	1000010010	1.25299E+00
9.41921E+00	1000010010	4.82738E+00	1000010010	4.83759E+00
6.19609E+00	1000010010	6.90916E+01	1000010010	6.91877E+01
5.20323E+00	1000010010	9.35396E+02	1000010010	9.36489E+02
1.72184E+00	1000010010	6.81488E+02	1000010010	6.81752E+02
7.73554E+00	1000010010	6.22077E+01	1000010010	6.23158E+01
9.16131E+00	1000010010	5.77340E+00	1000010010	5.78528E+00
2.37559E+00	1000010010	7.53204E+01	1000010010	7.53606E+01
5.49009E+00	1000010010	9.23295E+00	1000010010	9.24433E+00
2.98503E+00	1000010010	1.58726E+02	1000010010	1.58832E+02
9.14789E+00	1000010010	7.42470E+01	1000010010	7.43996E+01
4.19007E+00	1000010010	8.67788E+02	1000010010	8.68604E+02
5.66840E+00	1000010010	8.12556E+02	1000010010	8.13590E+02
1.90297E+00	1000010010	7.22482E+02	1000010010	7.22791E+02
7.04022E+00	1000010010	2.90064E+01	1000010010	2.90523E+01
5.89727E+00	1000010010	4.72957E+01	1000010010	4.73583E+01
6.63096E+00	1000010010	6.29833E+01	1000010010	6.30771E+01
5.71177E+00	1000010010	4.99204E+02	1000010010	4.99844E+02
5.48369E+00	1000010010	1.26173E+01	1000010010	1.26328E+01
3.32804E+00	1000010010	3.08645E+02	1000010010	3.08876E+02
6.58349E+00	1000010010	1.55313E+02	1000010010	1.55542E+02
1.36509E+00	1000010010	2.13424E+02	1000010010	2.13490E+02
2.61680E+00	1000010010	8.83964E+00	1000010010	8.84483E+00
4.94919E+00	1000010010	8.51008E+02	1000010010	8.51954E+02
4.84340E+00	1000010010	2.28476E+01	1000010010	2.28724E+01
8.09430E+00	1000010010	4.66437E+02	1000010010	4.67285E+02
9.21280E-01	1000010010	2.22916E+02	1000010010	2.22962E+02
7.57593E+00	1000010010	3.62018E+02	1000010010	3.62634E+02
1.91992E+00	1000010010	8.76841E+00	1000010010	8.77219E+00
3.17095E+00	1000010010	3.07663E+01	1000010010	3.07883E+01
1.99493E+00	1000010010	4.70951E+01	1000010010	4.71162E+01
4.37873E+00	1000010010	1.23731E+01	1000010010	1.23852E+01
1.62242E-01	1000010010	2.61468E+02	1000010010	2.61478E+02
5.97998E+00	1000010010	5.19202E+01	1000010010	5.19899E+01
6.68476E+00	1000010010	1.40374E+00	1000010010	1.40585E+00
6.11729E+00	1000010010	1.82669E+02	1000010010	1.82920E+02
3.78029E+00	1000010010	7.40483E+02	1000010010	7.41112E+02
5.54534E+00	1000010010	3.31019E+02	1000010010	3.31432E+02
7.85732E+00	1000010010	2.96331E+01	1000010010	2.96854E+01
1.84661E+00	1000010010	7.71838E+01	1000010010	7.72158E+01
2.50966E+00	1000010010	9.23092E+02	1000010010	9.23612E+02
5.73070E+00	1000010010	1.78724E+02	1000010010	1.78954E+02
1.90804E+00	1000010010	1.45094E+01	1000010010	1.45156E+01
7.35039E+00	1000010010	2.85323E+02	1000010010	2.85794E+02
4.40068E+00	1000010010	6.73109E+00	1000010010	6.73774E+00
7.18688E+00	1000010010	4.03798E+00	1000010010	4.04450E+00
8.97630E-01	1000010010	3.17758E+00	1000010010	3.17822E+00
6.76830E+00	1000010010	6.42756E+00	1000010010	6.43733E+00
6.66346E+00	1000010010	4.47370E+01	1000010010	4.48040E+01
3.98575E+00	1000010010	1.48753E+00	1000010010	1.48886E+00
1.26209E+00	1000010010	2.90288E+01	1000010010	2.90370E+01
2.57293E-01	1000010010	6.45896E+02	1000010010	6.45933E+02
6.81941E-01	1000010010	4.22410E+00	1000010010	4.22475E+00
9.90916E+00	1000010010	1.11520E+02	1000010010	1.11768E+02
4.35642E+00	1000010010	5.97977E+00	1000010010	5.98562E+00
8.81104E+00	1000010010	2.83469E+00	1000010010	2.84030E+00
3.62439E+00	1000010010	2.13496E+02	1000010010	2.13670E+02
2.20432E+00	1000010010	2.86052E+00	1000010010	2.86194E+00
7.75650E+00	1000010010	9.54882E+02	1000010010	9.56545E+02
7.54716E+00	1000010010	6.49761E+01	1000010010	6.50862E+01
5.80375E+00	1000010010	1.66999E+00	1000010010	1.67217E+00
3.99659E+00	1000010010	7.60543E+01	1000010010	7.61225E+01
9.88703E+00	1000010010	1.06737E+02	1000010010	1.06974E+02
9.54618E+00	1000010010	9.93166E+02	1000010010	9.95296E+02
2.58842E-01	1000010010	1.19282E+02	1000010010	1.19289E+02
5.37017E+00	1000010010	2.73175E+02	1000010010	2.73505E+02
5.38020E+00	1000010010	4.22412E+00	1000010010	4.22923E+00
5.13083E+00	1000010010	9.06094E+02	1000010010	9.07138E+02
7.90894E+00	1000010010	8.38906E+02	1000010010	8.40397E+02
9.38373E+00	1000010010	1.45204E+01	1000010010	1.45510E+01
5.96571E+00	1000010010	3.30295E+02	1000010010	3.30738E+02
7.65548E+00	1000010010	8.32367E+02	1000010010	8.33798E+02
9.68049E+00	1000010010	9.24374E+01	1000010010	9.26384E+01
2.50659E+00	1000010010	3.17325E+02	1000010010	3.17503E+02
3.99940E+00	1000010010	2.99830E+00	1000010010	3.00100E+00
2.68649E+00	1000010010	4.33335E+00	1000010010	4.33596E+00
1.01958E+00	1000010010	1.60661E+00	1000010010	1.60697E+00
9.59299E+00	1000010010	1.85959E+02	1000010010	1.86359E+02
7.88694E+00	1000010010	5.83235E+02	1000010010	5.84268E+02
4.11180E+00	1000010010	2.63545E+01	1000010010	2.63788E+01
7.15292E+00	1000010010	1.43781E+00	1000010010	1.44012E+00
5.10207E+00	1000010010	3.87091E+02	1000010010	3.87535E+02
1.99338E+00	1000010010	8.34756E+00	1000010010	8.35129E+00
1.59630E+00	1000010010	5.37656E+00	1000010010	5.37848E+00
7.00921E+00	1000010010	6.17984E+00	1000010010	6.18957E+00
4.45165E+00	1000010010	1.18253E+00	1000010010	1.18371E+00
8.51297E+00	1000010010	4.17326E+01	1000010010	4.18124E+01
7.35268E+00	1000010010	2.98911E+00	1000010010	2.99405E+00
1.63258E+00	1000010010	1.02019E+01	1000010010	1.02056E+01
7.04919E+00	1000010010	6.00963E+01	1000010010	6.01915E+01
2.85708E+00	1000010010	1.62775E+00	1000010010	1.62880E+00
6.82628E+00	1000010010	1.02298E+00	1000010010	1.02455E+00
1.31032E+00	1000010010	8.30331E+01	1000010010	8.30575E+01
6.01026E+00	1000010010	8.07644E+02	1000010010	8.08734E+02
7.34291E-02	1000010010	3.42177E+00	1000010010	3.42183E+00
8.47121E+00	1000010010	8.61690E+00	1000010010	8.63330E+00
8.01569E+00	1000010010	1.82013E+00	1000010010	1.82341E+00
2.51647E+00	1000010010	1.77454E+01	1000010010	1.77554E+01
7.41205E+00	1000010010	1.07577E+02	1000010010	1.07756E+02
8.37287E-01	1000010010	9.41655E+02	1000010010	9.41832E+02
3.51292E+00	1000010010	3.32533E+00	1000010010	3.32795E+00
8.89487E+00	1000010010	6.18328E+00	1000010010	6.19563E+00
9.78752E+00	1000010010	2.96857E+02	1000010010	2.97509E+02
3.58343E+00	1000010010	4.04360E+02	1000010010	4.04685E+02
4.84680E+00	1000010010	8.82622E+00	1000010010	8.83583E+00
1.81026E-01	1000010010	1.14505E+02	1000010010	1.14510E+02
9.78381E+00	1000010010	2.34530E+01	1000010010	2.35046E+01
4.43034E+00	1000010010	8.02201E+02	1000010010	8.02999E+02
1.15770E+00	1000010010	1.39893E+02	1000010010	1.39929E+02
1.01022E-01	1000010010	2.84575E+02	1000010010	2.84581E+02
5.23722E+00	1000010010	5.13035E+00	1000010010	5.13639E+00
2.20986E+00	1000010010	7.53393E+00	1000010010	7.53767E+00
7.95057E+00	1000010010	3.82079E+02	1000010010	3.82761E+02
2.57819E+00	1000010010	7.16877E+00	1000010010	7.17292E+00
5.10073E+00	1000010010	7.38223E+01	1000010010	7.39069E+01
9.58620E+00	1000010010	1.25069E+02	1000010010	1.25338E+02
2.33848E+00	1000010010	2.39392E+00	1000010010	2.39517E+00
9.32079E+00	1000010010	2.78399E+02	1000010010	2.78981E+02
5.07777E+00	1000010010	9.22879E+00	1000010010	9.23931E+00
1.61066E+00	1000010010	7.60397E+00	1000010010	7.60672E+00
7.06209E+00	1000010010	3.08928E+01	1000010010	3.09418E+01
1.04869E+00	1000010010	4.45184E+02	1000010010	4.45289E+02
4.66468E+00	1000010010	5.29789E+01	1000010010	5.30343E+01
2.72147E+00	1000010010	8.00254E+02	1000010010	8.00743E+02
6.22549E+00	1000010010	3.15359E+00	1000010010	3.15800E+00
7.76418E+00	1000010010	2.60811E+02	1000010010	2.61266E+02
1.50893E-01	1000010010	2.16677E+01	1000010010	2.16684E+01
3.22381E-01	1000010010	3.95473E+01	1000010010	3.95501E+01
4.74316E+00	1000010010	1.09962E+01	1000010010	1.10079E+01
7.80244E+00	1000010010	1.44930E+00	1000010010	1.45184E+00
2.13790E+00	1000010010	1.44463E+00	1000010010	1.44532E+00
5.53094E+00	1000010010	9.92661E+01	1000010010	9.93894E+01
8.05468E+00	1000010010	1.26064E+00	1000010010	1.26292E+00
6.17815E+00	1000010010	4.44217E+00	1000010010	4.44833E+00
1.81296E+00	1000010010	1.38949E+00	1000010010	1.39005E+00
5.02082E+00	1000010010	3.44789E+02	1000010010	3.45177E+02
5.93244E+00	1000010010	4.92295E+02	1000010010	4.92951E+02
7.92834E+00	1000010010	2.25910E+00	1000010010	2.26312E+00
4.16621E+00	1000010010	1.13519E+01	1000010010	1.13625E+01
6.68967E-02	1000010010	2.52049E+02	1000010010	2.52053E+02
3.56521E+00	1000010010	1.32746E+00	1000010010	1.32853E+00
9.18626E+00	1000010010	1.65201E+02	1000010010	1.65542E+02
2.86053E+00	1000010010	1.07708E+02	1000010010	1.07777E+02
4.94242E+00	1000010010	1.00912E+01	1000010010	1.01024E+01
2.26666E+00	1000010010	2.66183E+00	1000010010	2.66318E+00
1.06528E+00	1000010010	1.29573E+01	1000010010	1.29604E+01
1.05866E+00	1000010010	1.20400E+00	1000010010	1.20428E+00
5.15719E+00	1000010010	6.54447E+02	1000010010	6.55205E+02
9.02575E+00	1000010010	4.63674E+00	1000010010	4.64614E+00
9.82871E+00	1000010010	2.46140E+00	1000010010	2.46683E+00
1.28339E+00	1000010010	8.85361E+01	1000010010	8.85616E+01
7.43118E+00	1000010010	9.94249E+02	1000010010	9.95908E+02
9.79304E+00	1000010010	3.11587E+00	1000010010	3.12273E+00
1.06676E+00	1000010010	1.01393E+02	1000010010	1.01417E+02
9.48056E-01	1000010010	1.06121E+02	1000010010	1.06143E+02
7.47293E+00	1000010010	4.37911E+01	1000010010	4.38646E+01
7.10887E+00	1000010010	3.13704E+01	1000010010	3.14205E+01
2.64858E-01	1000010010	3.37682E+01	1000010010	3.37702E+01
6.23612E-01	1000010010	3.35718E+00	1000010010	3.35765E+00
4.19000E-02	1000010010	1.10296E+02	1000010010	1.10297E+02
1.09007E-01	1000010010	3.28367E+01	1000010010	3.28376E+01
6.38904E+00	1000010010	9.69117E+01	1000010010	9.70508E+01
6.42528E+00	1000010010	1.67030E+00	1000010010	1.67271E+00
4.04405E+00	1000010010	2.33289E+02	1000010010	2.33501E+02
5.81697E+00	1000010010	5.62810E+01	1000010010	5.63545E+01
3.95220E+00	1000010010	8.44816E+00	1000010010	8.45565E+00
5.58898E+00	1000010010	8.20799E+00	1000010010	8.21829E+00
8.28477E+00	1000010010	2.61335E+00	1000010010	2.61821E+00
9.66296E+00	1000010010	9.03983E+00	1000010010	9.05945E+00
5.86040E+00	1000010010	1.48610E+00	1000010010	1.48805E+00
9.50739E+00	1000010010	1.01238E+01	1000010010	1.01454E+01
7.85187E+00	1000010010	5.56872E+02	1000010010	5.57854E+02
9.57395E+00	1000010010	3.49598E+00	1000010010	3.50350E+00
5.68239E+00	1000010010	4.47578E+02	1000010010	4.48149E+02
4.58477E+00	1000010010	9.89964E+02	1000010010	9.90983E+02
7.02974E+00	1000010010	5.52577E+02	1000010010	5.53449E+02
2.85706E+00	1000010010	2.76683E+02	1000010010	2.76860E+02
6.09240E+00	1000010010	2.22371E+01	1000010010	2.22675E+01
4.40530E+00	1000010010	7.64547E+01	1000010010	7.65304E+01
6.47374E+00	1000010010	3.42540E+01	1000010010	3.43038E+01
1.68412E-01	1000010010	9.40839E+00	1000010010	9.40875E+00
8.54264E+00	1000010010	1.64011E+01	1000010010	1.64326E+01
6.61484E+00	1000010010	6.16975E+00	1000010010	6.17892E+00
7.38066E+00	1000010010	2.19242E+01	1000010010	2.19606E+01
3.13217E+00	1000010010	6.11423E+00	1000010010	6.11853E+00
4.27165E+00	1000010010	1.17593E+01	1000010010	1.17706E+01
9.21148E+00	1000010010	5.01678E+01	1000010010	5.02716E+01
9.61710E+00	1000010010	4.32907E+00	1000010010	4.33843E+00
7.32344E+00	1000010010	1.95362E+00	1000010010	1.95683E+00
6.98827E+00	1000010010	1.89940E+02	1000010010	1.90238E+02
9.92079E+00	1000010010	1.74832E+00	1000010010	1.75222E+00
4.69761E+00	1000010010	1.32959E+01	1000010010	1.33099E+01
2.79056E+00	1000010010	9.53240E+00	1000010010	9.53837E+00
2.76363E+00	1000010010	1.20868E+01	1000010010	1.20943E+01
5.34744E-01	1000010010	1.16051E+02	1000010010	1.16065E+02
9.68817E+00	1000010010	5.17360E+00	1000010010	5.18486E+00
4.39438E+00	1000010010	1.08586E+02	1000010010	1.08693E+02
8.17307E+00	1000010010	6.28872E+00	1000010010	6.30027E+00
2.50262E+00	1000010010	2.59305E+01	1000010010	2.59451E+01
7.32690E+00	1000010010	7.55427E+02	1000010010	7.56670E+02
7.09519E+00	1000010010	5.89556E+00	1000010010	5.90496E+00
8.99421E+00	1000010010	1.16692E+02	1000010010	1.16927E+02
5.62508E-01	1000010010	1.71785E+02	1000010010	1.71807E+02
3.42517E+00	1000010010	5.01777E+02	1000010010	5.02162E+02
7.77713E+00	1000010010	9.79912E+00	1000010010	9.81623E+00
7.23181E+00	1000010010	6.07897E+02	1000010010	6.08885E+02
4.87681E+00	1000010010	4.30815E+00	1000010010	4.31286E+00
6.23699E+00	1000010010	4.52614E+00	1000010010	4.53248E+00
7.50289E+00	1000010010	2.56781E+00	1000010010	2.57214E+00
1.54462E+00	1000010010	6.12235E+00	1000010010	6.12447E+00
9.63666E+00	1000010010	2.10666E+00	1000010010	2.11122E+00
8.13428E-01	1000010010	3.90310E+00	1000010010	3.90381E+00
6.42900E+00	1000010010	6.44329E+02	1000010010	6.45259E+02
1.29458E+00	1000010010	2.85757E+01	1000010010	2.85840E+01
7.31206E+00	1000010010	2.78120E+02	1000010010	2.78576E+02
2.64522E+00	1000010010	8.26805E+01	1000010010	8.27296E+01
6.80940E+00	1000010010	1.05253E+01	1000010010	1.05414E+01
2.46544E+00	1000010010	1.84216E+02	1000010010	1.84318E+02
3.02116E+00	1000010010	1.03039E+02	1000010010	1.03108E+02
8.22646E+00	1000010010	4.34399E+02	1000010010	4.35202E+02
9.63625E+00	1000010010	1.79474E+02	1000010010	1.79863E+02
6.70127E+00	1000010010	1.41650E+01	1000010010	1.41863E+01
4.71559E+00	1000010010	3.59110E+01	1000010010	3.59490E+01
5.41330E+00	1000010010	7.37113E+00	1000010010	7.38009E+00
2.09048E+00	1000010010	2.21218E+01	1000010010	2.21322E+01
8.05190E+00	1000010010	5.87802E+02	1000010010	5.88865E+02
1.14753E+00	1000010010	8.60789E+01	1000010010	8.61011E+01
9.14605E+00	1000010010	1.80157E+01	1000010010	1.80527E+01
3.47945E+00	1000010010	1.16596E+00	1000010010	1.16687E+00
2.78453E+00	1000010010	1.50935E+01	1000010010	1.51030E+01
6.62141E-01	1000010010	1.46256E+00	1000010010	1.46278E+00
3.83013E+00	1000010010	1.72176E+00	1000010010	1.72324E+00
9.31275E-01	1000010010	6.48153E+00	1000010010	6.48289E+00
1.57768E+00	1000010010	2.75319E+00	1000010010	2.75417E+00
3.08360E+00	1000010010	1.24650E+01	1000010010	1.24736E+01
1.83078E-01	1000010010	9.56860E+01	1000010010	9.56899E+01
6.49401E+00	1000010010	6.88534E+01	1000010010	6.89538E+01
7.80780E+00	1000010010	2.32787E+00	1000010010	2.33195E+00
1.08808E+00	1000010010	3.27920E+01	1000010010	3.28000E+01
4.08084E+00	1000010010	6.15255E+01	1000010010	6.15819E+01
7.94627E+00	1000010010	3.64494E+01	1000010010	3.65145E+01
8.83259E+00	1000010010	5.51254E+02	1000010010	5.52347E+02
3.37608E+00	1000010010	3.40140E+00	1000010010	3.40398E+00
7.85122E+00	1000010010	2.21010E+02	1000010010	2.21400E+02
1.68334E+00	1000010010	6.11054E+00	1000010010	6.11285E+00
8.83854E-01	1000010010	1.33454E+02	1000010010	1.33480E+02
3.36348E+00	1000010010	1.16343E+00	1000010010	1.16431E+00
5.59408E+00	1000010010	6.79165E+01	1000010010	6.80018E+01
4.16370E+00	1000010010	1.06234E+01	1000010010	1.06333E+01
4.98197E+00	1000010010	8.97702E+00	1000010010	8.98706E+00
2.35310E-02	1000010010	2.38697E+02	1000010010	2.38698E+02
3.45590E+00	1000010010	1.54521E+02	1000010010	1.54641E+02
5.85942E+00	1000010010	3.46026E+02	1000010010	3.46481E+02
3.87352E+00	1000010010	1.19801E+01	1000010010	1.19905E+01
7.48609E+00	1000010010	1.28517E+02	1000010010	1.28733E+02
1.38113E+00	1000010010	4.25509E+00	1000010010	4.25641E+00
7.17646E-01	1000010010	1.03242E+01	1000010010	1.03259E+01
4.50652E+00	1000010010	1.07453E+02	1000010010	1.07562E+02
6.91270E+00	1000010010	1.02051E+01	1000010010	1.02210E+01
7.87181E-01	1000010010	2.48572E+00	1000010010	2.48616E+00
2.11444E-01	1000010010	4.70693E+02	1000010010	4.70715E+02
6.89798E+00	1000010010	1.64457E+02	1000010010	1.64712E+02
6.75908E+00	1000010010	2.19095E+01	1000010010	2.19427E+01
2.60726E+00	1000010010	3.11260E+00	1000010010	3.11442E+00
9.19806E+00	1000010010	6.15689E+02	1000010010	6.16961E+02
1.94381E+00	1000010010	4.32535E+01	1000010010	4.32724E+01
9.31805E-01	1000010010	1.26790E+01	1000010010	1.26817E+01
6.23840E+00	1000010010	8.44699E+01	1000010010	8.45882E+01
6.44079E+00	1000010010	2.30757E+00	1000010010	2.31090E+00
3.70203E+00	1000010010	1.70023E+02	1000010010	1.70165E+02
9.22705E+00	1000010010	1.49747E+00	1000010010	1.50058E+00
8.03997E+00	1000010010	5.45572E+01	1000010010	5.46557E+01
8.54947E+00	1000010010	2.52037E+00	1000010010	2.52521E+00
1.40043E+00	1000010010	3.57793E+02	1000010010	3.57905E+02
9.39127E+00	1000010010	1.35103E+00	1000010010	1.35388E+00
1.79752E+00	1000010010	1.83800E+02	1000010010	1.83874E+02
3.52671E+00	1000010010	2.02786E+00	1000010010	2.02946E+00
4.88732E+00	1000010010	1.36941E+01	1000010010	1.37091E+01
2.84386E+00	1000010010	1.78329E+01	1000010010	1.78443E+01
4.22164E+00	1000010010	6.57375E+02	1000010010	6.57998E+02
6.96594E+00	1000010010	8.75485E+02	1000010010	8.76854E+02
4.34462E+00	1000010010	2.39068E+00	1000010010	2.39301E+00
4.10771E+00	1000010010	2.62179E+02	1000010010	2.62421E+02
8.91261E+00	1000010010	1.91399E+01	1000010010	1.91783E+01
3.73286E+00	1000010010	1.00274E+00	1000010010	1.00358E+00
1.03482E+00	1000010010	1.02388E+00	1000010010	1.02412E+00
6.48317E+00	1000010010	1.54884E+00	1000010010	1.55110E+00
1.76683E+00	1000010010	4.64444E+01	1000010010	4.64629E+01
2.40564E+00	1000010010	9.54008E+00	1000010010	9.54523E+00
3.29777E+00	1000010010	8.36380E+02	1000010010	8.36999E+02
4.56968E-01	1000010010	2.10509E+01	1000010010	2.10530E+01
2.42933E+00	1000010010	1.84024E+01	1000010010	1.84124E+01
5.27253E+00	1000010010	2.10836E+00	1000010010	2.11086E+00
5.15317E+00	1000010010	1.88458E+01	1000010010	1.88676E+01
7.69828E+00	1000010010	2.28577E+01	1000010010	2.28972E+01
8.57092E-01	1000010010	2.60577E+01	1000010010	2.60627E+01
6.53873E-02	1000010010	2.82522E+00	1000010010	2.82526E+00
5.40395E+00	1000010010	8.49374E+00	1000010010	8.50405E+00
4.97839E+00	1000010010	3.72729E+02	1000010010	3.73146E+02
2.80923E-01	1000010010	1.89934E+00	1000010010	1.89946E+00
2.95081E+00	1000010010	8.13711E+00	1000010010	8.14250E+00
7.21785E+00	1000010010	4.07480E+01	1000010010	4.08140E+01
8.71829E+00	1000010010	4.27554E+02	1000010010	4.28391E+02
9.77348E+00	1000010010	3.35036E+02	1000010010	3.35771E+02
8.51635E+00	1000010010	1.57635E+02	1000010010	1.57937E+02
4.03387E-01	1000010010	1.04838E+01	1000010010	1.04847E+01
8.65207E+00	1000010010	1.11174E+00	1000010010	1.11390E+00
5.19770E+00	1000010010	7.52690E+02	1000010010	7.53568E+02
9.86777E+00	1000010010	1.11303E+00	1000010010	1.11549E+00
6.64133E+00	1000010010	2.55484E+01	1000010010	2.55865E+01
4.88086E+00	1000010010	2.15356E+02	1000010010	2.15592E+02
1.44842E+00	1000010010	5.82465E+01	1000010010	5.82655E+01
5.10041E+00	1000010010	2.62601E+02	1000010010	2.62902E+02
4.25569E+00	1000010010	9.68900E+01	1000010010	9.69826E+01
6.11238E+00	1000010010	1.87252E+02	1000010010	1.87509E+02
2.81209E+00	1000010010	1.51841E+01	1000010010	1.51936E+01
6.92588E+00	1000010010	1.42365E+02	1000010010	1.42587E+02
2.01258E+00	1000010010	2.79735E+02	1000010010	2.79861E+02
3.31474E+00	1000010010	4.62762E+02	1000010010	4.63107E+02
8.15511E+00	1000010010	2.26041E+00	1000010010	2.26455E+00
7.57946E+00	1000010010	1.66394E+02	1000010010	1.66677E+02
5.47626E+00	1000010010	2.88898E+02	1000010010	2.89253E+02
3.43546E+00	1000010010	3.21919E+02	1000010010	3.22167E+02
5.99081E+00	1000010010	2.97337E+00	1000010010	2.97737E+00
7.98153E+00	1000010010	4.86923E+01	1000010010	4.87796E+01
8.57613E+00	1000010010	4.35304E+01	1000010010	4.36143E+01
8.99128E+00	1000010010	1.14204E+01	1000010010	1.14435E+01
6.43694E+00	1000010010	5.26777E+02	1000010010	5.27538E+02
9.68919E-01	1000010010	4.11748E+00	1000010010	4.11838E+00
4.92202E+00	1000010010	5.03590E+01	1000010010	5.04147E+01
8.28579E+00	1000010010	1.03095E+01	1000010010	1.03286E+01
7.59141E+00	1000010010	1.29136E+00	1000010010	1.29356E+00
9.01053E+00	1000010010	3.43892E+00	1000010010	3.44588E+00
9.57652E+00	1000010010	1.42326E+02	1000010010	1.42632E+02
9.68457E+00	1000010010	8.42102E+00	1000010010	8.43934E+00
4.28619E+00	1000010010	9.10897E+02	1000010010	9.11774E+02
3.59732E+00	1000010010	1.49991E+02	1000010010	1.50112E+02
9.00353E+00	1000010010	2.90533E+02	1000010010	2.91121E+02
2.59873E+00	1000010010	8.71010E+00	1000010010	8.71518E+00
3.88765E+00	1000010010	8.95502E+01	1000010010	8.96283E+01
3.06402E+00	1000010010	7.86092E+00	1000010010	7.86632E+00
1.55132E+00	1000010010	2.68342E+01	1000010010	2.68435E+01
3.76386E+00	1000010010	2.41740E+00	1000010010	2.41945E+00
1.04412E+00	1000010010	4.03229E+00	1000010010	4.03324E+00
2.04827E+00	1000010010	8.48793E+02	1000010010	8.49183E+02
4.85547E+00	1000010010	5.15699E+01	1000010010	5.16262E+01
6.92173E+00	1000010010	2.84578E+01	1000010010	2.85021E+01
9.19272E+00	1000010010	1.02918E+00	1000010010	1.03130E+00
1.37587E-01	1000010010	4.44334E+00	1000010010	4.44348E+00
9.37372E+00	1000010010	2.17176E+02	1000010010	2.17633E+02
4.90447E-02	1000010010	1.28628E+00	1000010010	1.28630E+00
8.27873E+00	1000010010	2.52256E+02	1000010010	2.52725E+02
1.46642E+00	1000010010	2.16596E+00	1000010010	2.16667E+00
8.70407E+00	1000010010	1.44812E+00	1000010010	1.45095E+00
6.72765E+00	1000010010	2.28373E+01	1000010010	2.28718E+01
5.57168E+00	1000010010	2.21446E+00	1000010010	2.21723E+00
9.83230E+00	1000010010	9.20887E+01	1000010010	9.22921E+01
1.89723E+00	1000010010	2.89408E+02	1000010010	2.89531E+02
3.03501E+00	1000010010	4.28677E+00	1000010010	4.28969E+00
7.05968E+00	1000010010	6.76875E+00	1000010010	6.77949E+00
5.34652E+00	1000010010	6.01028E+02	1000010010	6.01750E+02
1.89450E+00	1000010010	4.60565E+00	1000010010	4.60760E+00
6.63187E+00	1000010010	1.39671E+01	1000010010	1.39879E+01
7.52534E+00	1000010010	7.36820E+02	1000010010	7.38065E+02
9.20411E+00	1000010010	8.75398E+00	1000010010	8.77208E+00
7.33438E+00	1000010010	4.81507E+01	1000010010	4.82300E+01
9.62816E+00	1000010010	9.34129E+02	1000010010	9.36149E+02
2.66983E+00	1000010010	8.09893E+01	1000010010	8.10379E+01
8.96493E+00	1000010010	6.49053E+01	1000010010	6.50359E+01
7.26758E+00	1000010010	4.28583E+02	1000010010	4.29283E+02
3.16692E+00	1000010010	3.17064E+01	1000010010	3.17289E+01
6.77115E+00	1000010010	1.79700E+02	1000010010	1.79973E+02
8.12215E+00	1000010010	1.14561E+00	1000010010	1.14770E+00
8.39821E+00	1000010010	1.54866E+00	1000010010	1.55158E+00
9.26062E+00	1000010010	9.92042E+00	1000010010	9.94105E+00
5.74401E+00	1000010010	3.92654E+00	1000010010	3.93160E+00
2.83707E+00	1000010010	2.11459E+02	1000010010	2.11593E+02
2.20700E+00	1000010010	1.91944E+02	1000010010	1.92039E+02
6.19315E+00	1000010010	1.65144E+01	1000010010	1.65374E+01
3.90397E+00	1000010010	2.79351E+00	1000010010	2.79596E+00
3.19069E+00	1000010010	2.33281E+02	1000010010	2.33448E+02
2.71886E+00	1000010010	1.26096E+02	1000010010	1.26173E+02
5.07231E+00	1000010010	6.40213E+01	1000010010	6.40942E+01
1.58884E+00	1000010010	8.72187E+01	1000010010	8.72498E+01
5.56308E+00	1000010010	6.16547E+00	1000010010	6.17317E+00
7.02588E+00	1000010010	1.38810E+01	1000010010	1.39029E+01
5.21006E+00	1000010010	4.77303E+01	1000010010	4.77861E+01
4.04076E+00	1000010010	1.41302E+02	1000010010	1.41430E+02
5.29187E+00	1000010010	4.09947E+01	1000010010	4.10434E+01
4.10318E+00	1000010010	2.49716E+01	1000010010	2.49946E+01
3.86042E+00	1000010010	1.50602E+00	1000010010	1.50732E+00
2.45723E+00	1000010010	6.98712E+00	1000010010	6.99098E+00
6.74835E+00	1000010010	2.23367E+01	1000010010	2.23706E+01
4.25763E+00	1000010010	2.38523E+02	1000010010	2.38751E+02
7.07795E+00	1000010010	2.15265E+02	1000010010	2.15607E+02
6.59662E+00	1000010010	1.14280E+02	1000010010	1.14449E+02
1.83514E+00	1000010010	1.57185E+01	1000010010	1.57250E+01
4.92692E+00	1000010010	4.50115E+00	1000010010	4.50613E+00
6.09341E+00	1000010010	1.59942E+02	1000010010	1.60161E+02
9.86409E+00	1000010010	1.12916E+01	1000010010	1.13166E+01
1.13985E+00	1000010010	3.78488E+01	1000010010	3.78585E+01
7.68275E+00	1000010010	4.42935E+01	1000010010	4.43699E+01
4.96892E+00	1000010010	1.38518E+00	1000010010	1.38673E+00
6.01844E+00	1000010010	2.60053E+01	1000010010	2.60405E+01
1.06001E+00	1000010010	1.59210E+01	1000010010	1.59248E+01
4.62186E+00	1000010010	1.16063E+01	1000010010	1.16183E+01
7.61616E+00	1000010010	1.88068E+01	1000010010	1.88390E+01
4.64364E+00	1000010010	2.74507E+01	1000010010	2.74793E+01
8.47538E+00	1000010010	7.76716E+01	1000010010	7.78194E+01
5.36734E+00	1000010010	1.20424E+01	1000010010	1.20569E+01
4.68741E+00	1000010010	8.08998E+02	1000010010	8.09850E+02
4.56321E+00	1000010010	1.75291E+01	1000010010	1.75471E+01
4.88396E+00	1000010010	3.32520E+02	1000010010	3.32885E+02
7.23684E+00	1000010010	3.40142E+00	1000010010	3.40694E+00
1.47555E+00	1000010010	2.95492E+02	1000010010	2.95590E+02
7.88032E+00	1000010010	4.62222E+02	1000010010	4.63040E+02
7.64587E+00	1000010010	2.58432E+01	1000010010	2.58875E+01
5.16676E+00	1000010010	3.46094E+00	1000010010	3.46496E+00
1.24450E+00	1000010010	5.37466E+02	1000010010	5.37616E+02
2.88949E+00	1000010010	1.02446E+01	1000010010	1.02513E+01
6.73404E+00	1000010010	1.26817E+00	1000010010	1.27008E+00
1.68074E+00	1000010010	3.58926E+01	1000010010	3.59062E+01
1.30942E-01	1000010010	3.30397E+01	1000010010	3.30406E+01
9.05075E-01	1000010010	1.55995E+02	1000010010	1.56026E+02
4.15043E+00	1000010010	2.32507E+01	1000010010	2.32724E+01
8.19202E+00	1000010010	1.50930E+00	1000010010	1.51208E+00
6.54572E+00	1000010010	6.84398E+00	1000010010	6.85404E+00
6.69905E+00	1000010010	6.60721E+02	1000010010	6.61715E+02
6.11135E+00	1000010010	6.32670E+02	1000010010	6.33539E+02
5.80979E+00	1000010010	1.19116E+01	1000010010	1.19272E+01
6.25595E+00	1000010010	5.89978E+01	1000010010	5.90807E+01
2.34996E+00	1000010010	7.30290E+01	1000010010	7.30676E+01
6.98815E+00	1000010010	3.89850E+00	1000010010	3.90462E+00
1.43545E+00	1000010010	6.45884E+00	1000010010	6.46092E+00
4.45163E+00	1000010010	5.75838E+00	1000010010	5.76413E+00
2.05066E+00	1000010010	1.09294E+00	1000010010	1.09344E+00
7.62903E+00	1000010010	9.23901E+02	1000010010	9.25484E+02
9.89469E+00	1000010010	2.20071E+02	1000010010	2.20561E+02
5.55545E+00	1000010010	4.84149E+02	1000010010	4.84753E+02
2.13613E+00	1000010010	6.91088E+01	1000010010	6.91420E+01
1.56315E+00	1000010010	5.63799E+00	1000010010	5.63997E+00
5.29057E+00	1000010010	4.23073E+02	1000010010	4.23576E+02
1.89968E+00	1000010010	7.40359E+01	1000010010	7.40675E+01
5.14927E+00	1000010010	9.01402E+00	1000010010	9.02444E+00
3.60523E+00	1000010010	6.35738E+01	1000010010	6.36252E+01
4.32475E+00	1000010010	2.56857E+00	1000010010	2.57106E+00
3.91329E+00	1000010010	1.05412E+02	1000010010	1.05504E+02
5.84912E+00	1000010010	1.39216E+00	1000010010	1.39399E+00
3.26040E+00	1000010010	3.36997E+00	1000010010	3.37244E+00
2.99870E+00	1000010010	8.23795E+00	1000010010	8.24349E+00
6.78583E+00	1000010010	1.38232E+02	1000010010	1.38443E+02
1.87723E+00	1000010010	5.43199E+02	1000010010	5.43428E+02
4.65452E+00	1000010010	3.41646E+01	1000010010	3.42003E+01
8.65780E-01	1000010010	9.44084E+02	1000010010	9.44267E+02
9.66836E+00	1000010010	1.62465E+00	1000010010	1.62818E+00
3.60429E+00	1000010010	7.57218E+00	1000010010	7.57831E+00
2.77536E+00	1000010010	5.37512E+00	1000010010	5.37847E+00
9.78772E+00	1000010010	1.34983E+00	1000010010	1.35279E+00
4.19079E+00	1000010010	1.70222E+02	1000010010	1.70382E+02
6.41094E+00	1000010010	5.52771E+00	1000010010	5.53567E+00
7.11379E+00	1000010010	6.48818E+00	1000010010	6.49855E+00
4.70966E+00	1000010010	1.44469E+01	1000010010	1.44622E+01
2.69182E+00	1000010010	4.39575E+01	1000010010	4.39840E+01
9.86977E+00	1000010010	4.66945E+00	1000010010	4.67980E+00
9.17856E+00	1000010010	1.53295E+01	1000010010	1.53611E+01
2.51890E+00	1000010010	1.31780E+02	1000010010	1.31854E+02
7.14929E+00	1000010010	2.18343E+02	1000010010	2.18693E+02
3.42640E+00	1000010010	2.58073E+01	1000010010	2.58272E+01
1.94059E+00	1000010010	3.48724E+00	1000010010	3.48876E+00
7.13868E+00	1000010010	1.20710E+00	1000010010	1.20903E+00
3.85999E+00	1000010010	1.16183E+00	1000010010	1.16284E+00
4.52433E+00	1000010010	5.58189E+00	1000010010	5.58756E+00
9.00433E+00	1000010010	5.53167E+01	1000010010	5.54286E+01
6.33199E-01	1000010010	1.51039E+00	1000010010	1.51060E+00
6.13423E+00	1000010010	2.55292E+02	1000010010	2.55643E+02
4.05499E+00	1000010010	2.05999E+02	1000010010	2.06187E+02
3.15296E+00	1000010010	6.69318E+01	1000010010	6.69791E+01
8.05713E+00	1000010010	2.80810E+02	1000010010	2.81318E+02
8.39615E+00	1000010010	5.31864E+02	1000010010	5.32867E+02
3.83676E+00	1000010010	1.02779E+00	1000010010	1.02867E+00
6.17631E+00	1000010010	2.48890E+01	1000010010	2.49235E+01
8.95553E+00	1000010010	6.76757E+00	1000010010	6.78119E+00
2.97101E+00	1000010010	1.63494E+02	1000010010	1.63604E+02
4.06071E+00	1000010010	1.83868E+02	1000010010	1.84036E+02
5.83862E+00	1000010010	5.32073E+00	1000010010	5.32771E+00
6.13666E+00	1000010010	3.19495E+02	1000010010	3.19935E+02
4.73579E+00	1000010010	1.62402E+02	1000010010	1.62574E+02
6.09323E+00	1000010010	3.37455E+02	1000010010	3.37917E+02
3.76916E+00	1000010010	6.81540E+01	1000010010	6.82116E+01
4.17895E+00	1000010010	1.32304E+02	1000010010	1.32428E+02
7.52387E-01	1000010010	1.53538E+01	1000010010	1.53564E+01
2.29785E+00	1000010010	8.78135E+02	1000010010	8.78588E+02
8.90680E+00	1000010010	9.34926E+02	1000010010	9.36797E+02
7.24135E+00	1000010010	4.36060E+00	1000010010	4.36769E+00
2.06013E+00	1000010010	9.26874E+00	1000010010	9.27302E+00
8.89184E+00	1000010010	7.61988E+01	1000010010	7.63510E+01
2.90300E-01	1000010010	7.40771E+00	1000010010	7.40819E+00
3.92836E-01	1000010010	2.55146E+01	1000010010	2.55168E+01
6.10507E+00	1000010010	1.32795E+00	1000010010	1.32977E+00
6.56921E+00	1000010010	3.52736E+01	1000010010	3.53256E+01
6.28326E+00	1000010010	2.06769E+00	1000010010	2.07061E+00
9.05542E+00	1000010010	1.26637E+01	1000010010	1.26895E+01
9.46243E+00	1000010010	1.25504E+01	1000010010	1.25771E+01
5.32281E+00	1000010010	1.92802E+01	1000010010	1.93032E+01
9.77478E+00	1000010010	6.21679E+00	1000010010	6.23044E+00
8.75951E+00	1000010010	1.75119E+01	1000010010	1.75463E+01
1.43069E+00	1000010010	1.44469E+02	1000010010	1.44515E+02
3.46614E+00	1000010010	2.74283E+00	1000010010	2.74497E+00
2.37436E+00	1000010010	1.46945E+00	1000010010	1.47023E+00
4.75272E+00	1000010010	5.36723E+00	1000010010	5.37296E+00
4.81729E+00	1000010010	2.61500E+02	1000010010	2.61783E+02
9.31771E+00	1000010010	1.00952E+01	1000010010	1.01163E+01
5.58106E+00	1000010010	6.38232E+02	1000010010	6.39032E+02
1.42914E+00	1000010010	7.53016E+02	1000010010	7.53257E+02
1.15573E+00	1000010010	4.39238E+00	1000010010	4.39352E+00
6.59792E+00	1000010010	7.17516E+01	1000010010	7.18580E+01
3.41667E+00	1000010010	1.56597E+02	1000010010	1.56717E+02
9.61256E-01	1000010010	2.44151E+00	1000010010	2.44204E+00
1.41573E+00	1000010010	1.69486E+01	1000010010	1.69540E+01
6.87172E+00	1000010010	1.18821E+00	1000010010	1.19004E+00
7.79307E+00	1000010010	7.82951E+02	1000010010	7.84322E+02
3.93806E+00	1000010010	2.94823E+00	1000010010	2.95084E+00
7.54634E+00	1000010010	1.76942E+02	1000010010	1.77242E+02
2.96593E+00	1000010010	2.51724E+01	1000010010	2.51892E+01
7.54258E+00	1000010010	7.04035E+02	1000010010	7.05228E+02
2.60999E+00	1000010010	4.52230E+00	1000010010	4.52495E+00
8.82113E+00	1000010010	4.47965E+02	1000010010	4.48852E+02
9.39851E+00	1000010010	1.74574E+01	1000010010	1.74943E+01
4.54218E-01	1000010010	5.92917E+02	1000010010	5.92978E+02
6.13888E+00	1000010010	5.24669E+01	1000010010	5.25392E+01
3.60550E+00	1000010010	1.69366E+00	1000010010	1.69503E+00
2.26319E+00	1000010010	1.20357E+02	1000010010	1.20418E+02
6.82220E+00	1000010010	3.16404E+01	1000010010	3.16889E+01
7.27667E+00	1000010010	3.10967E+00	1000010010	3.11476E+00
8.45617E+00	1000010010	7.37391E+02	1000010010	7.38792E+02
1.53134E+00	1000010010	4.48771E+01	1000010010	4.48925E+01
1.02692E+00	1000010010	9.15554E+02	1000010010	9.15765E+02
6.04611E+00	1000010010	3.20094E+01	1000010010	3.20529E+01
4.68166E+00	1000010010	1.78787E+02	1000010010	1.78975E+02
9.37545E+00	1000010010	2.69306E+02	1000010010	2.69873E+02
1.61237E+00	1000010010	1.13607E+00	1000010010	1.13648E+00
6.57857E+00	1000010010	1.56460E+00	1000010010	1.56691E+00
5.68283E+00	1000010010	5.90783E+02	1000010010	5.91537E+02
7.35403E+00	1000010010	1.85952E+02	1000010010	1.86259E+02
8.13794E+00	1000010010	7.52302E+01	1000010010	7.53677E+01
6.42762E+00	1000010010	3.50797E+01	1000010010	3.51304E+01
4.34947E+00	1000010010	1.03406E+00	1000010010	1.03507E+00
4.89557E+00	1000010010	3.44208E+02	1000010010	3.44586E+02
7.86163E+00	1000010010	7.03647E+02	1000010010	7.04890E+02
6.48352E+00	1000010010	2.23028E+01	1000010010	2.23353E+01
5.63846E+00	1000010010	1.07303E+02	1000010010	1.07439E+02
1.00783E+00	1000010010	1.90752E+02	1000010010	1.90795E+02
1.64505E+00	1000010010	4.69628E+00	1000010010	4.69802E+00
4.39421E+00	1000010010	1.35116E+02	1000010010	1.35250E+02
3.78144E+00	1000010010	2.67671E+02	1000010010	2.67898E+02
8.85686E-01	1000010010	3.23789E+02	1000010010	3.23854E+02
7.72148E+00	1000010010	4.66136E+01	1000010010	4.66945E+01
8.70079E+00	1000010010	4.08168E+01	1000010010	4.08965E+01
9.17892E-01	1000010010	6.06107E+01	1000010010	6.06232E+01
6.67514E+00	1000010010	3.38123E+01	1000010010	3.38630E+01
6.13031E+00	1000010010	8.34778E+02	1000010010	8.35928E+02
9.28240E+00	1000010010	2.89490E+00	1000010010	2.90093E+00
2.15231E-01	1000010010	7.91720E+01	1000010010	7.91758E+01
5.88383E+00	1000010010	5.28269E+00	1000010010	5.28967E+00
9.73542E+00	1000010010	3.28479E+00	1000010010	3.29197E+00
2.18300E+00	1000010010	1.53824E+00	1000010010	1.53900E+00
5.05439E+00	1000010010	7.79550E+00	1000010010	7.80434E+00
9.53731E+00	1000010010	3.47085E+02	1000010010	3.47829E+02
6.55547E+00	1000010010	4.39422E+02	1000010010	4.40069E+02
4.57189E+00	1000010010	3.81067E+02	1000010010	3.81458E+02
9.63586E+00	1000010010	1.90913E+00	1000010010	1.91326E+00
8.43314E+00	1000010010	1.25995E+02	1000010010	1.26234E+02
5.02548E-01	1000010010	2.00551E+01	1000010010	2.00574E+01
6.98670E+00	1000010010	5.40411E+02	1000010010	5.41259E+02
4.62791E+00	1000010010	1.53472E+02	1000010010	1.53632E+02
6.58235E+00	1000010010	2.63434E+02	1000010010	2.63823E+02
9.99158E+00	1000010010	7.96747E+01	1000010010	7.98535E+01
4.57954E+00	1000010010	1.35848E+00	1000010010	1.35988E+00
9.18175E+00	1000010010	1.58912E+00	1000010010	1.59240E+00
9.18604E+00	1000010010	2.94313E+01	1000010010	2.94920E+01
3.63207E+00	1000010010	1.64882E+00	1000010010	1.65017E+00
9.65178E+00	1000010010	5.33964E+01	1000010010	5.35122E+01
2.36395E+00	1000010010	2.94477E+00	1000010010	2.94633E+00
9.22981E+00	1000010010	2.33565E+02	1000010010	2.34049E+02
4.12067E+00	1000010010	1.23563E+01	1000010010	1.23678E+01
4.11603E+00	1000010010	7.40080E+01	1000010010	7.40764E+01
7.36262E+00	1000010010	8.53910E+00	1000010010	8.55322E+00
7.28384E+00	1000010010	8.11107E+02	1000010010	8.12434E+02
2.92790E+00	1000010010	1.99238E+01	1000010010	1.99368E+01
6.68161E+00	1000010010	4.58831E+00	1000010010	4.59519E+00
4.17535E+00	1000010010	5.29367E+00	1000010010	5.29864E+00
9.75283E+00	1000010010	3.24617E+01	1000010010	3.25328E+01
5.16614E+00	1000010010	3.58275E+00	1000010010	3.58690E+00
2.41545E+00	1000010010	2.94405E+02	1000010010	2.94564E+02
4.55916E+00	1000010010	1.95320E+00	1000010010	1.95520E+00
8.29168E+00	1000010010	4.41087E+02	1000010010	4.41908E+02
7.71940E+00	1000010010	1.05162E+01	1000010010	1.05345E+01
9.97295E+00	1000010010	6.02097E+01	1000010010	6.03446E+01
2.96226E+00	1000010010	6.80550E+00	1000010010	6.81002E+00
1.16039E+00	1000010010	8.74041E+00	1000010010	8.74268E+00
6.60338E+00	1000010010	4.58092E+00	1000010010	4.58772E+00
4.28361E+00	1000010010	2.05284E+01	1000010010	2.05482E+01
1.60423E+00	1000010010	3.49542E+02	1000010010	3.49668E+02
8.83127E+00	1000010010	8.97250E+00	1000010010	8.99030E+00
2.67677E+00	1000010010	3.76972E+01	1000010010	3.77198E+01
7.93514E+00	1000010010	4.08042E+00	1000010010	4.08770E+00
4.97069E+00	1000010010	4.76274E+01	1000010010	4.76806E+01
9.48535E-01	1000010010	1.94080E+02	1000010010	1.94121E+02
8.34399E+00	1000010010	1.81899E+01	1000010010	1.82240E+01
8.99009E+00	1000010010	7.69798E+00	1000010010	7.71353E+00
3.11152E+00	1000010010	1.05094E+01	1000010010	1.05168E+01
6.06778E+00	1000010010	1.67227E+00	1000010010	1.67455E+00
7.81082E+00	1000010010	2.35623E+00	1000010010	2.36037E+00
5.17167E+00	1000010010	5.05606E+01	1000010010	5.06193E+01
6.95784E+00	1000010010	1.62727E+01	1000010010	1.62981E+01
3.23597E+00	1000010010	8.52028E+00	1000010010	8.52647E+00
5.28697E+00	1000010010	2.35504E+01	1000010010	2.35784E+01
9.62158E+00	1000010010	9.71815E+01	1000010010	9.73915E+01
3.61188E+00	1000010010	2.76864E+01	1000010010	2.77089E+01
8.00848E+00	1000010010	3.23704E+02	1000010010	3.24286E+02
4.83547E+00	1000010010	3.44468E+00	1000010010	3.44842E+00
6.89033E+00	1000010010	6.17781E+01	1000010010	6.18737E+01
1.35979E+00	1000010010	3.52567E+02	1000010010	3.52675E+02
8.41238E+00	1000010010	1.56645E+02	1000010010	1.56941E+02
1.74754E+00	1000010010	9.29419E+01	1000010010	9.29784E+01
2.89851E+00	1000010010	4.32103E+02	1000010010	4.32384E+02
1.55426E+00	1000010010	1.30970E+00	1000010010	1.31015E+00
3.34852E+00	1000010010	3.86924E+00	1000010010	3.87215E+00
5.27039E-01	1000010010	3.10407E+01	1000010010	3.10444E+01
3.19231E-01	1000010010	6.23197E+02	1000010010	6.23241E+02
1.13858E+00	1000010010	8.50535E+00	1000010010	8.50752E+00
2.19218E-01	1000010010	5.80471E+01	1000010010	5.80500E+01
3.23056E+00	1000010010	1.27743E+01	1000010010	1.27835E+01
3.26767E+00	1000010010	3.56404E+00	1000010010	3.56665E+00
6.47734E+00	1000010010	5.07674E+02	1000010010	5.08413E+02
1.73456E+00	1000010010	8.43883E+02	1000010010	8.44212E+02
2.45004E-01	1000010010	4.24870E+01	1000010010	4.24893E+01
1.06861E+00	1000010010	1.72822E+00	1000010010	1.72863E+00
1.89551E-01	1000010010	1.26780E+00	1000010010	1.26786E+00
1.75301E+00	1000010010	2.16036E+01	1000010010	2.16121E+01
2.11077E+00	1000010010	2.01629E+02	1000010010	2.01725E+02
8.28292E+00	1000010010	3.28944E+01	1000010010	3.29556E+01
4.51743E+00	1000010010	1.38242E+00	1000010010	1.38383E+00
9.76542E+00	1000010010	1.04575E+01	1000010010	1.04805E+01
8.35496E+00	1000010010	4.15148E+02	1000010010	4.15927E+02
6.20545E+00	1000010010	3.40231E+01	1000010010	3.40705E+01
6.06852E+00	1000010010	1.70219E+02	1000010010	1.70451E+02
4.71824E+00	1000010010	3.53533E+01	1000010010	3.53908E+01
7.55587E+00	1000010010	7.95835E+01	1000010010	7.97186E+01
6.55634E+00	1000010010	7.89852E+00	1000010010	7.91015E+00
1.86444E+00	1000010010	9.27389E+02	1000010010	9.27778E+02
7.54401E+00	1000010010	1.33514E+01	1000010010	1.33740E+01
3.69850E+00	1000010010	1.02087E+01	1000010010	1.02172E+01
9.75148E+00	1000010010	1.13367E+02	1000010010	1.13615E+02
2.39181E+00	1000010010	1.95834E+02	1000010010	1.95939E+02
9.55401E+00	1000010010	3.33644E+00	1000010010	3.34360E+00
4.47310E+00	1000010010	1.93283E+00	1000010010	1.93477E+00
3.51550E+00	1000010010	1.29403E+01	1000010010	1.29506E+01
5.81442E+00	1000010010	8.03684E+00	1000010010	8.04733E+00
5.00807E-02	1000010010	4.27380E+00	1000010010	4.27385E+00
1.96825E+00	1000010010	2.52937E+01	1000010010	2.53049E+01
1.03873E+00	1000010010	8.79770E+01	1000010010	8.79975E+01
4.51306E-01	1000010010	1.94502E+02	1000010010	1.94521E+02
1.76678E+00	1000010010	1.89671E+01	1000010010	1.89746E+01
8.11258E+00	1000010010	8.88342E+00	1000010010	8.89960E+00
3.54882E+00	1000010010	9.80748E+00	1000010010	9.81529E+00
2.80811E+00	1000010010	1.69110E+01	1000010010	1.69216E+01
2.07082E+00	1000010010	4.78443E+02	1000010010	4.78665E+02
9.70612E+00	1000010010	1.07264E+01	1000010010	1.07498E+01
2.34726E-01	1000010010	2.49968E+00	1000010010	2.49981E+00
1.30780E+00	1000010010	2.76303E+02	1000010010	2.76384E+02
2.53239E+00	1000010010	1.25761E+02	1000010010	1.25832E+02
6.24801E+00	1000010010	3.95496E+01	1000010010	3.96051E+01
8.32670E+00	1000010010	1.72593E+00	1000010010	1.72916E+00
5.95065E-01	1000010010	2.05913E+01	1000010010	2.05941E+01
7.32352E+00	1000010010	6.42222E+01	1000010010	6.43278E+01
9.58997E+00	1000010010	7.13904E+00	1000010010	7.15442E+00
6.31452E+00	1000010010	6.02161E+01	1000010010	6.03015E+01
9.68734E+00	1000010010	2.43907E+00	1000010010	2.44437E+00
5.84967E+00	1000010010	2.39607E+02	1000010010	2.39921E+02
9.09499E+00	1000010010	1.64691E+01	1000010010	1.65028E+01
4.90525E+00	1000010010	5.83273E+02	1000010010	5.83916E+02
4.31513E+00	1000010010	2.30528E+01	1000010010	2.30751E+01
6.08535E+00	1000010010	1.81674E+00	1000010010	1.81923E+00
5.10842E+00	1000010010	1.24061E+01	1000010010	1.24203E+01
3.04406E+00	1000010010	1.66603E+02	1000010010	1.66717E+02
3.39011E+00	1000010010	1.50767E+02	1000010010	1.50882E+02
2.98869E+00	1000010010	2.00729E+01	1000010010	2.00864E+01
2.29048E+00	1000010010	3.70467E+02	1000010010	3.70658E+02
2.98280E+00	1000010010	4.34786E+02	1000010010	4.35077E+02
1.96143E+00	1000010010	2.69583E+01	1000010010	2.69702E+01
8.90589E+00	1000010010	1.77923E+02	1000010010	1.78279E+02
8.06904E+00	1000010010	1.60668E+00	1000010010	1.60959E+00
4.09684E+00	1000010010	4.09592E+02	1000010010	4.09969E+02
1.94041E+00	1000010010	2.51709E+01	1000010010	2.51819E+01
4.82844E-01	1000010010	3.47010E+00	1000010010	3.47048E+00
1.59180E-02	1000010010	3.89108E+01	1000010010	3.89109E+01
2.41482E+00	1000010010	1.66377E+00	1000010010	1.66468E+00
6.88064E+00	1000010010	2.82659E+01	1000010010	2.83095E+01
1.14104E+00	1000010010	2.00737E+02	1000010010	2.00788E+02
4.74236E+00	1000010010	2.27157E+02	1000010010	2.27399E+02
9.47925E+00	1000010010	9.72799E+02	1000010010	9.74870E+02
4.26749E-02	1000010010	3.42461E+02	1000010010	3.42464E+02
4.87942E+00	1000010010	5.14600E+00	1000010010	5.15164E+00
8.02531E+00	1000010010	1.11317E+02	1000010010	1.11517E+02
9.40904E+00	1000010010	9.94733E+00	1000010010	9.96835E+00
1.95473E+00	1000010010	3.29753E+02	1000010010	3.29898E+02
5.29967E+00	1000010010	9.81787E+02	1000010010	9.82956E+02
5.22141E+00	1000010010	6.21860E+02	1000010010	6.22589E+02
9.90797E+00	1000010010	3.45288E+00	1000010010	3.46056E+00
6.60897E+00	1000010010	1.08820E+01	1000010010	1.08982E+01
3.00296E+00	1000010010	6.28278E+00	1000010010	6.28702E+00
5.11618E+00	1000010010	3.49492E+00	1000010010	3.49894E+00
1.89059E+00	1000010010	3.08418E+02	1000010010	3.08549E+02
4.16767E+00	1000010010	4.02118E+02	1000010010	4.02494E+02
5.19041E+00	1000010010	7.71820E+02	1000010010	7.72719E+02
8.81772E+00	1000010010	1.02756E+01	1000010010	1.02959E+01
1.66647E+00	1000010010	6.40976E+01	1000010010	6.41216E+01
1.44578E-01	1000010010	2.35636E+00	1000010010	2.35644E+00
4.07056E+00	1000010010	1.33809E+02	1000010010	1.33931E+02
6.44917E+00	1000010010	6.31643E+01	1000010010	6.32558E+01
3.17592E+00	1000010010	2.90116E+02	1000010010	2.90323E+02
4.55719E+00	1000010010	1.39883E+00	1000010010	1.40026E+00
5.01413E+00	1000010010	5.91857E+02	1000010010	5.92523E+02
2.35385E+00	1000010010	1.23350E+01	1000010010	1.23415E+01
7.99272E+00	1000010010	1.14036E+00	1000010010	1.14240E+00
5.34951E+00	1000010010	1.02165E+01	1000010010	1.02288E+01
1.74365E+00	1000010010	1.07034E+00	1000010010	1.07076E+00
4.34451E+00	1000010010	4.61028E+00	1000010010	4.61477E+00
8.77950E+00	1000010010	8.31017E+02	1000010010	8.32655E+02
4.82249E+00	1000010010	1.90627E+00	1000010010	1.90833E+00
5.80230E+00	1000010010	7.85632E+00	1000010010	7.86656E+00
4.91491E+00	1000010010	4.39693E+01	1000010010	4.40178E+01
3.79875E+00	1000010010	1.14159E+02	1000010010	1.14256E+02
8.85211E+00	1000010010	1.77478E+01	1000010010	1.77831E+01
3.16231E+00	1000010010	4.41262E+02	1000010010	4.41576E+02
1.69416E+00	1000010010	4.27024E+02	1000010010	4.27186E+02
6.65006E+00	1000010010	4.18100E+02	1000010010	4.18724E+02
8.92620E+00	1000010010	7.44533E+02	1000010010	7.46025E+02
1.40532E+00	1000010010	6.28182E+00	1000010010	6.28380E+00
9.61905E+00	1000010010	4.12694E+00	1000010010	4.13585E+00
9.63597E+00	1000010010	1.94271E+00	1000010010	1.94692E+00
6.24863E+00	1000010010	7.37557E+02	1000010010	7.38592E+02
8.05894E-01	1000010010	9.40069E+00	1000010010	9.40239E+00
7.61507E+00	1000010010	4.44683E+01	1000010010	4.45444E+01
6.42325E+00	1000010010	4.30684E+01	1000010010	4.31305E+01
3.67028E+00	1000010010	1.43216E+00	1000010010	1.43334E+00
9.43041E+00	1000010010	1.30418E+02	1000010010	1.30694E+02
5.20873E+00	1000010010	5.04766E+01	1000010010	5.05357E+01
8.66456E+00	1000010010	1.83309E+02	1000010010	1.83666E+02
4.47758E+00	1000010010	7.82661E+02	1000010010	7.83448E+02
2.03974E+00	1000010010	2.54792E+02	1000010010	2.54909E+02
9.78626E+00	1000010010	5.15340E+01	1000010010	5.16473E+01
7.93359E+00	1000010010	1.12475E+01	1000010010	1.12676E+01
4.36403E+00	1000010010	3.07623E+01	1000010010	3.07924E+01
1.03851E+00	1000010010	3.92518E+00	1000010010	3.92610E+00
5.52887E+00	1000010010	2.85478E+00	1000010010	2.85832E+00
4.20792E+00	1000010010	9.35304E+00	1000010010	9.36188E+00
4.70193E+00	1000010010	2.23775E+01	1000010010	2.24012E+01
8.39106E+00	1000010010	1.61531E+02	1000010010	1.61835E+02
6.65185E+00	1000010010	2.63505E+02	1000010010	2.63899E+02
7.40258E+00	1000010010	5.89011E+00	1000010010	5.89990E+00
2.21379E+00	1000010010	1.71816E+00	1000010010	1.71901E+00
9.04282E+00	1000010010	2.79973E+01	1000010010	2.80542E+01
8.19569E+00	1000010010	9.79853E+01	1000010010	9.81656E+01
5.57935E+00	1000010010	3.01739E+00	1000010010	3.02117E+00
2.60493E+00	1000010010	2.26503E+01	1000010010	2.26635E+01
7.74847E+00	1000010010	1.02821E+01	1000010010	1.03000E+01
5.18283E+00	1000010010	3.26431E+01	1000010010	3.26810E+01
6.57780E-01	1000010010	5.73963E+02	1000010010	5.74047E+02
7.87026E+00	1000010010	5.53592E+00	1000010010	5.54571E+00
7.79358E+00	1000010010	8.24250E+01	1000010010	8.25693E+01
3.20762E+00	1000010010	4.12996E+01	1000010010	4.13294E+01
8.90880E+00	1000010010	1.49657E+01	1000010010	1.49956E+01
8.98337E+00	1000010010	1.00853E+00	1000010010	1.01057E+00
8.98880E-01	1000010010	5.44501E+02	1000010010	5.44610E+02
4.30958E+00	1000010010	6.04335E+01	1000010010	6.04920E+01
8.70959E+00	1000010010	1.46406E+00	1000010010	1.46692E+00
8.68483E+00	1000010010	4.25706E+00	1000010010	4.26536E+00
4.58934E+00	1000010010	5.19630E+02	1000010010	5.20165E+02
3.66109E+00	1000010010	4.87644E+02	1000010010	4.88045E+02
8.07715E+00	1000010010	4.10868E+02	1000010010	4.11613E+02
4.54832E+00	1000010010	5.36138E+01	1000010010	5.36686E+01
1.17458E-01	1000010010	3.29475E+02	1000010010	3.29483E+02
9.59472E+00	1000010010	4.16276E+00	1000010010	4.17173E+00
6.92379E-01	1000010010	1.97076E+02	1000010010	1.97106E+02
5.19762E+00	1000010010	8.16112E+00	1000010010	8.17065E+00
4.82276E+00	1000010010	2.49066E+02	1000010010	2.49336E+02
8.90872E+00	1000010010	1.47159E+02	1000010010	1.47453E+02
8.98884E+00	1000010010	1.34066E+00	1000010010	1.34337E+00
9.28308E-01	1000010010	1.08596E+00	1000010010	1.08619E+00
8.53083E+00	1000010010	1.14088E+02	1000010010	1.14306E+02
1.70690E-01	1000010010	7.21649E+00	1000010010	7.21676E+00
7.21584E+00	1000010010	7.21890E+02	1000010010	7.23060E+02
7.76834E+00	1000010010	1.01766E+00	1000010010	1.01944E+00
5.36309E+00	1000010010	2.53899E+00	1000010010	2.54204E+00
9.89839E+00	1000010010	1.17855E+00	1000010010	1.18117E+00
4.83143E-01	1000010010	1.61028E+00	1000010010	1.61046E+00
2.18238E+00	1000010010	1.09419E+00	1000010010	1.09472E+00
5.53966E+00	1000010010	6.02805E+00	1000010010	6.03555E+00
8.18070E+00	1000010010	4.56273E+02	1000010010	4.57111E+02
9.60622E+00	1000010010	4.14433E+00	1000010010	4.15327E+00
3.41569E+00	1000010010	1.50119E+00	1000010010	1.50234E+00
2.71051E+00	1000010010	4.11882E+00	1000010010	4.12133E+00
9.70022E+00	1000010010	2.09607E+02	1000010010	2.10063E+02
7.45320E+00	1000010010	9.63016E+01	1000010010	9.64628E+01
4.95170E-01	1000010010	3.17421E+00	1000010010	3.17457E+00
1.55480E+00	1000010010	7.06675E+01	1000010010	7.06922E+01
3.29825E+00	1000010010	8.71109E+02	1000010010	8.71754E+02
4.69816E+00	1000010010	6.71971E+00	1000010010	6.72679E+00
6.09479E+00	1000010010	1.13625E+01	1000010010	1.13781E+01
4.29312E+00	1000010010	4.68153E+00	1000010010	4.68604E+00
6.90842E+00	1000010010	7.31443E+02	1000010010	7.32577E+02
3.69198E+00	1000010010	1.71562E+00	1000010010	1.71704E+00
2.22599E+00	1000010010	5.64514E+01	1000010010	5.64796E+01
2.19846E+00	1000010010	8.75417E+01	1000010010	8.75849E+01
4.63460E+00	1000010010	4.82913E+00	1000010010	4.83416E+00
5.92313E+00	1000010010	3.30577E+01	1000010010	3.31016E+01
7.55281E+00	1000010010	5.44813E+01	1000010010	5.45737E+01
7.37162E+00	1000010010	3.13856E+01	1000010010	3.14375E+01
5.05197E+00	1000010010	1.12792E+01	1000010010	1.12920E+01
7.77532E+00	1000010010	1.40746E+01	1000010010	1.40992E+01
3.15489E+00	1000010010	3.16480E+01	1000010010	3.16704E+01
9.43223E+00	1000010010	2.27346E+01	1000010010	2.27827E+01
