#	D	ID	E	ID0	E0
#
# D             Trajectory length [1 Mpc]
# ID/ID0/ID1    Particle type (PDG MC numbering scheme)
# E/E0/E1       Energy [1 EeV]
# no index = current, 0 = at source, 1 = at point of creation
#
# CRPropa version: -128-NOTFOUND
#
6.04889E+03	1000010010	5.47430E+19	1000010010	5.47430E+19
2.19119E+03	1000010010	3.66787E+21	1000010010	3.66787E+21
8.31836E+03	1000010010	3.40468E+20	1000010010	3.40468E+20
1.38489E+03	1000010010	2.49857E+21	1000010010	2.49857E+21
6.65051E+03	1000010010	2.19830E+21	1000010010	2.19830E+21
1.21093E+03	1000010010	2.62221E+19	1000010010	2.62221E+19
2.07566E+03	1000010010	2.70250E+19	1000010010	2.70250E+19
2.24778E+03	1000010010	5.52618E+21	1000010010	5.52618E+21
1.05125E+03	1000010010	2.90368E+20	1000010010	2.90368E+20
7.48459E+03	1000010010	1.30847E+20	1000010010	1.30847E+20
3.32268E+03	1000010010	1.79087E+20	1000010010	1.79087E+20
3.89557E+03	1000010010	2.70558E+20	1000010010	2.70558E+20
2.54820E+03	1000010010	2.61185E+19	1000010010	2.61185E+19
1.07282E+03	1000010010	2.87771E+21	1000010010	2.87771E+21
1.03004E+03	1000010010	8.83810E+18	1000010010	8.83810E+18
1.36223E+02	1000010010	1.22200E+20	1000010010	1.22200E+20
5.55096E+02	1000010010	9.02689E+19	1000010010	9.02689E+19
5.39328E+03	1000010010	1.19122E+20	1000010010	1.19122E+20
9.68252E+02	1000010010	6.51710E+19	1000010010	6.51710E+19
7.72187E+02	1000010010	7.95748E+19	1000010010	7.95748E+19
3.72023E+03	1000010010	8.15297E+18	1000010010	8.15297E+18
9.04753E+02	1000010010	3.90069E+20	1000010010	3.90069E+20
2.08270E+03	1000010010	9.84576E+18	1000010010	9.84576E+18
9.65585E+03	1000010010	8.31456E+19	1000010010	8.31456E+19
3.09059E+03	1000010010	2.01875E+19	1000010010	2.01875E+19
1.92705E+03	1000010010	7.12153E+19	1000010010	7.12153E+19
1.50831E+03	1000010010	3.90917E+21	1000010010	3.90917E+21
3.53617E+03	1000010010	1.25142E+20	1000010010	1.25142E+20
5.11753E+03	1000010010	4.65312E+19	1000010010	4.65312E+19
8.94082E+03	1000010010	1.61516E+19	1000010010	1.61516E+19
8.56051E+03	1000010010	1.25785E+19	1000010010	1.25785E+19
1.65490E+03	1000010010	3.87395E+20	1000010010	3.87395E+20
4.80728E+03	1000010010	7.49383E+19	1000010010	7.49383E+19
2.02661E+02	1000010010	1.38707E+21	1000010010	1.38707E+21
3.20736E+02	1000010010	5.58961E+19	1000010010	5.58961E+19
1.49664E+03	1000010010	2.85367E+21	1000010010	2.85367E+21
2.89522E+03	1000010010	2.84217E+21	1000010010	2.84217E+21
3.69486E+03	1000010010	2.07696E+19	1000010010	2.07696E+19
8.82416E+03	1000010010	9.09440E+19	1000010010	9.09440E+19
7.99476E+03	1000010010	2.46308E+19	1000010010	2.46308E+19
9.86295E+03	1000010010	9.84931E+18	1000010010	9.84931E+18
2.16187E+03	1000010010	1.45618E+19	1000010010	1.45618E+19
2.49084E+03	1000010010	3.11031E+21	1000010010	3.11031E+21
5.93286E+02	1000010010	1.90832E+21	1000010010	1.90832E+21
6.77191E+03	1000010010	3.48926E+21	1000010010	3.48926E+21
4.40095E+03	1000010010	9.78384E+19	1000010010	9.78384E+19
2.85863E+03	1000010010	1.09713E+21	1000010010	1.09713E+21
4.26488E+03	1000010010	1.77016E+21	1000010010	1.77016E+21
7.50593E+03	1000010010	1.46215E+21	1000010010	1.46215E+21
3.13918E+03	1000010010	5.10832E+19	1000010010	5.10832E+19
5.84124E+03	1000010010	8.92579E+18	1000010010	8.92579E+18
7.11116E+03	1000010010	3.70265E+20	1000010010	3.70265E+20
8.95462E+02	1000010010	1.57319E+19	1000010010	1.57319E+19
8.16287E+03	1000010010	1.41909E+20	1000010010	1.41909E+20
4.97115E+03	1000010010	1.41684E+19	1000010010	1.41684E+19
1.66750E+03	1000010010	9.39815E+19	1000010010	9.39815E+19
7.87607E+03	1000010010	2.08007E+21	1000010010	2.08007E+21
7.83305E+03	1000010010	9.10149E+19	1000010010	9.10149E+19
9.85291E+02	1000010010	2.09942E+19	1000010010	2.09942E+19
9.65718E+02	1000010010	2.54593E+21	1000010010	2.54593E+21
6.09359E+02	1000010010	8.69019E+18	1000010010	8.69019E+18
8.45720E+03	1000010010	3.65918E+21	1000010010	3.65918E+21
2.78146E+03	1000010010	3.04994E+21	1000010010	3.04994E+21
5.66009E+03	1000010010	1.67644E+21	1000010010	1.67644E+21
2.68624E+03	1000010010	8.49986E+19	1000010010	8.49986E+19
2.37781E+03	1000010010	5.55089E+19	1000010010	5.55089E+19
1.09165E+03	1000010010	9.55247E+19	1000010010	9.55247E+19
4.69622E+03	1000010010	4.61848E+21	1000010010	4.61848E+21
7.21823E+03	1000010010	1.06708E+20	1000010010	1.06708E+20
3.88872E+03	1000010010	7.22881E+19	1000010010	7.22881E+19
1.69532E+03	1000010010	6.19808E+19	1000010010	6.19808E+19
1.72431E+03	1000010010	1.29510E+19	1000010010	1.29510E+19
5.47158E+03	1000010010	3.41297E+20	1000010010	3.41297E+20
2.49695E+03	1000010010	7.05667E+19	1000010010	7.05667E+19
1.16318E+03	1000010010	5.45907E+20	1000010010	5.45907E+20
8.96137E+03	1000010010	1.17344E+20	1000010010	1.17344E+20
3.43510E+02	1000010010	2.92203E+20	1000010010	2.92203E+20
5.22165E+03	1000010010	1.10336E+21	1000010010	1.10336E+21
2.96357E+02	1000010010	7.35236E+20	1000010010	7.35236E+20
2.58291E+02	1000010010	2.05104E+21	1000010010	2.05104E+21
2.34921E+03	1000010010	2.12080E+21	1000010010	2.12080E+21
4.77607E+03	1000010010	1.09805E+19	1000010010	1.09805E+19
1.33500E+03	1000010010	2.35307E+20	1000010010	2.35307E+20
1.02241E+03	1000010010	1.29519E+19	1000010010	1.29519E+19
2.80991E+02	1000010010	1.02455E+21	1000010010	1.02455E+21
3.59975E+03	1000010010	1.10350E+19	1000010010	1.10350E+19
1.77557E+03	1000010010	2.17364E+21	1000010010	2.17364E+21
5.43602E+03	1000010010	1.33479E+20	1000010010	1.33479E+20
3.40797E+03	1000010010	1.32312E+21	1000010010	1.32312E+21
4.04177E+03	1000010010	1.07927E+19	1000010010	1.07927E+19
2.02175E+03	1000010010	2.20605E+20	1000010010	2.20605E+20
2.88213E+03	1000010010	2.82893E+20	1000010010	2.82893E+20
3.06864E+03	1000010010	6.29503E+20	1000010010	6.29503E+20
5.57404E+03	1000010010	3.53036E+20	1000010010	3.53036E+20
1.58598E+03	1000010010	7.46828E+19	1000010010	7.46828E+19
3.69427E+03	1000010010	3.07742E+19	1000010010	3.07742E+19
1.37860E+02	1000010010	7.22876E+19	1000010010	7.22876E+19
4.75698E+03	1000010010	3.86234E+21	1000010010	3.86234E+21
2.27503E+03	1000010010	2.31763E+19	1000010010	2.31763E+19
1.79610E+03	1000010010	4.16976E+20	1000010010	4.16976E+20
2.02620E+03	1000010010	2.69000E+20	1000010010	2.69000E+20
1.23648E+03	1000010010	1.17278E+20	1000010010	1.17278E+20
3.80170E+03	1000010010	4.58525E+20	1000010010	4.58525E+20
9.65634E+03	1000010010	3.50106E+20	1000010010	3.50106E+20
6.16964E+03	1000010010	2.87559E+21	1000010010	2.87559E+21
6.77619E+03	1000010010	7.23564E+18	1000010010	7.23564E+18
3.50716E+02	1000010010	1.47254E+20	1000010010	1.47254E+20
3.69828E+03	1000010010	2.42311E+21	1000010010	2.42311E+21
1.47226E+03	1000010010	7.13467E+19	1000010010	7.13467E+19
4.02234E+03	1000010010	1.58488E+20	1000010010	1.58488E+20
4.41628E+03	1000010010	1.38229E+20	1000010010	1.38229E+20
2.82942E+03	1000010010	2.61273E+19	1000010010	2.61273E+19
4.45083E+03	1000010010	4.74379E+20	1000010010	4.74379E+20
7.13804E+03	1000010010	1.28891E+19	1000010010	1.28891E+19
4.43166E+03	1000010010	7.63157E+19	1000010010	7.63157E+19
6.22928E+02	1000010010	4.05736E+20	1000010010	4.05736E+20
6.13066E+03	1000010010	7.91042E+20	1000010010	7.91042E+20
9.13270E+02	1000010010	4.77413E+19	1000010010	4.77413E+19
1.49714E+03	1000010010	3.62947E+21	1000010010	3.62947E+21
8.43133E+03	1000010010	3.07119E+19	1000010010	3.07119E+19
8.33494E+03	1000010010	1.43835E+19	1000010010	1.43835E+19
5.33108E+02	1000010010	8.35011E+19	1000010010	8.35011E+19
6.27973E+03	1000010010	1.74064E+19	1000010010	1.74064E+19
1.57825E+02	1000010010	1.18696E+20	1000010010	1.18696E+20
3.96323E+02	1000010010	2.67274E+20	1000010010	2.67274E+20
1.39633E+03	1000010010	6.86147E+19	1000010010	6.86147E+19
7.43231E+03	1000010010	4.55165E+21	1000010010	4.55165E+21
5.36120E+03	1000010010	1.54611E+20	1000010010	1.54611E+20
5.00294E+02	1000010010	3.11237E+21	1000010010	3.11237E+21
4.71120E+02	1000010010	1.01320E+20	1000010010	1.01320E+20
2.95754E+03	1000010010	9.91639E+20	1000010010	9.91639E+20
1.66786E+03	1000010010	2.67614E+20	1000010010	2.67614E+20
5.68708E+03	1000010010	6.76719E+18	1000010010	6.76719E+18
9.30663E+03	1000010010	7.16819E+19	1000010010	7.16819E+19
2.87336E+03	1000010010	2.32084E+19	1000010010	2.32084E+19
1.52100E+03	1000010010	7.69787E+19	1000010010	7.69787E+19
7.19620E+03	1000010010	1.61776E+19	1000010010	1.61776E+19
1.19175E+03	1000010010	2.19349E+19	1000010010	2.19349E+19
6.61409E+03	1000010010	6.13118E+19	1000010010	6.13118E+19
2.85827E+02	1000010010	7.88173E+20	1000010010	7.88173E+20
1.11448E+03	1000010010	1.48405E+20	1000010010	1.48405E+20
9.24635E+03	1000010010	3.47085E+21	1000010010	3.47085E+21
6.31337E+03	1000010010	3.97601E+20	1000010010	3.97601E+20
1.17571E+03	1000010010	1.80966E+20	1000010010	1.80966E+20
4.21670E+03	1000010010	8.06630E+19	1000010010	8.06630E+19
7.58389E+03	1000010010	2.44126E+20	1000010010	2.44126E+20
1.52694E+03	1000010010	2.45265E+21	1000010010	2.45265E+21
1.51932E+03	1000010010	1.78289E+20	1000010010	1.78289E+20
3.08421E+03	1000010010	3.14790E+21	1000010010	3.14790E+21
4.18496E+03	1000010010	2.64612E+20	1000010010	2.64612E+20
3.49893E+03	1000010010	5.63836E+21	1000010010	5.63836E+21
1.22046E+03	1000010010	1.06895E+19	1000010010	1.06895E+19
3.04875E+03	1000010010	6.00036E+19	1000010010	6.00036E+19
5.36897E+03	1000010010	8.19633E+20	1000010010	8.19633E+20
9.13946E+02	1000010010	2.03208E+21	1000010010	2.03208E+21
7.62175E+03	1000010010	6.35438E+18	1000010010	6.35438E+18
2.07699E+03	1000010010	2.62299E+20	1000010010	2.62299E+20
2.26577E+03	1000010010	1.81275E+21	1000010010	1.81275E+21
7.81385E+02	1000010010	3.31993E+21	1000010010	3.31993E+21
4.04884E+03	1000010010	2.18650E+20	1000010010	2.18650E+20
1.61708E+02	1000010010	1.07213E+21	1000010010	1.07213E+21
6.27934E+03	1000010010	1.65647E+21	1000010010	1.65647E+21
7.94897E+02	1000010010	4.79446E+19	1000010010	4.79446E+19
1.78462E+02	1000010010	2.63536E+21	1000010010	2.63536E+21
4.20738E+03	1000010010	1.11751E+20	1000010010	1.11751E+20
1.17366E+03	1000010010	2.22532E+20	1000010010	2.22532E+20
5.06131E+03	1000010010	5.03399E+20	1000010010	5.03399E+20
1.71363E+03	1000010010	6.85531E+18	1000010010	6.85531E+18
1.83733E+03	1000010010	2.04673E+20	1000010010	2.04673E+20
2.76053E+02	1000010010	6.88364E+18	1000010010	6.88364E+18
2.58856E+02	1000010010	1.68284E+21	1000010010	1.68284E+21
1.45127E+03	1000010010	6.67341E+18	1000010010	6.67341E+18
3.25459E+03	1000010010	1.65118E+19	1000010010	1.65118E+19
3.62125E+03	1000010010	9.45264E+18	1000010010	9.45264E+18
4.96074E+03	1000010010	2.88513E+20	1000010010	2.88513E+20
8.38415E+02	1000010010	2.67478E+19	1000010010	2.67478E+19
1.03760E+02	1000010010	1.71286E+21	1000010010	1.71286E+21
3.02571E+03	1000010010	1.93466E+21	1000010010	1.93466E+21
1.37426E+03	1000010010	3.29851E+20	1000010010	3.29851E+20
8.05997E+03	1000010010	3.45127E+19	1000010010	3.45127E+19
5.11013E+03	1000010010	2.45417E+21	1000010010	2.45417E+21
4.51674E+03	1000010010	3.75717E+19	1000010010	3.75717E+19
1.74236E+03	1000010010	1.00766E+19	1000010010	1.00766E+19
3.49324E+02	1000010010	2.65354E+19	1000010010	2.65354E+19
4.96228E+02	1000010010	3.50370E+21	1000010010	3.50370E+21
4.59461E+03	1000010010	8.06677E+18	1000010010	8.06677E+18
7.28807E+03	1000010010	6.24950E+18	1000010010	6.24950E+18
6.91990E+02	1000010010	2.50609E+20	1000010010	2.50609E+20
1.04988E+02	1000010010	7.73382E+20	1000010010	7.73382E+20
5.23478E+03	1000010010	8.61686E+20	1000010010	8.61686E+20
1.29023E+03	1000010010	5.16276E+20	1000010010	5.16276E+20
6.34524E+03	1000010010	1.11393E+20	1000010010	1.11393E+20
2.35253E+03	1000010010	1.71087E+21	1000010010	1.71087E+21
7.10520E+03	1000010010	1.74365E+21	1000010010	1.74365E+21
2.60153E+03	1000010010	1.01899E+19	1000010010	1.01899E+19
3.06119E+03	1000010010	1.16724E+19	1000010010	1.16724E+19
1.19891E+03	1000010010	1.53707E+19	1000010010	1.53707E+19
3.05206E+03	1000010010	2.58654E+20	1000010010	2.58654E+20
1.88778E+03	1000010010	4.53571E+19	1000010010	4.53571E+19
2.93138E+02	1000010010	9.93870E+19	1000010010	9.93870E+19
1.70243E+03	1000010010	1.11923E+20	1000010010	1.11923E+20
3.95474E+03	1000010010	4.07275E+19	1000010010	4.07275E+19
5.89165E+03	1000010010	6.33011E+19	1000010010	6.33011E+19
6.42988E+03	1000010010	1.36714E+20	1000010010	1.36714E+20
3.06058E+03	1000010010	4.27096E+21	1000010010	4.27096E+21
6.32883E+03	1000010010	9.90527E+19	1000010010	9.90527E+19
1.47694E+03	1000010010	2.67300E+19	1000010010	2.67300E+19
1.71962E+03	1000010010	7.54325E+18	1000010010	7.54325E+18
2.79681E+03	1000010010	7.93748E+20	1000010010	7.93748E+20
2.37717E+03	1000010010	2.74151E+19	1000010010	2.74151E+19
4.54237E+03	1000010010	4.56683E+21	1000010010	4.56683E+21
6.67159E+03	1000010010	2.89680E+21	1000010010	2.89680E+21
8.43495E+03	1000010010	7.42893E+20	1000010010	7.42893E+20
2.76540E+03	1000010010	7.69728E+19	1000010010	7.69728E+19
7.02537E+03	1000010010	4.16189E+21	1000010010	4.16189E+21
2.35092E+03	1000010010	3.41050E+19	1000010010	3.41050E+19
2.18429E+03	1000010010	5.83045E+19	1000010010	5.83045E+19
1.32507E+03	1000010010	1.59169E+21	1000010010	1.59169E+21
9.14263E+03	1000010010	1.26541E+20	1000010010	1.26541E+20
4.14742E+02	1000010010	3.68819E+19	1000010010	3.68819E+19
5.51878E+03	1000010010	9.81171E+18	1000010010	9.81171E+18
5.51275E+03	1000010010	9.88879E+18	1000010010	9.88879E+18
1.86142E+03	1000010010	3.66516E+20	1000010010	3.66516E+20
2.34119E+03	1000010010	3.22573E+20	1000010010	3.22573E+20
1.12420E+03	1000010010	1.39085E+21	1000010010	1.39085E+21
3.87633E+02	1000010010	6.16554E+21	1000010010	6.16554E+21
1.04073E+03	1000010010	2.30704E+21	1000010010	2.30704E+21
1.60004E+03	1000010010	1.68884E+21	1000010010	1.68884E+21
2.70240E+03	1000010010	7.52458E+19	1000010010	7.52458E+19
8.17673E+03	1000010010	2.95551E+20	1000010010	2.95551E+20
5.31351E+03	1000010010	1.87881E+19	1000010010	1.87881E+19
4.68500E+03	1000010010	1.02713E+20	1000010010	1.02713E+20
2.23759E+03	1000010010	3.22392E+19	1000010010	3.22392E+19
8.02522E+03	1000010010	2.11029E+20	1000010010	2.11029E+20
8.44567E+03	1000010010	4.19985E+19	1000010010	4.19985E+19
3.27810E+03	1000010010	3.34243E+21	1000010010	3.34243E+21
8.24128E+02	1000010010	1.12251E+19	1000010010	1.12251E+19
1.28368E+03	1000010010	1.58645E+20	1000010010	1.58645E+20
7.63051E+02	1000010010	6.63110E+19	1000010010	6.63110E+19
8.37250E+02	1000010010	5.22481E+21	1000010010	5.22481E+21
3.41592E+03	1000010010	1.35389E+19	1000010010	1.35389E+19
3.85863E+03	1000010010	1.95803E+21	1000010010	1.95803E+21
2.29467E+03	1000010010	4.12170E+21	1000010010	4.12170E+21
8.41094E+03	1000010010	4.01239E+21	1000010010	4.01239E+21
9.68692E+02	1000010010	2.82788E+20	1000010010	2.82788E+20
7.53786E+03	1000010010	4.27377E+19	1000010010	4.27377E+19
2.87352E+03	1000010010	7.62380E+19	1000010010	7.62380E+19
1.12263E+03	1000010010	2.09037E+19	1000010010	2.09037E+19
2.77184E+02	1000010010	3.01557E+20	1000010010	3.01557E+20
4.21752E+02	1000010010	1.42042E+19	1000010010	1.42042E+19
1.32365E+03	1000010010	5.52305E+21	1000010010	5.52305E+21
3.23225E+03	1000010010	5.18208E+20	1000010010	5.18208E+20
4.02941E+03	1000010010	8.95516E+20	1000010010	8.95516E+20
3.33010E+03	1000010010	2.68336E+20	1000010010	2.68336E+20
7.61021E+03	1000010010	4.42507E+20	1000010010	4.42507E+20
5.67435E+03	1000010010	1.97918E+20	1000010010	1.97918E+20
4.12104E+03	1000010010	5.10115E+21	1000010010	5.10115E+21
3.05124E+03	1000010010	3.09518E+20	1000010010	3.09518E+20
1.71192E+03	1000010010	2.24296E+19	1000010010	2.24296E+19
1.10943E+03	1000010010	4.32709E+21	1000010010	4.32709E+21
5.41613E+03	1000010010	2.20426E+20	1000010010	2.20426E+20
1.33571E+03	1000010010	1.10672E+21	1000010010	1.10672E+21
6.00316E+03	1000010010	1.62617E+20	1000010010	1.62617E+20
6.49209E+03	1000010010	9.80970E+18	1000010010	9.80970E+18
4.39497E+03	1000010010	5.78047E+19	1000010010	5.78047E+19
5.08513E+02	1000010010	6.85056E+19	1000010010	6.85056E+19
1.16473E+03	1000010010	1.78316E+20	1000010010	1.78316E+20
2.23770E+03	1000010010	6.40970E+18	1000010010	6.40970E+18
7.54581E+03	1000010010	1.64312E+19	1000010010	1.64312E+19
8.02143E+02	1000010010	2.39987E+19	1000010010	2.39987E+19
1.96831E+03	1000010010	1.61871E+20	1000010010	1.61871E+20
4.37874E+03	1000010010	3.00556E+20	1000010010	3.00556E+20
1.32505E+03	1000010010	2.21137E+19	1000010010	2.21137E+19
3.12979E+03	1000010010	3.13454E+21	1000010010	3.13454E+21
2.50980E+03	1000010010	1.75104E+20	1000010010	1.75104E+20
3.40796E+03	1000010010	1.83301E+20	1000010010	1.83301E+20
5.19005E+02	1000010010	2.39146E+21	1000010010	2.39146E+21
8.20079E+02	1000010010	1.07257E+19	1000010010	1.07257E+19
4.04636E+03	1000010010	8.50921E+20	1000010010	8.50921E+20
8.10236E+02	1000010010	3.52667E+21	1000010010	3.52667E+21
1.43834E+03	1000010010	9.17773E+20	1000010010	9.17773E+20
1.91126E+02	1000010010	6.67635E+19	1000010010	6.67635E+19
3.49153E+03	1000010010	3.59367E+19	1000010010	3.59367E+19
3.40200E+03	1000010010	2.01654E+20	1000010010	2.01654E+20
4.32782E+03	1000010010	6.02268E+21	1000010010	6.02268E+21
1.98633E+03	1000010010	9.39464E+19	1000010010	9.39464E+19
3.05764E+03	1000010010	1.48989E+19	1000010010	1.48989E+19
6.14154E+03	1000010010	1.10929E+21	1000010010	1.10929E+21
1.73732E+03	1000010010	1.12204E+20	1000010010	1.12204E+20
1.20636E+03	1000010010	4.67572E+21	1000010010	4.67572E+21
5.15817E+03	1000010010	1.43158E+21	1000010010	1.43158E+21
5.89842E+03	1000010010	3.38223E+20	1000010010	3.38223E+20
6.21741E+03	1000010010	4.42999E+20	1000010010	4.42999E+20
1.41544E+03	1000010010	4.40544E+19	1000010010	4.40544E+19
2.06636E+02	1000010010	1.41264E+19	1000010010	1.41264E+19
5.04952E+03	1000010010	1.57306E+21	1000010010	1.57306E+21
1.05163E+02	1000010010	7.93248E+20	1000010010	7.93248E+20
7.96740E+03	1000010010	1.51686E+19	1000010010	1.51686E+19
9.21005E+03	1000010010	4.80399E+21	1000010010	4.80399E+21
5.63152E+03	1000010010	1.10044E+19	1000010010	1.10044E+19
1.58072E+03	1000010010	1.53477E+20	1000010010	1.53477E+20
4.17691E+03	1000010010	9.87428E+18	1000010010	9.87428E+18
6.08504E+03	1000010010	4.13643E+21	1000010010	4.13643E+21
1.40966E+03	1000010010	1.04455E+19	1000010010	1.04455E+19
2.49451E+03	1000010010	6.14698E+20	1000010010	6.14698E+20
2.30670E+03	1000010010	3.49722E+19	1000010010	3.49722E+19
3.07961E+02	1000010010	1.15514E+19	1000010010	1.15514E+19
2.98784E+02	1000010010	1.61723E+20	1000010010	1.61723E+20
3.51867E+03	1000010010	4.21917E+19	1000010010	4.21917E+19
1.79390E+03	1000010010	8.20094E+19	1000010010	8.20094E+19
5.99076E+03	1000010010	9.21169E+20	1000010010	9.21169E+20
3.20529E+03	1000010010	5.85294E+21	1000010010	5.85294E+21
2.19637E+03	1000010010	7.92641E+18	1000010010	7.92641E+18
6.22497E+03	1000010010	4.86883E+19	1000010010	4.86883E+19
4.04722E+03	1000010010	1.87392E+19	1000010010	1.87392E+19
7.21057E+02	1000010010	2.20757E+20	1000010010	2.20757E+20
7.19460E+03	1000010010	9.06330E+19	1000010010	9.06330E+19
1.89951E+03	1000010010	2.01986E+20	1000010010	2.01986E+20
6.54926E+03	1000010010	2.40785E+20	1000010010	2.40785E+20
5.27920E+03	1000010010	9.35297E+19	1000010010	9.35297E+19
7.60268E+03	1000010010	7.82818E+19	1000010010	7.82818E+19
8.08849E+03	1000010010	1.61929E+21	1000010010	1.61929E+21
2.94864E+03	1000010010	1.29753E+21	1000010010	1.29753E+21
2.08006E+03	1000010010	1.00811E+21	1000010010	1.00811E+21
5.90722E+02	1000010010	7.83024E+18	1000010010	7.83024E+18
2.89006E+03	1000010010	2.51228E+19	1000010010	2.51228E+19
7.14733E+03	1000010010	4.11557E+19	1000010010	4.11557E+19
2.31482E+03	1000010010	4.81033E+20	1000010010	4.81033E+20
3.57033E+03	1000010010	6.08379E+21	1000010010	6.08379E+21
4.08796E+03	1000010010	2.17096E+21	1000010010	2.17096E+21
8.45196E+03	1000010010	2.91542E+21	1000010010	2.91542E+21
4.47936E+03	1000010010	4.26212E+19	1000010010	4.26212E+19
3.98239E+03	1000010010	1.53356E+21	1000010010	1.53356E+21
5.65264E+03	1000010010	3.65858E+19	1000010010	3.65858E+19
7.25971E+03	1000010010	1.67869E+21	1000010010	1.67869E+21
5.04340E+03	1000010010	2.40679E+19	1000010010	2.40679E+19
1.78604E+03	1000010010	2.02841E+20	1000010010	2.02841E+20
6.50611E+03	1000010010	2.86246E+20	1000010010	2.86246E+20
5.15935E+03	1000010010	5.43347E+19	1000010010	5.43347E+19
2.81001E+03	1000010010	1.05197E+21	1000010010	1.05197E+21
7.66641E+02	1000010010	2.86552E+21	1000010010	2.86552E+21
4.13944E+03	1000010010	1.13899E+19	1000010010	1.13899E+19
2.83451E+03	1000010010	1.80527E+19	1000010010	1.80527E+19
2.41081E+03	1000010010	1.63945E+19	1000010010	1.63945E+19
3.55787E+03	1000010010	5.64763E+19	1000010010	5.64763E+19
2.13241E+03	1000010010	1.01892E+19	1000010010	1.01892E+19
3.18213E+03	1000010010	4.81585E+20	1000010010	4.81585E+20
1.13348E+03	1000010010	8.99132E+20	1000010010	8.99132E+20
1.75301E+03	1000010010	3.08249E+20	1000010010	3.08249E+20
7.41097E+03	1000010010	1.17114E+19	1000010010	1.17114E+19
1.75990E+03	1000010010	1.50396E+20	1000010010	1.50396E+20
1.85722E+03	1000010010	1.78843E+19	1000010010	1.78843E+19
8.16454E+02	1000010010	2.45567E+20	1000010010	2.45567E+20
1.45146E+03	1000010010	2.21753E+21	1000010010	2.21753E+21
5.48259E+03	1000010010	6.35693E+18	1000010010	6.35693E+18
3.96781E+03	1000010010	2.04644E+21	1000010010	2.04644E+21
4.25718E+03	1000010010	1.19642E+20	1000010010	1.19642E+20
4.45283E+03	1000010010	5.57586E+19	1000010010	5.57586E+19
5.10368E+03	1000010010	7.81556E+19	1000010010	7.81556E+19
5.84074E+03	1000010010	2.95868E+21	1000010010	2.95868E+21
5.01102E+03	1000010010	1.12927E+19	1000010010	1.12927E+19
2.04824E+03	1000010010	3.98944E+21	1000010010	3.98944E+21
1.90478E+03	1000010010	2.78544E+20	1000010010	2.78544E+20
2.95753E+03	1000010010	7.29307E+20	1000010010	7.29307E+20
9.99500E+02	1000010010	3.61679E+19	1000010010	3.61679E+19
8.92515E+02	1000010010	4.23156E+21	1000010010	4.23156E+21
5.89982E+03	1000010010	4.75035E+19	1000010010	4.75035E+19
3.59239E+03	1000010010	4.11658E+20	1000010010	4.11658E+20
4.87901E+03	1000010010	1.18967E+20	1000010010	1.18967E+20
1.07062E+03	1000010010	2.12081E+20	1000010010	2.12081E+20
6.90224E+03	1000010010	2.72127E+19	1000010010	2.72127E+19
1.39308E+02	1000010010	1.81327E+19	1000010010	1.81327E+19
7.55136E+03	1000010010	2.82995E+20	1000010010	2.82995E+20
5.35837E+02	1000010010	9.63879E+18	1000010010	9.63879E+18
6.13376E+03	1000010010	1.95894E+20	1000010010	1.95894E+20
2.04729E+03	1000010010	2.28951E+19	1000010010	2.28951E+19
5.57633E+03	1000010010	2.62849E+20	1000010010	2.62849E+20
3.64971E+02	1000010010	9.65221E+20	1000010010	9.65221E+20
2.85948E+03	1000010010	4.20913E+21	1000010010	4.20913E+21
7.39565E+02	1000010010	1.31308E+19	1000010010	1.31308E+19
4.04105E+03	1000010010	7.87719E+20	1000010010	7.87719E+20
2.48089E+03	1000010010	9.05528E+20	1000010010	9.05528E+20
6.67231E+03	1000010010	2.72962E+21	1000010010	2.72962E+21
9.08208E+03	1000010010	5.57634E+20	1000010010	5.57634E+20
2.82079E+03	1000010010	9.32043E+20	1000010010	9.32043E+20
7.66353E+03	1000010010	6.90044E+18	1000010010	6.90044E+18
3.96478E+03	1000010010	5.75253E+21	1000010010	5.75253E+21
5.44752E+02	1000010010	2.12748E+19	1000010010	2.12748E+19
6.51452E+02	1000010010	8.40167E+20	1000010010	8.40167E+20
6.49611E+03	1000010010	1.37218E+19	1000010010	1.37218E+19
4.82762E+03	1000010010	2.94668E+21	1000010010	2.94668E+21
9.23458E+02	1000010010	4.04044E+21	1000010010	4.04044E+21
2.39025E+03	1000010010	2.65816E+20	1000010010	2.65816E+20
5.48302E+02	1000010010	9.45806E+18	1000010010	9.45806E+18
3.17079E+02	1000010010	2.19859E+19	1000010010	2.19859E+19
2.48393E+03	1000010010	1.10047E+21	1000010010	1.10047E+21
6.03804E+03	1000010010	6.09683E+19	1000010010	6.09683E+19
5.21290E+03	1000010010	2.93993E+19	1000010010	2.93993E+19
3.51890E+03	1000010010	2.37669E+21	1000010010	2.37669E+21
4.22482E+03	1000010010	6.79856E+20	1000010010	6.79856E+20
6.39082E+02	1000010010	1.49881E+19	1000010010	1.49881E+19
4.38746E+03	1000010010	1.52526E+21	1000010010	1.52526E+21
7.80743E+03	1000010010	5.68512E+19	1000010010	5.68512E+19
3.61281E+03	1000010010	1.77718E+19	1000010010	1.77718E+19
2.96713E+03	1000010010	9.80759E+18	1000010010	9.80759E+18
5.12611E+03	1000010010	8.11093E+18	1000010010	8.11093E+18
1.98957E+03	1000010010	1.16439E+19	1000010010	1.16439E+19
1.16182E+03	1000010010	2.44884E+20	1000010010	2.44884E+20
1.85455E+03	1000010010	1.18583E+19	1000010010	1.18583E+19
5.15826E+03	1000010010	2.11563E+20	1000010010	2.11563E+20
2.66895E+03	1000010010	2.02200E+21	1000010010	2.02200E+21
6.92418E+02	1000010010	7.28921E+18	1000010010	7.28921E+18
2.09755E+03	1000010010	3.09041E+20	1000010010	3.09041E+20
5.81272E+03	1000010010	3.23973E+19	1000010010	3.23973E+19
2.59160E+03	1000010010	3.33724E+20	1000010010	3.33724E+20
3.97254E+03	1000010010	4.44602E+19	1000010010	4.44602E+19
7.51701E+03	1000010010	1.80257E+21	1000010010	1.80257E+21
1.10840E+02	1000010010	1.21043E+21	1000010010	1.21043E+21
9.36449E+02	1000010010	9.94894E+20	1000010010	9.94894E+20
5.47328E+03	1000010010	1.72865E+19	1000010010	1.72865E+19
4.63276E+03	1000010010	8.17305E+20	1000010010	8.17305E+20
4.08942E+03	1000010010	2.50846E+19	1000010010	2.50846E+19
4.30951E+03	1000010010	8.18819E+19	1000010010	8.18819E+19
3.77750E+02	1000010010	1.86399E+19	1000010010	1.86399E+19
5.19025E+02	1000010010	6.27128E+18	1000010010	6.27128E+18
8.90359E+03	1000010010	5.61961E+20	1000010010	5.61961E+20
8.18943E+03	1000010010	4.56024E+21	1000010010	4.56024E+21
2.56394E+02	1000010010	2.43022E+20	1000010010	2.43022E+20
1.27106E+02	1000010010	4.90969E+20	1000010010	4.90969E+20
2.01276E+03	1000010010	8.45603E+20	1000010010	8.45603E+20
1.35768E+03	1000010010	2.24246E+20	1000010010	2.24246E+20
7.62185E+02	1000010010	1.99336E+19	1000010010	1.99336E+19
2.54756E+03	1000010010	2.43260E+20	1000010010	2.43260E+20
2.39505E+03	1000010010	2.12482E+19	1000010010	2.12482E+19
2.62844E+02	1000010010	4.83821E+20	1000010010	4.83821E+20
3.60760E+03	1000010010	1.02202E+21	1000010010	1.02202E+21
4.05396E+03	1000010010	8.85541E+18	1000010010	8.85541E+18
6.89800E+02	1000010010	3.48905E+21	1000010010	3.48905E+21
2.02293E+03	1000010010	1.67445E+21	1000010010	1.67445E+21
5.74033E+03	1000010010	5.97813E+19	1000010010	5.97813E+19
2.49551E+03	1000010010	5.80487E+20	1000010010	5.80487E+20
2.21474E+03	1000010010	1.48365E+19	1000010010	1.48365E+19
4.35800E+03	1000010010	2.01837E+19	1000010010	2.01837E+19
7.19142E+03	1000010010	5.51061E+20	1000010010	5.51061E+20
2.03988E+03	1000010010	4.67279E+21	1000010010	4.67279E+21
8.81751E+02	1000010010	1.02794E+19	1000010010	1.02794E+19
8.09714E+03	1000010010	2.60534E+20	1000010010	2.60534E+20
7.33834E+02	1000010010	9.05296E+19	1000010010	9.05296E+19
6.18805E+02	1000010010	8.32016E+18	1000010010	8.32016E+18
7.43184E+02	1000010010	1.17094E+20	1000010010	1.17094E+20
9.09215E+03	1000010010	1.16894E+19	1000010010	1.16894E+19
5.88467E+03	1000010010	8.91071E+20	1000010010	8.91071E+20
6.32016E+03	1000010010	1.47149E+21	1000010010	1.47149E+21
4.74317E+03	1000010010	8.76285E+18	1000010010	8.76285E+18
5.47429E+03	1000010010	3.00571E+19	1000010010	3.00571E+19
1.01726E+03	1000010010	8.27372E+20	1000010010	8.27372E+20
5.89444E+03	1000010010	2.93039E+20	1000010010	2.93039E+20
1.70228E+03	1000010010	8.76965E+20	1000010010	8.76965E+20
6.99839E+02	1000010010	3.09078E+19	1000010010	3.09078E+19
9.92179E+03	1000010010	1.11557E+21	1000010010	1.11557E+21
4.89947E+03	1000010010	1.24955E+20	1000010010	1.24955E+20
1.20932E+03	1000010010	5.61351E+21	1000010010	5.61351E+21
8.49680E+03	1000010010	1.52688E+19	1000010010	1.52688E+19
7.96021E+03	1000010010	7.18220E+19	1000010010	7.18220E+19
3.46880E+03	1000010010	4.30202E+19	1000010010	4.30202E+19
1.15477E+03	1000010010	1.19750E+21	1000010010	1.19750E+21
3.42060E+03	1000010010	1.02926E+20	1000010010	1.02926E+20
3.81577E+03	1000010010	1.41686E+19	1000010010	1.41686E+19
3.96455E+02	1000010010	7.27199E+20	1000010010	7.27199E+20
1.06062E+03	1000010010	1.20861E+21	1000010010	1.20861E+21
7.15956E+02	1000010010	1.34206E+21	1000010010	1.34206E+21
3.02014E+02	1000010010	4.33667E+19	1000010010	4.33667E+19
1.87713E+03	1000010010	3.45612E+21	1000010010	3.45612E+21
2.04587E+03	1000010010	2.75127E+21	1000010010	2.75127E+21
3.71046E+03	1000010010	5.64948E+21	1000010010	5.64948E+21
6.49487E+03	1000010010	3.95328E+20	1000010010	3.95328E+20
6.18873E+03	1000010010	5.67533E+19	1000010010	5.67533E+19
3.67985E+03	1000010010	3.60496E+20	1000010010	3.60496E+20
2.91024E+03	1000010010	2.53627E+20	1000010010	2.53627E+20
7.85926E+03	1000010010	3.50910E+21	1000010010	3.50910E+21
9.14723E+02	1000010010	2.09468E+21	1000010010	2.09468E+21
7.62751E+03	1000010010	2.79335E+20	1000010010	2.79335E+20
2.65889E+02	1000010010	3.42615E+21	1000010010	3.42615E+21
3.27595E+02	1000010010	2.96717E+20	1000010010	2.96717E+20
2.73926E+03	1000010010	4.25609E+21	1000010010	4.25609E+21
1.67862E+03	1000010010	3.60655E+20	1000010010	3.60655E+20
6.88290E+03	1000010010	4.13712E+19	1000010010	4.13712E+19
3.25432E+03	1000010010	1.88891E+21	1000010010	1.88891E+21
6.34729E+02	1000010010	2.51400E+20	1000010010	2.51400E+20
4.57715E+03	1000010010	5.92695E+19	1000010010	5.92695E+19
9.19979E+03	1000010010	3.64029E+21	1000010010	3.64029E+21
2.26297E+03	1000010010	3.47392E+21	1000010010	3.47392E+21
8.82332E+03	1000010010	1.51502E+21	1000010010	1.51502E+21
4.48442E+03	1000010010	1.16195E+20	1000010010	1.16195E+20
7.83231E+03	1000010010	3.44120E+20	1000010010	3.44120E+20
6.10793E+03	1000010010	6.11480E+19	1000010010	6.11480E+19
2.87740E+03	1000010010	1.49667E+21	1000010010	1.49667E+21
5.49048E+03	1000010010	2.26257E+19	1000010010	2.26257E+19
3.69891E+02	1000010010	4.95207E+21	1000010010	4.95207E+21
2.59086E+03	1000010010	1.99632E+20	1000010010	1.99632E+20
1.90416E+03	1000010010	4.76897E+19	1000010010	4.76897E+19
3.22564E+03	1000010010	7.57597E+19	1000010010	7.57597E+19
2.71913E+03	1000010010	1.70825E+19	1000010010	1.70825E+19
4.58606E+03	1000010010	1.47783E+21	1000010010	1.47783E+21
7.10912E+02	1000010010	4.22720E+21	1000010010	4.22720E+21
3.89807E+02	1000010010	9.82461E+19	1000010010	9.82461E+19
7.70299E+02	1000010010	1.68820E+20	1000010010	1.68820E+20
1.05701E+03	1000010010	3.11926E+20	1000010010	3.11926E+20
3.13006E+03	1000010010	5.19710E+20	1000010010	5.19710E+20
5.84511E+03	1000010010	1.42383E+20	1000010010	1.42383E+20
9.09259E+03	1000010010	3.70392E+19	1000010010	3.70392E+19
4.28906E+03	1000010010	4.33897E+19	1000010010	4.33897E+19
3.46415E+03	1000010010	4.22817E+20	1000010010	4.22817E+20
1.24838E+03	1000010010	1.30855E+20	1000010010	1.30855E+20
3.25515E+03	1000010010	2.80021E+21	1000010010	2.80021E+21
2.32842E+03	1000010010	6.43536E+19	1000010010	6.43536E+19
2.22768E+03	1000010010	2.33456E+19	1000010010	2.33456E+19
1.51319E+03	1000010010	5.10388E+19	1000010010	5.10388E+19
4.95650E+03	1000010010	9.24783E+19	1000010010	9.24783E+19
1.68671E+03	1000010010	7.16411E+20	1000010010	7.16411E+20
1.81656E+03	1000010010	8.05446E+18	1000010010	8.05446E+18
1.07912E+03	1000010010	1.39619E+21	1000010010	1.39619E+21
1.49846E+03	1000010010	1.16662E+20	1000010010	1.16662E+20
4.63083E+02	1000010010	5.22873E+20	1000010010	5.22873E+20
1.01239E+03	1000010010	1.40514E+21	1000010010	1.40514E+21
5.95535E+02	1000010010	3.39792E+20	1000010010	3.39792E+20
2.47480E+02	1000010010	5.28795E+19	1000010010	5.28795E+19
1.07840E+03	1000010010	9.55190E+18	1000010010	9.55190E+18
4.81491E+03	1000010010	8.95002E+20	1000010010	8.95002E+20
1.48271E+03	1000010010	5.58409E+20	1000010010	5.58409E+20
1.51916E+03	1000010010	5.38773E+20	1000010010	5.38773E+20
2.75659E+03	1000010010	9.55016E+19	1000010010	9.55016E+19
4.77319E+02	1000010010	1.91598E+21	1000010010	1.91598E+21
3.53333E+03	1000010010	5.12653E+20	1000010010	5.12653E+20
1.71064E+03	1000010010	5.72297E+21	1000010010	5.72297E+21
2.79580E+03	1000010010	1.58851E+19	1000010010	1.58851E+19
2.47327E+03	1000010010	7.31468E+19	1000010010	7.31468E+19
3.05022E+02	1000010010	1.02810E+19	1000010010	1.02810E+19
2.06978E+03	1000010010	3.35467E+19	1000010010	3.35467E+19
9.88144E+03	1000010010	1.20429E+21	1000010010	1.20429E+21
4.57778E+03	1000010010	5.62938E+20	1000010010	5.62938E+20
7.76463E+02	1000010010	3.68546E+21	1000010010	3.68546E+21
4.64831E+03	1000010010	9.04087E+20	1000010010	9.04087E+20
2.10334E+02	1000010010	2.35637E+20	1000010010	2.35637E+20
1.81500E+03	1000010010	2.86889E+19	1000010010	2.86889E+19
1.55995E+03	1000010010	5.49265E+19	1000010010	5.49265E+19
3.62216E+02	1000010010	2.57933E+21	1000010010	2.57933E+21
6.69377E+03	1000010010	1.71262E+21	1000010010	1.71262E+21
1.93939E+03	1000010010	1.34249E+20	1000010010	1.34249E+20
7.08474E+03	1000010010	7.54882E+19	1000010010	7.54882E+19
4.69197E+03	1000010010	2.39184E+21	1000010010	2.39184E+21
2.59526E+03	1000010010	2.40419E+19	1000010010	2.40419E+19
7.45167E+02	1000010010	1.40778E+19	1000010010	1.40778E+19
6.74931E+03	1000010010	5.05489E+21	1000010010	5.05489E+21
3.90461E+02	1000010010	8.16143E+19	1000010010	8.16143E+19
1.72111E+03	1000010010	2.51207E+19	1000010010	2.51207E+19
1.85284E+03	1000010010	2.02633E+21	1000010010	2.02633E+21
5.12797E+03	1000010010	6.57376E+18	1000010010	6.57376E+18
7.30157E+03	1000010010	7.49963E+20	1000010010	7.49963E+20
3.32346E+03	1000010010	1.25035E+21	1000010010	1.25035E+21
6.77478E+03	1000010010	2.15982E+21	1000010010	2.15982E+21
5.50865E+02	1000010010	1.07114E+19	1000010010	1.07114E+19
5.59608E+03	1000010010	1.89529E+21	1000010010	1.89529E+21
5.40344E+03	1000010010	6.26956E+18	1000010010	6.26956E+18
2.04024E+03	1000010010	6.92984E+18	1000010010	6.92984E+18
4.47239E+03	1000010010	2.72545E+21	1000010010	2.72545E+21
3.84120E+03	1000010010	1.56669E+20	1000010010	1.56669E+20
3.43030E+03	1000010010	2.73837E+20	1000010010	2.73837E+20
1.67856E+03	1000010010	3.52256E+19	1000010010	3.52256E+19
2.01828E+03	1000010010	4.80741E+19	1000010010	4.80741E+19
2.70159E+03	1000010010	2.87190E+20	1000010010	2.87190E+20
1.70766E+03	1000010010	2.90669E+21	1000010010	2.90669E+21
4.03675E+03	1000010010	2.92582E+19	1000010010	2.92582E+19
3.89041E+03	1000010010	8.37562E+18	1000010010	8.37562E+18
4.13676E+03	1000010010	4.05098E+19	1000010010	4.05098E+19
2.02250E+02	1000010010	4.89650E+19	1000010010	4.89650E+19
3.48792E+03	1000010010	9.10933E+19	1000010010	9.10933E+19
4.14048E+03	1000010010	3.34828E+19	1000010010	3.34828E+19
4.12109E+02	1000010010	9.53380E+19	1000010010	9.53380E+19
2.46145E+03	1000010010	3.71258E+21	1000010010	3.71258E+21
7.40146E+02	1000010010	2.92161E+20	1000010010	2.92161E+20
1.84350E+03	1000010010	2.66908E+20	1000010010	2.66908E+20
1.81318E+03	1000010010	3.05657E+20	1000010010	3.05657E+20
8.68666E+03	1000010010	1.57902E+21	1000010010	1.57902E+21
7.03891E+02	1000010010	1.20425E+21	1000010010	1.20425E+21
5.44206E+03	1000010010	6.63989E+19	1000010010	6.63989E+19
8.30551E+03	1000010010	2.49140E+20	1000010010	2.49140E+20
2.82965E+02	1000010010	2.31693E+19	1000010010	2.31693E+19
6.31662E+03	1000010010	1.11622E+19	1000010010	1.11622E+19
3.93627E+03	1000010010	2.52418E+21	1000010010	2.52418E+21
5.11136E+03	1000010010	2.48736E+19	1000010010	2.48736E+19
3.96494E+02	1000010010	3.50587E+19	1000010010	3.50587E+19
5.57972E+03	1000010010	1.71035E+20	1000010010	1.71035E+20
4.44869E+02	1000010010	2.05849E+21	1000010010	2.05849E+21
2.91394E+03	1000010010	2.51232E+21	1000010010	2.51232E+21
1.84810E+03	1000010010	2.62601E+20	1000010010	2.62601E+20
2.56754E+03	1000010010	3.82916E+19	1000010010	3.82916E+19
1.77225E+03	1000010010	4.59515E+21	1000010010	4.59515E+21
1.70501E+03	1000010010	5.27893E+21	1000010010	5.27893E+21
4.47251E+03	1000010010	5.25784E+21	1000010010	5.25784E+21
2.43400E+03	1000010010	1.12469E+19	1000010010	1.12469E+19
4.80969E+03	1000010010	8.36440E+18	1000010010	8.36440E+18
1.54446E+03	1000010010	4.11468E+20	1000010010	4.11468E+20
1.00912E+02	1000010010	1.70077E+19	1000010010	1.70077E+19
1.18360E+03	1000010010	2.62509E+20	1000010010	2.62509E+20
2.62562E+03	1000010010	6.87239E+19	1000010010	6.87239E+19
5.38791E+03	1000010010	4.11479E+19	1000010010	4.11479E+19
6.66687E+03	1000010010	6.93948E+19	1000010010	6.93948E+19
3.68400E+03	1000010010	8.71133E+20	1000010010	8.71133E+20
6.23019E+03	1000010010	3.08141E+19	1000010010	3.08141E+19
1.43653E+03	1000010010	3.85824E+20	1000010010	3.85824E+20
2.79122E+03	1000010010	3.22150E+20	1000010010	3.22150E+20
1.25078E+03	1000010010	1.88399E+21	1000010010	1.88399E+21
2.92039E+03	1000010010	5.22115E+20	1000010010	5.22115E+20
8.18752E+03	1000010010	1.28027E+21	1000010010	1.28027E+21
5.19073E+03	1000010010	2.41932E+19	1000010010	2.41932E+19
4.85175E+03	1000010010	1.81489E+19	1000010010	1.81489E+19
6.64256E+03	1000010010	2.53531E+21	1000010010	2.53531E+21
1.55161E+03	1000010010	5.66367E+20	1000010010	5.66367E+20
1.76857E+03	1000010010	3.62522E+19	1000010010	3.62522E+19
3.85240E+03	1000010010	1.58270E+19	1000010010	1.58270E+19
2.01964E+03	1000010010	1.89946E+21	1000010010	1.89946E+21
2.44903E+03	1000010010	1.63797E+21	1000010010	1.63797E+21
7.82989E+03	1000010010	1.08783E+19	1000010010	1.08783E+19
6.54327E+03	1000010010	7.77576E+20	1000010010	7.77576E+20
6.57043E+03	1000010010	5.94771E+19	1000010010	5.94771E+19
8.72665E+03	1000010010	1.32789E+20	1000010010	1.32789E+20
2.68795E+03	1000010010	2.92276E+20	1000010010	2.92276E+20
5.32459E+02	1000010010	6.07191E+21	1000010010	6.07191E+21
1.58813E+03	1000010010	3.95228E+19	1000010010	3.95228E+19
4.04679E+03	1000010010	9.34986E+20	1000010010	9.34986E+20
5.34104E+03	1000010010	5.22283E+20	1000010010	5.22283E+20
4.07062E+02	1000010010	1.13307E+19	1000010010	1.13307E+19
2.43372E+03	1000010010	1.25533E+21	1000010010	1.25533E+21
1.05731E+02	1000010010	1.56687E+20	1000010010	1.56687E+20
4.29037E+03	1000010010	1.57840E+21	1000010010	1.57840E+21
6.17329E+03	1000010010	2.71610E+20	1000010010	2.71610E+20
3.41241E+03	1000010010	7.10929E+19	1000010010	7.10929E+19
3.46099E+03	1000010010	9.92546E+18	1000010010	9.92546E+18
1.89398E+03	1000010010	2.23774E+20	1000010010	2.23774E+20
5.70312E+03	1000010010	1.20710E+19	1000010010	1.20710E+19
4.54531E+03	1000010010	1.56073E+21	1000010010	1.56073E+21
1.42628E+03	1000010010	1.95452E+20	1000010010	1.95452E+20
3.89499E+03	1000010010	1.69225E+20	1000010010	1.69225E+20
1.90466E+03	1000010010	6.41706E+19	1000010010	6.41706E+19
3.62728E+03	1000010010	2.75475E+19	1000010010	2.75475E+19
1.80721E+03	1000010010	1.19790E+20	1000010010	1.19790E+20
1.30939E+03	1000010010	1.76044E+20	1000010010	1.76044E+20
1.21817E+03	1000010010	7.51388E+19	1000010010	7.51388E+19
9.13634E+03	1000010010	2.79017E+21	1000010010	2.79017E+21
2.81594E+03	1000010010	1.57388E+21	1000010010	1.57388E+21
3.22596E+02	1000010010	4.84689E+21	1000010010	4.84689E+21
1.38184E+02	1000010010	3.86472E+20	1000010010	3.86472E+20
2.26217E+03	1000010010	5.15958E+19	1000010010	5.15958E+19
6.43932E+03	1000010010	6.87149E+19	1000010010	6.87149E+19
1.85187E+03	1000010010	1.76267E+21	1000010010	1.76267E+21
2.85234E+03	1000010010	3.51488E+21	1000010010	3.51488E+21
1.15192E+03	1000010010	2.08495E+21	1000010010	2.08495E+21
1.12759E+02	1000010010	5.13195E+21	1000010010	5.13195E+21
2.84013E+03	1000010010	2.21065E+19	1000010010	2.21065E+19
2.01251E+03	1000010010	2.84020E+20	1000010010	2.84020E+20
1.26618E+03	1000010010	1.06164E+19	1000010010	1.06164E+19
3.43105E+03	1000010010	1.02079E+20	1000010010	1.02079E+20
1.70377E+03	1000010010	9.70182E+19	1000010010	9.70182E+19
2.77187E+03	1000010010	4.60956E+21	1000010010	4.60956E+21
8.16554E+02	1000010010	2.38851E+20	1000010010	2.38851E+20
3.08682E+03	1000010010	4.24735E+21	1000010010	4.24735E+21
6.67792E+02	1000010010	3.43213E+20	1000010010	3.43213E+20
3.68535E+03	1000010010	3.44600E+21	1000010010	3.44600E+21
5.26607E+03	1000010010	6.63187E+18	1000010010	6.63187E+18
1.00708E+03	1000010010	1.04639E+20	1000010010	1.04639E+20
1.82691E+02	1000010010	7.48377E+20	1000010010	7.48377E+20
3.68336E+03	1000010010	4.23492E+20	1000010010	4.23492E+20
4.30487E+03	1000010010	3.91813E+19	1000010010	3.91813E+19
3.69856E+03	1000010010	4.35762E+19	1000010010	4.35762E+19
6.60319E+03	1000010010	2.27529E+21	1000010010	2.27529E+21
3.48314E+03	1000010010	9.25360E+18	1000010010	9.25360E+18
8.40843E+03	1000010010	3.37625E+20	1000010010	3.37625E+20
5.36274E+03	1000010010	7.10192E+19	1000010010	7.10192E+19
2.26628E+03	1000010010	9.34738E+18	1000010010	9.34738E+18
2.40121E+03	1000010010	8.06875E+18	1000010010	8.06875E+18
8.10464E+03	1000010010	4.28490E+19	1000010010	4.28490E+19
1.56080E+03	1000010010	7.09100E+20	1000010010	7.09100E+20
4.35832E+03	1000010010	5.17497E+21	1000010010	5.17497E+21
9.11193E+03	1000010010	1.69063E+20	1000010010	1.69063E+20
3.62893E+02	1000010010	1.07454E+20	1000010010	1.07454E+20
6.05343E+03	1000010010	1.28133E+19	1000010010	1.28133E+19
1.58678E+03	1000010010	2.22172E+20	1000010010	2.22172E+20
1.21215E+02	1000010010	2.99654E+21	1000010010	2.99654E+21
6.12987E+02	1000010010	7.33381E+19	1000010010	7.33381E+19
3.86550E+03	1000010010	4.84764E+20	1000010010	4.84764E+20
5.46864E+03	1000010010	8.05270E+19	1000010010	8.05270E+19
1.25421E+03	1000010010	4.19105E+21	1000010010	4.19105E+21
2.83099E+03	1000010010	4.36272E+19	1000010010	4.36272E+19
1.56872E+03	1000010010	1.04973E+21	1000010010	1.04973E+21
1.64515E+03	1000010010	1.04217E+19	1000010010	1.04217E+19
7.92082E+03	1000010010	4.93390E+19	1000010010	4.93390E+19
5.03908E+03	1000010010	1.95297E+19	1000010010	1.95297E+19
6.49291E+03	1000010010	4.12808E+19	1000010010	4.12808E+19
1.43620E+03	1000010010	1.06108E+21	1000010010	1.06108E+21
2.20316E+03	1000010010	3.19901E+21	1000010010	3.19901E+21
5.83422E+03	1000010010	8.76627E+19	1000010010	8.76627E+19
2.87066E+03	1000010010	7.12038E+18	1000010010	7.12038E+18
6.16022E+03	1000010010	2.58458E+20	1000010010	2.58458E+20
1.56499E+03	1000010010	1.84514E+20	1000010010	1.84514E+20
1.45789E+02	1000010010	3.30058E+21	1000010010	3.30058E+21
1.83028E+03	1000010010	1.30897E+21	1000010010	1.30897E+21
4.15133E+03	1000010010	1.15563E+21	1000010010	1.15563E+21
1.95120E+03	1000010010	6.61812E+19	1000010010	6.61812E+19
5.77964E+03	1000010010	1.08481E+19	1000010010	1.08481E+19
3.10131E+03	1000010010	2.99637E+19	1000010010	2.99637E+19
2.02097E+03	1000010010	3.21253E+19	1000010010	3.21253E+19
7.15593E+03	1000010010	1.29310E+20	1000010010	1.29310E+20
4.27336E+03	1000010010	2.50461E+21	1000010010	2.50461E+21
7.09440E+03	1000010010	8.86001E+19	1000010010	8.86001E+19
2.63642E+02	1000010010	6.58511E+18	1000010010	6.58511E+18
1.71450E+03	1000010010	2.51518E+21	1000010010	2.51518E+21
3.91551E+03	1000010010	1.31657E+20	1000010010	1.31657E+20
2.74189E+03	1000010010	4.59210E+21	1000010010	4.59210E+21
6.89459E+02	1000010010	1.24302E+21	1000010010	1.24302E+21
5.05621E+03	1000010010	1.75392E+21	1000010010	1.75392E+21
3.31348E+03	1000010010	7.13252E+20	1000010010	7.13252E+20
3.37010E+03	1000010010	1.33751E+20	1000010010	1.33751E+20
9.23406E+02	1000010010	1.13434E+20	1000010010	1.13434E+20
3.60196E+03	1000010010	1.85578E+19	1000010010	1.85578E+19
4.03999E+03	1000010010	1.40165E+19	1000010010	1.40165E+19
1.38934E+03	1000010010	4.00299E+20	1000010010	4.00299E+20
5.27192E+03	1000010010	4.60388E+19	1000010010	4.60388E+19
8.63750E+03	1000010010	2.83992E+19	1000010010	2.83992E+19
2.81158E+03	1000010010	2.81383E+19	1000010010	2.81383E+19
3.65852E+03	1000010010	1.54894E+19	1000010010	1.54894E+19
1.59908E+02	1000010010	3.30076E+19	1000010010	3.30076E+19
1.18985E+02	1000010010	4.36652E+20	1000010010	4.36652E+20
6.19516E+02	1000010010	1.19071E+20	1000010010	1.19071E+20
2.07221E+03	1000010010	1.79376E+20	1000010010	1.79376E+20
1.16230E+03	1000010010	2.42029E+21	1000010010	2.42029E+21
6.15724E+03	1000010010	7.77322E+20	1000010010	7.77322E+20
8.49352E+03	1000010010	3.99895E+21	1000010010	3.99895E+21
3.32071E+03	1000010010	1.59912E+19	1000010010	1.59912E+19
2.68078E+03	1000010010	3.30522E+20	1000010010	3.30522E+20
2.29320E+03	1000010010	6.35443E+18	1000010010	6.35443E+18
1.49087E+03	1000010010	3.97008E+19	1000010010	3.97008E+19
2.91715E+03	1000010010	6.28598E+18	1000010010	6.28598E+18
8.65865E+03	1000010010	5.49003E+20	1000010010	5.49003E+20
2.03398E+03	1000010010	1.48689E+21	1000010010	1.48689E+21
7.46640E+03	1000010010	1.13637E+21	1000010010	1.13637E+21
2.38677E+03	1000010010	2.65210E+21	1000010010	2.65210E+21
2.11671E+03	1000010010	2.81972E+20	1000010010	2.81972E+20
2.19190E+03	1000010010	2.59556E+20	1000010010	2.59556E+20
2.11933E+02	1000010010	1.04333E+20	1000010010	1.04333E+20
8.67070E+03	1000010010	5.01156E+19	1000010010	5.01156E+19
4.86531E+03	1000010010	8.69084E+19	1000010010	8.69084E+19
5.96356E+03	1000010010	1.32447E+20	1000010010	1.32447E+20
6.50342E+03	1000010010	7.42598E+20	1000010010	7.42598E+20
6.88993E+03	1000010010	1.55086E+21	1000010010	1.55086E+21
9.73915E+02	1000010010	1.12033E+20	1000010010	1.12033E+20
2.48207E+03	1000010010	1.40569E+19	1000010010	1.40569E+19
2.13803E+03	1000010010	3.75041E+20	1000010010	3.75041E+20
9.41159E+02	1000010010	2.43608E+21	1000010010	2.43608E+21
9.39064E+03	1000010010	8.09077E+19	1000010010	8.09077E+19
9.08314E+02	1000010010	5.46972E+20	1000010010	5.46972E+20
6.30950E+03	1000010010	4.35410E+19	1000010010	4.35410E+19
2.35707E+03	1000010010	6.77517E+20	1000010010	6.77517E+20
4.72372E+03	1000010010	1.19920E+20	1000010010	1.19920E+20
2.55644E+03	1000010010	3.46508E+21	1000010010	3.46508E+21
2.54658E+03	1000010010	7.89129E+18	1000010010	7.89129E+18
3.38912E+03	1000010010	1.44984E+20	1000010010	1.44984E+20
5.19482E+03	1000010010	1.25713E+20	1000010010	1.25713E+20
1.30939E+03	1000010010	4.45953E+20	1000010010	4.45953E+20
8.02155E+02	1000010010	3.33508E+21	1000010010	3.33508E+21
5.78333E+03	1000010010	2.90466E+19	1000010010	2.90466E+19
8.06497E+03	1000010010	2.23226E+20	1000010010	2.23226E+20
5.35172E+03	1000010010	3.30550E+20	1000010010	3.30550E+20
1.61616E+03	1000010010	1.88629E+19	1000010010	1.88629E+19
4.20610E+02	1000010010	4.28100E+19	1000010010	4.28100E+19
7.41322E+03	1000010010	8.16351E+20	1000010010	8.16351E+20
4.14142E+03	1000010010	5.25199E+21	1000010010	5.25199E+21
2.56946E+03	1000010010	3.29815E+20	1000010010	3.29815E+20
9.39074E+02	1000010010	2.16118E+20	1000010010	2.16118E+20
2.04091E+03	1000010010	8.53758E+19	1000010010	8.53758E+19
6.13176E+03	1000010010	2.31618E+21	1000010010	2.31618E+21
2.62073E+03	1000010010	2.40423E+20	1000010010	2.40423E+20
2.39511E+02	1000010010	3.88209E+19	1000010010	3.88209E+19
1.09982E+03	1000010010	9.13387E+20	1000010010	9.13387E+20
2.91321E+03	1000010010	1.09840E+21	1000010010	1.09840E+21
1.63172E+03	1000010010	3.99893E+19	1000010010	3.99893E+19
2.65318E+02	1000010010	7.06651E+19	1000010010	7.06651E+19
5.77016E+02	1000010010	1.91831E+21	1000010010	1.91831E+21
4.94389E+03	1000010010	4.06106E+19	1000010010	4.06106E+19
1.13992E+03	1000010010	3.15492E+20	1000010010	3.15492E+20
9.48349E+03	1000010010	6.87988E+19	1000010010	6.87988E+19
1.29838E+03	1000010010	1.33118E+19	1000010010	1.33118E+19
2.57342E+03	1000010010	3.19823E+20	1000010010	3.19823E+20
1.42909E+03	1000010010	4.11981E+20	1000010010	4.11981E+20
2.72997E+03	1000010010	2.80913E+19	1000010010	2.80913E+19
2.55773E+03	1000010010	3.57679E+19	1000010010	3.57679E+19
2.18969E+03	1000010010	2.86051E+21	1000010010	2.86051E+21
4.69839E+03	1000010010	9.64689E+20	1000010010	9.64689E+20
3.98477E+03	1000010010	1.49553E+20	1000010010	1.49553E+20
1.69630E+03	1000010010	7.17795E+19	1000010010	7.17795E+19
5.84595E+02	1000010010	1.96746E+20	1000010010	1.96746E+20
1.76649E+03	1000010010	2.18763E+21	1000010010	2.18763E+21
1.46383E+03	1000010010	2.44781E+21	1000010010	2.44781E+21
1.58102E+03	1000010010	3.47509E+20	1000010010	3.47509E+20
2.01439E+03	1000010010	5.44107E+20	1000010010	5.44107E+20
1.42617E+03	1000010010	1.65487E+20	1000010010	1.65487E+20
2.66246E+03	1000010010	2.00453E+20	1000010010	2.00453E+20
2.37320E+02	1000010010	9.15109E+19	1000010010	9.15109E+19
5.63573E+03	1000010010	7.88543E+20	1000010010	7.88543E+20
2.27939E+03	1000010010	1.37882E+21	1000010010	1.37882E+21
3.86422E+02	1000010010	2.18698E+20	1000010010	2.18698E+20
3.70029E+03	1000010010	9.39000E+19	1000010010	9.39000E+19
9.64164E+02	1000010010	2.87212E+20	1000010010	2.87212E+20
5.90435E+03	1000010010	2.97629E+20	1000010010	2.97629E+20
3.12960E+03	1000010010	1.88548E+19	1000010010	1.88548E+19
2.99857E+02	1000010010	4.74036E+21	1000010010	4.74036E+21
1.17723E+03	1000010010	1.14118E+21	1000010010	1.14118E+21
1.79099E+03	1000010010	6.90865E+20	1000010010	6.90865E+20
5.59724E+03	1000010010	1.75276E+21	1000010010	1.75276E+21
2.40301E+03	1000010010	9.58700E+19	1000010010	9.58700E+19
1.19702E+03	1000010010	1.36429E+19	1000010010	1.36429E+19
2.31711E+03	1000010010	2.46221E+21	1000010010	2.46221E+21
4.15222E+03	1000010010	9.50786E+20	1000010010	9.50786E+20
3.74948E+03	1000010010	1.23713E+20	1000010010	1.23713E+20
6.67582E+02	1000010010	3.74708E+19	1000010010	3.74708E+19
8.46114E+03	1000010010	7.70545E+19	1000010010	7.70545E+19
2.58291E+02	1000010010	7.86901E+20	1000010010	7.86901E+20
1.60276E+03	1000010010	1.07416E+20	1000010010	1.07416E+20
5.82445E+03	1000010010	5.85334E+19	1000010010	5.85334E+19
8.77292E+03	1000010010	2.96787E+21	1000010010	2.96787E+21
2.07131E+03	1000010010	4.28313E+19	1000010010	4.28313E+19
2.28933E+03	1000010010	7.20795E+18	1000010010	7.20795E+18
3.87988E+03	1000010010	1.78459E+19	1000010010	1.78459E+19
2.98013E+03	1000010010	6.05602E+19	1000010010	6.05602E+19
3.18431E+03	1000010010	5.23785E+20	1000010010	5.23785E+20
2.20660E+02	1000010010	1.47480E+21	1000010010	1.47480E+21
2.60666E+02	1000010010	1.11627E+20	1000010010	1.11627E+20
8.88547E+03	1000010010	1.00692E+19	1000010010	1.00692E+19
3.68654E+03	1000010010	2.54499E+19	1000010010	2.54499E+19
2.65883E+03	1000010010	1.78966E+21	1000010010	1.78966E+21
6.63232E+03	1000010010	9.37929E+18	1000010010	9.37929E+18
8.49894E+03	1000010010	7.42450E+20	1000010010	7.42450E+20
2.06622E+03	1000010010	2.25562E+20	1000010010	2.25562E+20
2.54619E+03	1000010010	4.32446E+20	1000010010	4.32446E+20
8.01268E+02	1000010010	1.03371E+21	1000010010	1.03371E+21
7.60094E+03	1000010010	1.20710E+21	1000010010	1.20710E+21
2.49530E+03	1000010010	9.67858E+19	1000010010	9.67858E+19
5.20204E+03	1000010010	3.48940E+19	1000010010	3.48940E+19
4.22759E+02	1000010010	3.66451E+21	1000010010	3.66451E+21
3.87621E+03	1000010010	2.38956E+21	1000010010	2.38956E+21
5.04730E+03	1000010010	5.80930E+20	1000010010	5.80930E+20
6.39064E+03	1000010010	2.06465E+21	1000010010	2.06465E+21
4.42922E+03	1000010010	3.57725E+20	1000010010	3.57725E+20
2.09115E+03	1000010010	1.71412E+20	1000010010	1.71412E+20
1.09824E+03	1000010010	1.17448E+19	1000010010	1.17448E+19
9.77473E+02	1000010010	5.91058E+20	1000010010	5.91058E+20
8.99669E+02	1000010010	3.98251E+21	1000010010	3.98251E+21
1.95964E+03	1000010010	1.59632E+20	1000010010	1.59632E+20
1.05106E+03	1000010010	2.39563E+20	1000010010	2.39563E+20
7.71967E+02	1000010010	2.02230E+21	1000010010	2.02230E+21
3.12051E+03	1000010010	4.59988E+19	1000010010	4.59988E+19
1.95850E+03	1000010010	2.85545E+20	1000010010	2.85545E+20
5.39286E+03	1000010010	9.85309E+20	1000010010	9.85309E+20
1.50183E+03	1000010010	1.16110E+19	1000010010	1.16110E+19
4.67038E+03	1000010010	8.77994E+20	1000010010	8.77994E+20
6.08800E+03	1000010010	1.22124E+21	1000010010	1.22124E+21
6.29048E+03	1000010010	5.12621E+19	1000010010	5.12621E+19
9.39490E+03	1000010010	5.36071E+19	1000010010	5.36071E+19
2.37683E+03	1000010010	8.08564E+19	1000010010	8.08564E+19
6.03977E+02	1000010010	5.00424E+20	1000010010	5.00424E+20
8.67884E+02	1000010010	1.67734E+20	1000010010	1.67734E+20
1.92790E+03	1000010010	2.24011E+21	1000010010	2.24011E+21
3.68092E+03	1000010010	7.82886E+19	1000010010	7.82886E+19
4.57931E+03	1000010010	2.87985E+19	1000010010	2.87985E+19
7.61798E+02	1000010010	2.84859E+21	1000010010	2.84859E+21
2.58911E+03	1000010010	3.99905E+19	1000010010	3.99905E+19
4.05194E+03	1000010010	6.98554E+20	1000010010	6.98554E+20
3.97641E+03	1000010010	4.03404E+21	1000010010	4.03404E+21
2.81402E+03	1000010010	7.09666E+18	1000010010	7.09666E+18
1.91432E+03	1000010010	2.23660E+20	1000010010	2.23660E+20
6.76124E+03	1000010010	3.85526E+20	1000010010	3.85526E+20
1.26200E+03	1000010010	5.42569E+19	1000010010	5.42569E+19
2.62648E+03	1000010010	2.07522E+20	1000010010	2.07522E+20
4.60297E+03	1000010010	2.20643E+20	1000010010	2.20643E+20
1.18963E+03	1000010010	2.30628E+21	1000010010	2.30628E+21
5.68865E+02	1000010010	1.09201E+21	1000010010	1.09201E+21
8.59825E+02	1000010010	8.39263E+19	1000010010	8.39263E+19
3.26966E+03	1000010010	1.06401E+20	1000010010	1.06401E+20
1.28667E+03	1000010010	9.22737E+18	1000010010	9.22737E+18
3.26856E+03	1000010010	2.87427E+21	1000010010	2.87427E+21
8.09348E+03	1000010010	6.06208E+20	1000010010	6.06208E+20
8.09215E+02	1000010010	1.23959E+21	1000010010	1.23959E+21
6.01648E+03	1000010010	3.56976E+19	1000010010	3.56976E+19
9.66705E+02	1000010010	4.38332E+20	1000010010	4.38332E+20
3.48058E+03	1000010010	5.93726E+20	1000010010	5.93726E+20
6.55622E+03	1000010010	3.19628E+19	1000010010	3.19628E+19
4.09919E+03	1000010010	2.40193E+20	1000010010	2.40193E+20
1.73414E+03	1000010010	4.36185E+19	1000010010	4.36185E+19
3.45383E+03	1000010010	1.25947E+19	1000010010	1.25947E+19
6.34323E+03	1000010010	3.26689E+21	1000010010	3.26689E+21
6.35109E+03	1000010010	3.43921E+20	1000010010	3.43921E+20
4.12997E+03	1000010010	1.25932E+20	1000010010	1.25932E+20
6.79124E+03	1000010010	5.48101E+21	1000010010	5.48101E+21
2.30658E+03	1000010010	3.67606E+19	1000010010	3.67606E+19
1.74041E+03	1000010010	4.63285E+20	1000010010	4.63285E+20
6.26086E+03	1000010010	5.77236E+19	1000010010	5.77236E+19
6.89182E+03	1000010010	5.04441E+19	1000010010	5.04441E+19
2.02721E+03	1000010010	8.14473E+20	1000010010	8.14473E+20
3.08993E+02	1000010010	2.71929E+21	1000010010	2.71929E+21
4.24043E+03	1000010010	2.66461E+19	1000010010	2.66461E+19
9.70616E+02	1000010010	5.55881E+21	1000010010	5.55881E+21
2.21694E+03	1000010010	5.33943E+21	1000010010	5.33943E+21
1.19409E+03	1000010010	7.72655E+20	1000010010	7.72655E+20
3.31157E+03	1000010010	5.89520E+19	1000010010	5.89520E+19
2.88573E+03	1000010010	6.26476E+18	1000010010	6.26476E+18
1.98799E+03	1000010010	1.14033E+21	1000010010	1.14033E+21
3.09167E+02	1000010010	8.40473E+20	1000010010	8.40473E+20
2.20445E+02	1000010010	1.45788E+21	1000010010	1.45788E+21
3.33427E+03	1000010010	9.93849E+18	1000010010	9.93849E+18
5.90586E+03	1000010010	9.06796E+19	1000010010	9.06796E+19
3.11164E+03	1000010010	7.12197E+19	1000010010	7.12197E+19
3.59060E+03	1000010010	5.97238E+21	1000010010	5.97238E+21
3.86699E+03	1000010010	1.35346E+21	1000010010	1.35346E+21
1.39742E+02	1000010010	2.47588E+19	1000010010	2.47588E+19
1.32442E+03	1000010010	4.12156E+19	1000010010	4.12156E+19
6.63553E+03	1000010010	2.64226E+19	1000010010	2.64226E+19
6.99873E+02	1000010010	1.27177E+21	1000010010	1.27177E+21
6.56046E+03	1000010010	8.00457E+18	1000010010	8.00457E+18
5.89717E+03	1000010010	8.66517E+20	1000010010	8.66517E+20
1.74534E+03	1000010010	6.10712E+21	1000010010	6.10712E+21
6.90638E+03	1000010010	6.52557E+19	1000010010	6.52557E+19
4.33456E+03	1000010010	2.63350E+20	1000010010	2.63350E+20
4.84478E+02	1000010010	5.33546E+20	1000010010	5.33546E+20
2.67729E+02	1000010010	2.93740E+20	1000010010	2.93740E+20
5.44981E+03	1000010010	7.10181E+20	1000010010	7.10181E+20
2.87226E+03	1000010010	5.60268E+21	1000010010	5.60268E+21
9.09469E+03	1000010010	4.31797E+20	1000010010	4.31797E+20
1.01308E+02	1000010010	2.68681E+21	1000010010	2.68681E+21
3.24980E+03	1000010010	9.82108E+20	1000010010	9.82108E+20
9.49903E+03	1000010010	3.19242E+21	1000010010	3.19242E+21
3.49054E+03	1000010010	5.07482E+19	1000010010	5.07482E+19
8.38829E+02	1000010010	4.05114E+20	1000010010	4.05114E+20
6.26934E+03	1000010010	2.23781E+21	1000010010	2.23781E+21
6.49916E+03	1000010010	5.95723E+20	1000010010	5.95723E+20
3.14551E+03	1000010010	5.04190E+19	1000010010	5.04190E+19
3.82693E+03	1000010010	1.58766E+20	1000010010	1.58766E+20
7.58746E+03	1000010010	4.69903E+19	1000010010	4.69903E+19
3.42300E+03	1000010010	1.02415E+21	1000010010	1.02415E+21
1.89859E+03	1000010010	1.06642E+20	1000010010	1.06642E+20
3.46579E+03	1000010010	4.32139E+20	1000010010	4.32139E+20
1.11083E+03	1000010010	1.20736E+21	1000010010	1.20736E+21
4.19772E+03	1000010010	9.89258E+19	1000010010	9.89258E+19
9.82978E+03	1000010010	4.44404E+19	1000010010	4.44404E+19
8.51599E+02	1000010010	2.97103E+20	1000010010	2.97103E+20
2.51732E+03	1000010010	1.94162E+19	1000010010	1.94162E+19
2.51111E+03	1000010010	2.88273E+21	1000010010	2.88273E+21
2.71612E+03	1000010010	4.86523E+19	1000010010	4.86523E+19
2.64575E+03	1000010010	8.32020E+19	1000010010	8.32020E+19
1.91595E+03	1000010010	1.90768E+21	1000010010	1.90768E+21
2.44883E+03	1000010010	1.00379E+20	1000010010	1.00379E+20
2.02850E+03	1000010010	2.02811E+19	1000010010	2.02811E+19
4.64807E+03	1000010010	3.54768E+21	1000010010	3.54768E+21
3.76722E+03	1000010010	3.24725E+19	1000010010	3.24725E+19
1.15245E+03	1000010010	1.70908E+19	1000010010	1.70908E+19
1.45231E+03	1000010010	1.23169E+21	1000010010	1.23169E+21
7.07141E+03	1000010010	2.29263E+20	1000010010	2.29263E+20
3.51179E+03	1000010010	4.01736E+19	1000010010	4.01736E+19
7.00789E+03	1000010010	1.58114E+20	1000010010	1.58114E+20
4.77202E+02	1000010010	1.97033E+20	1000010010	1.97033E+20
1.63382E+03	1000010010	1.44074E+20	1000010010	1.44074E+20
3.37616E+03	1000010010	3.00086E+20	1000010010	3.00086E+20
3.47894E+03	1000010010	5.07704E+21	1000010010	5.07704E+21
7.76814E+03	1000010010	4.55423E+19	1000010010	4.55423E+19
9.50458E+02	1000010010	5.83365E+19	1000010010	5.83365E+19
9.41746E+03	1000010010	1.03219E+21	1000010010	1.03219E+21
4.07472E+03	1000010010	2.09445E+20	1000010010	2.09445E+20
1.03855E+03	1000010010	1.03613E+20	1000010010	1.03613E+20
1.90848E+02	1000010010	3.78479E+19	1000010010	3.78479E+19
2.90924E+03	1000010010	6.57857E+18	1000010010	6.57857E+18
6.55975E+02	1000010010	5.52167E+20	1000010010	5.52167E+20
8.66322E+02	1000010010	4.42388E+21	1000010010	4.42388E+21
1.21224E+03	1000010010	1.29816E+20	1000010010	1.29816E+20
3.85967E+03	1000010010	9.53645E+18	1000010010	9.53645E+18
1.57293E+03	1000010010	1.71139E+20	1000010010	1.71139E+20
7.39030E+03	1000010010	1.45154E+19	1000010010	1.45154E+19
1.04985E+03	1000010010	6.41468E+20	1000010010	6.41468E+20
3.12601E+03	1000010010	1.42273E+19	1000010010	1.42273E+19
4.99851E+03	1000010010	3.58609E+21	1000010010	3.58609E+21
1.97305E+02	1000010010	1.55375E+21	1000010010	1.55375E+21
5.34002E+03	1000010010	1.21328E+21	1000010010	1.21328E+21
7.20749E+03	1000010010	1.19387E+21	1000010010	1.19387E+21
8.09719E+02	1000010010	9.16308E+19	1000010010	9.16308E+19
4.40706E+03	1000010010	4.77852E+20	1000010010	4.77852E+20
4.63643E+03	1000010010	6.82421E+20	1000010010	6.82421E+20
1.98439E+03	1000010010	2.86201E+19	1000010010	2.86201E+19
2.71047E+03	1000010010	8.71969E+20	1000010010	8.71969E+20
4.66031E+03	1000010010	2.87886E+21	1000010010	2.87886E+21
3.61522E+03	1000010010	1.32057E+19	1000010010	1.32057E+19
4.59374E+03	1000010010	1.28551E+19	1000010010	1.28551E+19
2.47024E+03	1000010010	3.58781E+19	1000010010	3.58781E+19
