#	D	ID	E	ID0	E0
#
# D             Trajectory length [1 Mpc]
# ID/ID0/ID1    Particle type (PDG MC numbering scheme)
# E/E0/E1       Energy [1 EeV]
# no index = current, 0 = at source, 1 = at point of creation
#
# CRPropa version: -128-NOTFOUND
#
3.71906E+03	1000260560	1.05986E+20	1000260560	1.05986E+20
3.05162E+02	1000260560	2.62055E+20	1000260560	2.62055E+20
1.79920E+03	1000260560	1.96142E+20	1000260560	1.96142E+20
8.32511E+03	1000260560	1.04041E+20	1000260560	1.04041E+20
5.53507E+02	1000260560	1.89846E+21	1000260560	1.89846E+21
5.59463E+03	1000260560	1.06996E+19	1000260560	1.06996E+19
1.77859E+03	1000260560	3.68867E+21	1000260560	3.68867E+21
5.21675E+02	1000260560	2.55963E+19	1000260560	2.55963E+19
3.25278E+03	1000260560	6.99561E+20	1000260560	6.99561E+20
1.34982E+03	1000260560	3.10623E+20	1000260560	3.10623E+20
2.06868E+03	1000260560	1.18643E+19	1000260560	1.18643E+19
1.30319E+02	1000260560	8.08592E+18	1000260560	8.08592E+18
8.67725E+02	1000260560	5.20492E+20	1000260560	5.20492E+20
1.35232E+03	1000260560	7.92274E+18	1000260560	7.92274E+18
9.01885E+03	1000260560	1.53260E+21	1000260560	1.53260E+21
3.12721E+02	1000260560	1.92521E+20	1000260560	1.92521E+20
2.32926E+02	1000260560	1.13317E+21	1000260560	1.13317E+21
5.18191E+03	1000260560	6.28385E+18	1000260560	6.28385E+18
6.18875E+03	1000260560	5.79141E+19	1000260560	5.79141E+19
4.94412E+03	1000260560	1.33789E+19	1000260560	1.33789E+19
9.44171E+03	1000260560	3.76285E+20	1000260560	3.76285E+20
5.81649E+03	1000260560	4.34948E+20	1000260560	4.34948E+20
6.70997E+03	1000260560	1.19102E+19	1000260560	1.19102E+19
6.08665E+03	1000260560	6.10678E+20	1000260560	6.10678E+20
2.91265E+03	1000260560	1.51850E+21	1000260560	1.51850E+21
5.45059E+03	1000260560	4.90436E+21	1000260560	4.90436E+21
3.43425E+03	1000260560	3.32126E+20	1000260560	3.32126E+20
2.06536E+03	1000260560	1.25499E+19	1000260560	1.25499E+19
3.60222E+03	1000260560	3.17422E+20	1000260560	3.17422E+20
3.87156E+03	1000260560	9.96628E+19	1000260560	9.96628E+19
5.85206E+03	1000260560	6.54763E+18	1000260560	6.54763E+18
3.30738E+03	1000260560	1.15191E+19	1000260560	1.15191E+19
2.21244E+03	1000260560	1.55041E+19	1000260560	1.55041E+19
5.20397E+03	1000260560	6.87892E+19	1000260560	6.87892E+19
3.77258E+03	1000260560	2.05656E+21	1000260560	2.05656E+21
1.91803E+03	1000260560	1.85784E+20	1000260560	1.85784E+20
8.86548E+03	1000260560	8.07157E+20	1000260560	8.07157E+20
2.18513E+03	1000260560	1.49619E+21	1000260560	1.49619E+21
3.55107E+03	1000260560	8.67020E+19	1000260560	8.67020E+19
2.00934E+03	1000260560	5.95787E+21	1000260560	5.95787E+21
2.51128E+02	1000260560	4.41413E+19	1000260560	4.41413E+19
1.12857E+03	1000260560	4.94795E+21	1000260560	4.94795E+21
1.11585E+03	1000260560	1.09998E+19	1000260560	1.09998E+19
6.34727E+03	1000260560	3.25364E+19	1000260560	3.25364E+19
2.38400E+03	1000260560	4.19334E+20	1000260560	4.19334E+20
1.12533E+03	1000260560	6.61107E+18	1000260560	6.61107E+18
4.45782E+03	1000260560	2.35159E+20	1000260560	2.35159E+20
6.93678E+03	1000260560	8.28094E+18	1000260560	8.28094E+18
3.99847E+03	1000260560	6.69287E+18	1000260560	6.69287E+18
1.83937E+03	1000260560	2.79109E+19	1000260560	2.79109E+19
7.12882E+03	1000260560	1.01949E+21	1000260560	1.01949E+21
2.51962E+03	1000260560	3.25031E+20	1000260560	3.25031E+20
8.25182E+03	1000260560	5.24998E+19	1000260560	5.24998E+19
1.34903E+03	1000260560	1.66020E+21	1000260560	1.66020E+21
6.48891E+03	1000260560	4.72527E+20	1000260560	4.72527E+20
6.37233E+02	1000260560	1.11093E+20	1000260560	1.11093E+20
4.11672E+02	1000260560	1.91849E+20	1000260560	1.91849E+20
5.99281E+02	1000260560	3.21710E+19	1000260560	3.21710E+19
9.71851E+02	1000260560	4.97341E+20	1000260560	4.97341E+20
2.22102E+03	1000260560	1.16837E+20	1000260560	1.16837E+20
5.40251E+02	1000260560	1.04144E+19	1000260560	1.04144E+19
8.78816E+03	1000260560	5.76300E+21	1000260560	5.76300E+21
1.73974E+03	1000260560	1.46478E+19	1000260560	1.46478E+19
2.98322E+02	1000260560	7.45756E+19	1000260560	7.45756E+19
4.30686E+03	1000260560	3.03685E+19	1000260560	3.03685E+19
2.03389E+02	1000260560	3.69545E+19	1000260560	3.69545E+19
4.15088E+03	1000260560	6.91007E+18	1000260560	6.91007E+18
7.91879E+03	1000260560	4.20579E+20	1000260560	4.20579E+20
6.26713E+03	1000260560	1.26732E+21	1000260560	1.26732E+21
2.65664E+03	1000260560	7.47300E+20	1000260560	7.47300E+20
1.19762E+03	1000260560	3.83584E+19	1000260560	3.83584E+19
1.17389E+02	1000260560	4.11909E+21	1000260560	4.11909E+21
4.96392E+03	1000260560	5.62660E+20	1000260560	5.62660E+20
2.86510E+03	1000260560	1.66964E+21	1000260560	1.66964E+21
6.18223E+03	1000260560	1.42530E+20	1000260560	1.42530E+20
8.59945E+02	1000260560	5.04683E+20	1000260560	5.04683E+20
5.55744E+03	1000260560	2.86819E+21	1000260560	2.86819E+21
5.52298E+03	1000260560	4.62093E+20	1000260560	4.62093E+20
7.41733E+02	1000260560	7.37903E+20	1000260560	7.37903E+20
3.30177E+03	1000260560	6.92786E+18	1000260560	6.92786E+18
7.36754E+02	1000260560	1.21341E+19	1000260560	1.21341E+19
3.34313E+03	1000260560	1.18613E+19	1000260560	1.18613E+19
3.08177E+03	1000260560	9.67116E+18	1000260560	9.67116E+18
1.71175E+03	1000260560	1.28734E+20	1000260560	1.28734E+20
9.00594E+02	1000260560	3.13852E+21	1000260560	3.13852E+21
5.95789E+03	1000260560	2.60476E+21	1000260560	2.60476E+21
6.60696E+03	1000260560	7.07292E+19	1000260560	7.07292E+19
2.20511E+03	1000260560	1.53654E+21	1000260560	1.53654E+21
6.38067E+02	1000260560	2.01097E+20	1000260560	2.01097E+20
3.15820E+03	1000260560	4.16307E+21	1000260560	4.16307E+21
5.96892E+02	1000260560	1.90606E+21	1000260560	1.90606E+21
2.78802E+03	1000260560	4.95711E+21	1000260560	4.95711E+21
3.89540E+03	1000260560	3.30244E+19	1000260560	3.30244E+19
1.46991E+03	1000260560	1.24172E+20	1000260560	1.24172E+20
5.75554E+03	1000260560	9.39751E+18	1000260560	9.39751E+18
1.36083E+03	1000260560	3.41966E+21	1000260560	3.41966E+21
1.19434E+02	1000260560	1.80278E+21	1000260560	1.80278E+21
3.06804E+03	1000260560	6.79796E+19	1000260560	6.79796E+19
1.38535E+03	1000260560	6.62904E+18	1000260560	6.62904E+18
6.15707E+03	1000260560	4.01388E+20	1000260560	4.01388E+20
6.16439E+02	1000260560	2.60352E+20	1000260560	2.60352E+20
1.91939E+03	1000260560	2.36111E+20	1000260560	2.36111E+20
1.61437E+03	1000260560	3.26951E+19	1000260560	3.26951E+19
1.17121E+03	1000260560	5.22885E+19	1000260560	5.22885E+19
5.44663E+02	1000260560	2.05168E+21	1000260560	2.05168E+21
1.52582E+03	1000260560	7.80890E+19	1000260560	7.80890E+19
3.30456E+03	1000260560	9.75498E+18	1000260560	9.75498E+18
2.89192E+03	1000260560	5.95477E+21	1000260560	5.95477E+21
1.35196E+03	1000260560	6.56412E+19	1000260560	6.56412E+19
6.57345E+03	1000260560	4.11939E+21	1000260560	4.11939E+21
3.02204E+03	1000260560	3.52279E+21	1000260560	3.52279E+21
6.78746E+03	1000260560	4.67600E+21	1000260560	4.67600E+21
3.36018E+03	1000260560	1.15263E+21	1000260560	1.15263E+21
3.61360E+03	1000260560	3.45409E+21	1000260560	3.45409E+21
4.04857E+03	1000260560	7.67737E+18	1000260560	7.67737E+18
1.76057E+03	1000260560	8.08605E+18	1000260560	8.08605E+18
1.55209E+03	1000260560	3.30558E+20	1000260560	3.30558E+20
4.02335E+02	1000260560	3.02677E+19	1000260560	3.02677E+19
3.00107E+03	1000260560	1.14609E+19	1000260560	1.14609E+19
1.91796E+02	1000260560	2.76633E+20	1000260560	2.76633E+20
1.86193E+03	1000260560	2.30065E+19	1000260560	2.30065E+19
6.17231E+02	1000260560	1.08842E+19	1000260560	1.08842E+19
6.01892E+03	1000260560	6.56506E+20	1000260560	6.56506E+20
4.29233E+03	1000260560	2.62816E+21	1000260560	2.62816E+21
4.75508E+03	1000260560	1.33090E+20	1000260560	1.33090E+20
5.54095E+02	1000260560	7.19680E+19	1000260560	7.19680E+19
7.98041E+03	1000260560	2.63995E+19	1000260560	2.63995E+19
9.46770E+03	1000260560	4.64387E+21	1000260560	4.64387E+21
5.99801E+03	1000260560	9.94621E+18	1000260560	9.94621E+18
7.31051E+03	1000260560	3.86586E+21	1000260560	3.86586E+21
1.12039E+03	1000260560	3.69552E+21	1000260560	3.69552E+21
1.00293E+02	1000260560	3.06494E+19	1000260560	3.06494E+19
1.74895E+03	1000260560	2.05886E+21	1000260560	2.05886E+21
1.11188E+03	1000260560	1.53701E+19	1000260560	1.53701E+19
5.01976E+03	1000260560	8.29424E+19	1000260560	8.29424E+19
3.87002E+03	1000260560	2.26120E+21	1000260560	2.26120E+21
3.39756E+03	1000260560	6.61134E+20	1000260560	6.61134E+20
2.73451E+02	1000260560	2.41870E+20	1000260560	2.41870E+20
2.41537E+03	1000260560	4.37989E+19	1000260560	4.37989E+19
4.03825E+03	1000260560	3.31920E+19	1000260560	3.31920E+19
5.44807E+03	1000260560	4.44972E+19	1000260560	4.44972E+19
8.51985E+03	1000260560	7.18966E+19	1000260560	7.18966E+19
2.14262E+03	1000260560	7.36780E+18	1000260560	7.36780E+18
7.90480E+02	1000260560	1.72792E+19	1000260560	1.72792E+19
5.20599E+02	1000260560	7.16651E+18	1000260560	7.16651E+18
2.01384E+02	1000260560	1.18175E+19	1000260560	1.18175E+19
3.56577E+03	1000260560	7.34888E+18	1000260560	7.34888E+18
4.35625E+02	1000260560	2.13132E+21	1000260560	2.13132E+21
4.05169E+03	1000260560	2.28076E+19	1000260560	2.28076E+19
3.45023E+03	1000260560	1.87337E+21	1000260560	1.87337E+21
5.42423E+03	1000260560	1.96713E+21	1000260560	1.96713E+21
2.32668E+03	1000260560	2.76950E+19	1000260560	2.76950E+19
3.81373E+03	1000260560	2.89470E+21	1000260560	2.89470E+21
1.17728E+03	1000260560	3.57127E+19	1000260560	3.57127E+19
9.98288E+03	1000260560	1.40948E+20	1000260560	1.40948E+20
7.24220E+03	1000260560	5.66226E+20	1000260560	5.66226E+20
1.35850E+03	1000260560	3.14462E+20	1000260560	3.14462E+20
4.60733E+03	1000260560	2.52202E+19	1000260560	2.52202E+19
5.86319E+03	1000260560	4.20771E+19	1000260560	4.20771E+19
2.71793E+02	1000260560	1.68654E+20	1000260560	1.68654E+20
7.25411E+03	1000260560	2.14365E+20	1000260560	2.14365E+20
2.90984E+03	1000260560	2.79270E+19	1000260560	2.79270E+19
2.53903E+02	1000260560	3.83108E+21	1000260560	3.83108E+21
2.59800E+03	1000260560	1.06015E+20	1000260560	1.06015E+20
9.60219E+02	1000260560	6.18956E+19	1000260560	6.18956E+19
2.38281E+03	1000260560	2.01827E+21	1000260560	2.01827E+21
4.36120E+03	1000260560	3.77151E+21	1000260560	3.77151E+21
1.25353E+02	1000260560	1.61656E+19	1000260560	1.61656E+19
4.75596E+03	1000260560	5.04479E+19	1000260560	5.04479E+19
7.90393E+02	1000260560	1.17512E+21	1000260560	1.17512E+21
3.83364E+03	1000260560	1.90396E+19	1000260560	1.90396E+19
3.75111E+03	1000260560	3.05120E+20	1000260560	3.05120E+20
2.24858E+02	1000260560	1.34922E+19	1000260560	1.34922E+19
5.69407E+03	1000260560	3.63911E+19	1000260560	3.63911E+19
1.29512E+03	1000260560	8.07893E+20	1000260560	8.07893E+20
5.13585E+03	1000260560	5.45663E+19	1000260560	5.45663E+19
6.19260E+03	1000260560	1.78808E+21	1000260560	1.78808E+21
2.03931E+03	1000260560	1.38629E+21	1000260560	1.38629E+21
5.88222E+02	1000260560	3.57835E+20	1000260560	3.57835E+20
4.39550E+03	1000260560	3.82752E+19	1000260560	3.82752E+19
2.43059E+03	1000260560	1.87645E+21	1000260560	1.87645E+21
5.07479E+03	1000260560	2.50356E+20	1000260560	2.50356E+20
3.35997E+03	1000260560	1.11589E+20	1000260560	1.11589E+20
4.28558E+03	1000260560	7.22890E+19	1000260560	7.22890E+19
1.45834E+02	1000260560	1.65539E+19	1000260560	1.65539E+19
1.75514E+03	1000260560	4.28842E+20	1000260560	4.28842E+20
2.57308E+03	1000260560	5.75438E+21	1000260560	5.75438E+21
1.91794E+03	1000260560	1.26337E+21	1000260560	1.26337E+21
1.18969E+03	1000260560	1.68761E+21	1000260560	1.68761E+21
5.04128E+03	1000260560	4.08965E+19	1000260560	4.08965E+19
6.10514E+03	1000260560	4.83741E+20	1000260560	4.83741E+20
1.77439E+03	1000260560	5.34364E+20	1000260560	5.34364E+20
8.86593E+03	1000260560	8.85286E+18	1000260560	8.85286E+18
7.28632E+03	1000260560	3.54279E+20	1000260560	3.54279E+20
4.28657E+02	1000260560	9.58201E+18	1000260560	9.58201E+18
1.35398E+03	1000260560	2.37409E+21	1000260560	2.37409E+21
3.39021E+03	1000260560	3.97486E+19	1000260560	3.97486E+19
9.70983E+02	1000260560	2.26083E+21	1000260560	2.26083E+21
2.08306E+02	1000260560	1.09802E+20	1000260560	1.09802E+20
5.04714E+03	1000260560	1.06753E+21	1000260560	1.06753E+21
2.78490E+03	1000260560	1.44962E+21	1000260560	1.44962E+21
9.62634E+02	1000260560	1.95170E+19	1000260560	1.95170E+19
8.69429E+03	1000260560	3.95259E+19	1000260560	3.95259E+19
1.41994E+03	1000260560	7.15621E+18	1000260560	7.15621E+18
5.47398E+03	1000260560	2.75677E+21	1000260560	2.75677E+21
3.30195E+03	1000260560	3.72498E+21	1000260560	3.72498E+21
1.86887E+03	1000260560	1.66813E+19	1000260560	1.66813E+19
4.77269E+03	1000260560	1.38588E+21	1000260560	1.38588E+21
6.84086E+03	1000260560	1.21507E+20	1000260560	1.21507E+20
2.95672E+03	1000260560	2.63635E+19	1000260560	2.63635E+19
9.79667E+02	1000260560	3.21292E+21	1000260560	3.21292E+21
1.05245E+03	1000260560	1.04588E+20	1000260560	1.04588E+20
6.30579E+03	1000260560	5.99338E+21	1000260560	5.99338E+21
3.63927E+03	1000260560	2.03421E+19	1000260560	2.03421E+19
7.37094E+02	1000260560	2.68078E+19	1000260560	2.68078E+19
5.79529E+03	1000260560	9.66461E+20	1000260560	9.66461E+20
4.84512E+03	1000260560	1.59058E+20	1000260560	1.59058E+20
1.05246E+03	1000260560	1.76314E+19	1000260560	1.76314E+19
5.92217E+03	1000260560	5.47364E+19	1000260560	5.47364E+19
4.80287E+03	1000260560	3.51641E+19	1000260560	3.51641E+19
8.59402E+03	1000260560	4.57401E+19	1000260560	4.57401E+19
1.18100E+03	1000260560	3.47111E+19	1000260560	3.47111E+19
2.94419E+03	1000260560	1.37677E+20	1000260560	1.37677E+20
1.80790E+03	1000260560	4.87845E+19	1000260560	4.87845E+19
7.83525E+03	1000260560	1.56361E+19	1000260560	1.56361E+19
2.17752E+03	1000260560	4.22096E+19	1000260560	4.22096E+19
1.03486E+03	1000260560	3.81959E+21	1000260560	3.81959E+21
3.13596E+02	1000260560	4.95197E+21	1000260560	4.95197E+21
6.04354E+03	1000260560	4.82534E+19	1000260560	4.82534E+19
3.81927E+03	1000260560	5.38383E+21	1000260560	5.38383E+21
8.56380E+03	1000260560	3.61089E+20	1000260560	3.61089E+20
2.96743E+03	1000260560	4.62140E+21	1000260560	4.62140E+21
2.45380E+03	1000260560	2.18380E+19	1000260560	2.18380E+19
2.22968E+03	1000260560	2.04965E+19	1000260560	2.04965E+19
2.61587E+02	1000260560	8.53623E+20	1000260560	8.53623E+20
2.18695E+03	1000260560	5.72577E+21	1000260560	5.72577E+21
4.02696E+03	1000260560	1.08143E+20	1000260560	1.08143E+20
3.20139E+02	1000260560	9.06505E+18	1000260560	9.06505E+18
4.48645E+03	1000260560	4.34281E+21	1000260560	4.34281E+21
1.26726E+02	1000260560	2.74379E+21	1000260560	2.74379E+21
4.30710E+03	1000260560	1.35238E+19	1000260560	1.35238E+19
9.43212E+03	1000260560	9.36227E+18	1000260560	9.36227E+18
4.01609E+02	1000260560	4.48312E+20	1000260560	4.48312E+20
7.50698E+03	1000260560	3.95639E+19	1000260560	3.95639E+19
2.55537E+03	1000260560	1.67007E+19	1000260560	1.67007E+19
8.80337E+03	1000260560	8.32692E+18	1000260560	8.32692E+18
2.40726E+03	1000260560	1.16859E+20	1000260560	1.16859E+20
5.30041E+02	1000260560	6.01673E+21	1000260560	6.01673E+21
8.72429E+02	1000260560	8.12131E+18	1000260560	8.12131E+18
4.50811E+03	1000260560	2.60041E+21	1000260560	2.60041E+21
1.70174E+03	1000260560	3.29303E+21	1000260560	3.29303E+21
4.14590E+03	1000260560	1.93878E+21	1000260560	1.93878E+21
1.65562E+03	1000260560	2.90495E+19	1000260560	2.90495E+19
2.04903E+03	1000260560	7.32620E+20	1000260560	7.32620E+20
1.03074E+03	1000260560	3.95336E+20	1000260560	3.95336E+20
5.70970E+02	1000260560	1.39731E+19	1000260560	1.39731E+19
1.09166E+03	1000260560	1.86670E+20	1000260560	1.86670E+20
4.41122E+03	1000260560	1.96558E+19	1000260560	1.96558E+19
5.66690E+02	1000260560	1.10218E+20	1000260560	1.10218E+20
4.11928E+03	1000260560	8.71133E+20	1000260560	8.71133E+20
1.73920E+03	1000260560	2.78977E+19	1000260560	2.78977E+19
2.39086E+03	1000260560	4.19459E+21	1000260560	4.19459E+21
1.07224E+03	1000260560	8.43034E+20	1000260560	8.43034E+20
4.50299E+03	1000260560	4.58883E+21	1000260560	4.58883E+21
2.64873E+03	1000260560	1.17451E+19	1000260560	1.17451E+19
1.93706E+03	1000260560	8.72609E+20	1000260560	8.72609E+20
9.29592E+02	1000260560	4.80762E+19	1000260560	4.80762E+19
2.90036E+03	1000260560	5.95592E+19	1000260560	5.95592E+19
5.14149E+03	1000260560	4.17331E+19	1000260560	4.17331E+19
3.88883E+03	1000260560	3.60109E+21	1000260560	3.60109E+21
2.09709E+03	1000260560	2.01380E+20	1000260560	2.01380E+20
8.13463E+03	1000260560	1.77861E+20	1000260560	1.77861E+20
5.51191E+03	1000260560	7.18228E+19	1000260560	7.18228E+19
1.00946E+03	1000260560	5.75034E+21	1000260560	5.75034E+21
6.18559E+03	1000260560	2.65097E+19	1000260560	2.65097E+19
6.02587E+03	1000260560	4.05265E+21	1000260560	4.05265E+21
6.56105E+03	1000260560	1.28951E+20	1000260560	1.28951E+20
1.48935E+03	1000260560	3.18635E+19	1000260560	3.18635E+19
1.85067E+02	1000260560	5.35358E+20	1000260560	5.35358E+20
2.59203E+03	1000260560	5.59652E+21	1000260560	5.59652E+21
1.04646E+03	1000260560	3.98463E+21	1000260560	3.98463E+21
6.28197E+03	1000260560	2.78270E+21	1000260560	2.78270E+21
2.22528E+03	1000260560	3.72710E+20	1000260560	3.72710E+20
2.72914E+03	1000260560	9.00438E+19	1000260560	9.00438E+19
1.90615E+03	1000260560	1.58853E+21	1000260560	1.58853E+21
1.28380E+03	1000260560	5.72770E+20	1000260560	5.72770E+20
5.41571E+03	1000260560	1.38979E+20	1000260560	1.38979E+20
5.84283E+03	1000260560	3.37583E+21	1000260560	3.37583E+21
1.64457E+03	1000260560	4.56093E+19	1000260560	4.56093E+19
6.92974E+03	1000260560	5.16589E+19	1000260560	5.16589E+19
2.23330E+03	1000260560	5.86213E+21	1000260560	5.86213E+21
1.44550E+03	1000260560	1.95009E+20	1000260560	1.95009E+20
6.70683E+02	1000260560	6.80454E+20	1000260560	6.80454E+20
2.91383E+03	1000260560	2.42686E+19	1000260560	2.42686E+19
6.41661E+03	1000260560	5.45468E+20	1000260560	5.45468E+20
7.70754E+03	1000260560	6.06420E+19	1000260560	6.06420E+19
3.95912E+03	1000260560	2.83782E+21	1000260560	2.83782E+21
1.07882E+03	1000260560	8.38004E+18	1000260560	8.38004E+18
8.88997E+03	1000260560	6.01823E+20	1000260560	6.01823E+20
7.33871E+03	1000260560	9.66911E+20	1000260560	9.66911E+20
5.68498E+02	1000260560	1.08180E+21	1000260560	1.08180E+21
1.12123E+03	1000260560	1.00530E+19	1000260560	1.00530E+19
1.74739E+03	1000260560	3.91234E+21	1000260560	3.91234E+21
3.09975E+03	1000260560	1.54772E+19	1000260560	1.54772E+19
1.53696E+03	1000260560	2.27420E+20	1000260560	2.27420E+20
8.66372E+03	1000260560	1.99011E+21	1000260560	1.99011E+21
5.22883E+02	1000260560	3.00700E+20	1000260560	3.00700E+20
2.83516E+03	1000260560	3.62192E+21	1000260560	3.62192E+21
3.84067E+03	1000260560	6.44096E+18	1000260560	6.44096E+18
2.06145E+03	1000260560	2.65026E+21	1000260560	2.65026E+21
2.48579E+03	1000260560	5.75862E+21	1000260560	5.75862E+21
4.30391E+03	1000260560	6.09795E+21	1000260560	6.09795E+21
8.67011E+03	1000260560	2.09036E+19	1000260560	2.09036E+19
2.60281E+03	1000260560	3.01791E+20	1000260560	3.01791E+20
3.28722E+03	1000260560	9.63832E+20	1000260560	9.63832E+20
2.62921E+03	1000260560	2.19701E+20	1000260560	2.19701E+20
9.10607E+03	1000260560	1.81595E+20	1000260560	1.81595E+20
6.76887E+03	1000260560	4.93122E+20	1000260560	4.93122E+20
8.03575E+03	1000260560	4.64832E+19	1000260560	4.64832E+19
3.51425E+03	1000260560	9.52102E+19	1000260560	9.52102E+19
6.59248E+03	1000260560	2.64985E+19	1000260560	2.64985E+19
6.56725E+03	1000260560	1.71215E+19	1000260560	1.71215E+19
1.63434E+03	1000260560	1.41855E+19	1000260560	1.41855E+19
6.16726E+03	1000260560	8.53803E+19	1000260560	8.53803E+19
5.12122E+03	1000260560	2.21574E+20	1000260560	2.21574E+20
1.05192E+03	1000260560	3.42004E+20	1000260560	3.42004E+20
1.40941E+03	1000260560	6.75098E+19	1000260560	6.75098E+19
3.87591E+03	1000260560	4.32682E+20	1000260560	4.32682E+20
1.96633E+03	1000260560	2.79666E+19	1000260560	2.79666E+19
4.86620E+03	1000260560	4.12342E+20	1000260560	4.12342E+20
5.00372E+02	1000260560	4.02896E+21	1000260560	4.02896E+21
4.86482E+03	1000260560	2.46847E+20	1000260560	2.46847E+20
6.66117E+03	1000260560	2.66415E+20	1000260560	2.66415E+20
4.11519E+03	1000260560	1.25875E+19	1000260560	1.25875E+19
1.01347E+03	1000260560	1.87922E+20	1000260560	1.87922E+20
1.56659E+03	1000260560	1.88109E+19	1000260560	1.88109E+19
1.08827E+03	1000260560	3.59628E+21	1000260560	3.59628E+21
4.44088E+03	1000260560	5.67082E+21	1000260560	5.67082E+21
5.21612E+03	1000260560	1.98516E+20	1000260560	1.98516E+20
7.65387E+03	1000260560	1.09569E+21	1000260560	1.09569E+21
5.15071E+03	1000260560	1.16038E+21	1000260560	1.16038E+21
3.15573E+03	1000260560	5.17532E+21	1000260560	5.17532E+21
1.40441E+03	1000260560	1.42617E+21	1000260560	1.42617E+21
2.62824E+03	1000260560	8.27415E+19	1000260560	8.27415E+19
6.76996E+03	1000260560	8.88159E+20	1000260560	8.88159E+20
2.38318E+03	1000260560	4.22193E+19	1000260560	4.22193E+19
3.54459E+03	1000260560	3.21996E+21	1000260560	3.21996E+21
3.99781E+03	1000260560	8.12151E+18	1000260560	8.12151E+18
6.51868E+03	1000260560	5.94023E+21	1000260560	5.94023E+21
3.02986E+03	1000260560	1.65357E+21	1000260560	1.65357E+21
1.65146E+03	1000260560	3.89762E+21	1000260560	3.89762E+21
4.09771E+03	1000260560	5.30672E+19	1000260560	5.30672E+19
3.79277E+02	1000260560	2.25749E+21	1000260560	2.25749E+21
2.30892E+02	1000260560	3.20329E+21	1000260560	3.20329E+21
1.49810E+03	1000260560	8.34453E+18	1000260560	8.34453E+18
6.52356E+03	1000260560	4.30526E+20	1000260560	4.30526E+20
5.46210E+03	1000260560	1.02383E+21	1000260560	1.02383E+21
7.10936E+03	1000260560	1.65074E+21	1000260560	1.65074E+21
7.65452E+03	1000260560	3.39641E+21	1000260560	3.39641E+21
1.82431E+03	1000260560	4.89032E+20	1000260560	4.89032E+20
3.41582E+03	1000260560	1.09520E+19	1000260560	1.09520E+19
1.39310E+03	1000260560	6.62483E+20	1000260560	6.62483E+20
9.80572E+03	1000260560	1.66663E+21	1000260560	1.66663E+21
5.33819E+03	1000260560	6.10844E+19	1000260560	6.10844E+19
5.96242E+03	1000260560	1.30035E+21	1000260560	1.30035E+21
5.46384E+03	1000260560	2.22841E+21	1000260560	2.22841E+21
1.73284E+03	1000260560	3.11736E+20	1000260560	3.11736E+20
6.19532E+03	1000260560	4.84128E+19	1000260560	4.84128E+19
6.74526E+03	1000260560	1.56682E+20	1000260560	1.56682E+20
2.07319E+03	1000260560	3.69278E+20	1000260560	3.69278E+20
1.57077E+02	1000260560	7.60888E+19	1000260560	7.60888E+19
9.03953E+03	1000260560	5.33851E+20	1000260560	5.33851E+20
2.79798E+03	1000260560	6.52839E+20	1000260560	6.52839E+20
1.32155E+03	1000260560	3.78072E+21	1000260560	3.78072E+21
4.95370E+03	1000260560	1.04681E+21	1000260560	1.04681E+21
7.33638E+02	1000260560	1.75928E+21	1000260560	1.75928E+21
4.67756E+03	1000260560	1.01074E+21	1000260560	1.01074E+21
8.42715E+02	1000260560	1.78300E+20	1000260560	1.78300E+20
4.07729E+03	1000260560	8.84751E+20	1000260560	8.84751E+20
2.81732E+03	1000260560	5.54616E+21	1000260560	5.54616E+21
6.54837E+03	1000260560	1.06554E+20	1000260560	1.06554E+20
8.29461E+03	1000260560	8.61588E+20	1000260560	8.61588E+20
2.73534E+03	1000260560	3.79292E+21	1000260560	3.79292E+21
1.87874E+03	1000260560	2.31145E+21	1000260560	2.31145E+21
1.56676E+03	1000260560	1.92245E+19	1000260560	1.92245E+19
2.22421E+03	1000260560	2.57807E+19	1000260560	2.57807E+19
3.97612E+03	1000260560	1.33237E+21	1000260560	1.33237E+21
6.84010E+03	1000260560	1.32747E+19	1000260560	1.32747E+19
2.38562E+03	1000260560	2.46208E+19	1000260560	2.46208E+19
3.90645E+02	1000260560	8.26595E+18	1000260560	8.26595E+18
6.14680E+03	1000260560	3.10719E+20	1000260560	3.10719E+20
1.91723E+03	1000260560	6.95010E+20	1000260560	6.95010E+20
2.89776E+03	1000260560	2.33146E+19	1000260560	2.33146E+19
2.39876E+03	1000260560	1.31469E+20	1000260560	1.31469E+20
5.07455E+03	1000260560	6.27984E+18	1000260560	6.27984E+18
4.44535E+03	1000260560	2.85670E+21	1000260560	2.85670E+21
1.03703E+02	1000260560	3.65859E+20	1000260560	3.65859E+20
3.40234E+03	1000260560	2.54612E+19	1000260560	2.54612E+19
6.70532E+02	1000260560	2.56058E+20	1000260560	2.56058E+20
2.99196E+03	1000260560	3.63101E+19	1000260560	3.63101E+19
4.25562E+03	1000260560	3.08303E+20	1000260560	3.08303E+20
8.25415E+03	1000260560	3.30903E+21	1000260560	3.30903E+21
6.44054E+03	1000260560	5.07049E+19	1000260560	5.07049E+19
3.29301E+03	1000260560	7.09072E+20	1000260560	7.09072E+20
1.16903E+03	1000260560	3.78300E+20	1000260560	3.78300E+20
7.34774E+02	1000260560	2.11476E+19	1000260560	2.11476E+19
7.76947E+02	1000260560	1.63790E+20	1000260560	1.63790E+20
4.24201E+03	1000260560	1.57532E+19	1000260560	1.57532E+19
1.95095E+02	1000260560	4.18565E+21	1000260560	4.18565E+21
3.37151E+03	1000260560	4.37577E+19	1000260560	4.37577E+19
2.30037E+03	1000260560	3.85344E+19	1000260560	3.85344E+19
4.80611E+03	1000260560	3.19545E+19	1000260560	3.19545E+19
2.83600E+03	1000260560	1.11110E+19	1000260560	1.11110E+19
5.88189E+03	1000260560	3.67115E+20	1000260560	3.67115E+20
4.56671E+03	1000260560	4.89845E+20	1000260560	4.89845E+20
5.47833E+02	1000260560	1.16927E+19	1000260560	1.16927E+19
1.23154E+03	1000260560	1.06167E+19	1000260560	1.06167E+19
4.44778E+03	1000260560	2.46819E+21	1000260560	2.46819E+21
4.78517E+02	1000260560	6.71101E+20	1000260560	6.71101E+20
9.47467E+02	1000260560	8.73815E+19	1000260560	8.73815E+19
1.04686E+02	1000260560	1.23698E+21	1000260560	1.23698E+21
5.60554E+03	1000260560	1.74950E+19	1000260560	1.74950E+19
3.37180E+03	1000260560	3.63796E+20	1000260560	3.63796E+20
5.49450E+03	1000260560	2.68333E+21	1000260560	2.68333E+21
1.58415E+03	1000260560	8.63135E+18	1000260560	8.63135E+18
1.20084E+03	1000260560	1.37886E+19	1000260560	1.37886E+19
1.43051E+03	1000260560	6.27099E+18	1000260560	6.27099E+18
4.91857E+03	1000260560	3.33252E+19	1000260560	3.33252E+19
6.12045E+03	1000260560	4.30972E+20	1000260560	4.30972E+20
1.20373E+03	1000260560	2.73364E+19	1000260560	2.73364E+19
4.09318E+03	1000260560	3.16068E+19	1000260560	3.16068E+19
4.44607E+02	1000260560	1.50828E+21	1000260560	1.50828E+21
2.04810E+03	1000260560	1.03752E+19	1000260560	1.03752E+19
8.29957E+02	1000260560	2.07331E+21	1000260560	2.07331E+21
4.01161E+03	1000260560	2.15635E+21	1000260560	2.15635E+21
1.19873E+03	1000260560	5.77872E+20	1000260560	5.77872E+20
8.74611E+02	1000260560	2.46214E+20	1000260560	2.46214E+20
3.35376E+03	1000260560	1.38267E+20	1000260560	1.38267E+20
5.26978E+03	1000260560	1.99233E+20	1000260560	1.99233E+20
7.41330E+03	1000260560	4.33021E+21	1000260560	4.33021E+21
6.30912E+03	1000260560	1.34870E+20	1000260560	1.34870E+20
3.72450E+03	1000260560	3.04453E+20	1000260560	3.04453E+20
3.96229E+03	1000260560	3.86774E+21	1000260560	3.86774E+21
2.87910E+03	1000260560	4.70136E+20	1000260560	4.70136E+20
1.31551E+02	1000260560	2.50597E+21	1000260560	2.50597E+21
1.79958E+03	1000260560	1.59012E+20	1000260560	1.59012E+20
8.80343E+03	1000260560	6.78252E+19	1000260560	6.78252E+19
2.78833E+03	1000260560	5.02164E+19	1000260560	5.02164E+19
1.16529E+03	1000260560	3.03258E+19	1000260560	3.03258E+19
6.38553E+03	1000260560	1.45324E+19	1000260560	1.45324E+19
2.00919E+03	1000260560	4.69292E+21	1000260560	4.69292E+21
4.40286E+03	1000260560	7.17838E+18	1000260560	7.17838E+18
5.40731E+03	1000260560	5.63348E+19	1000260560	5.63348E+19
8.22867E+03	1000260560	3.12328E+19	1000260560	3.12328E+19
3.59077E+03	1000260560	1.64519E+20	1000260560	1.64519E+20
4.30827E+02	1000260560	4.11098E+19	1000260560	4.11098E+19
1.24907E+03	1000260560	4.96390E+19	1000260560	4.96390E+19
2.87074E+03	1000260560	4.99394E+19	1000260560	4.99394E+19
1.62670E+03	1000260560	6.74433E+20	1000260560	6.74433E+20
4.87774E+03	1000260560	1.43384E+19	1000260560	1.43384E+19
4.79957E+03	1000260560	1.48050E+19	1000260560	1.48050E+19
5.29045E+02	1000260560	1.08703E+21	1000260560	1.08703E+21
5.80951E+03	1000260560	3.51683E+19	1000260560	3.51683E+19
4.74420E+03	1000260560	5.55402E+21	1000260560	5.55402E+21
6.26492E+03	1000260560	2.61044E+21	1000260560	2.61044E+21
6.32964E+03	1000260560	1.58772E+20	1000260560	1.58772E+20
3.53488E+03	1000260560	2.83106E+19	1000260560	2.83106E+19
3.87821E+03	1000260560	1.85985E+19	1000260560	1.85985E+19
7.58566E+03	1000260560	1.74537E+19	1000260560	1.74537E+19
5.62578E+03	1000260560	2.34074E+20	1000260560	2.34074E+20
4.44659E+03	1000260560	6.31448E+18	1000260560	6.31448E+18
3.52468E+02	1000260560	2.67816E+20	1000260560	2.67816E+20
2.44737E+03	1000260560	1.45679E+21	1000260560	1.45679E+21
1.07793E+03	1000260560	7.10187E+20	1000260560	7.10187E+20
5.26567E+03	1000260560	1.60093E+19	1000260560	1.60093E+19
3.04176E+03	1000260560	2.32460E+20	1000260560	2.32460E+20
9.49894E+03	1000260560	1.94715E+20	1000260560	1.94715E+20
7.55136E+03	1000260560	2.40309E+20	1000260560	2.40309E+20
1.45290E+03	1000260560	6.83951E+18	1000260560	6.83951E+18
1.18933E+03	1000260560	8.71145E+19	1000260560	8.71145E+19
1.45307E+03	1000260560	5.87557E+20	1000260560	5.87557E+20
4.12700E+02	1000260560	5.14343E+21	1000260560	5.14343E+21
8.75998E+03	1000260560	9.28488E+19	1000260560	9.28488E+19
3.21758E+03	1000260560	1.21027E+19	1000260560	1.21027E+19
6.06622E+02	1000260560	2.32185E+20	1000260560	2.32185E+20
4.38240E+02	1000260560	1.40032E+21	1000260560	1.40032E+21
2.99783E+03	1000260560	3.03765E+19	1000260560	3.03765E+19
1.03538E+03	1000260560	5.45611E+20	1000260560	5.45611E+20
1.82955E+03	1000260560	1.16704E+19	1000260560	1.16704E+19
5.51806E+03	1000260560	2.74521E+21	1000260560	2.74521E+21
7.65305E+02	1000260560	4.56677E+19	1000260560	4.56677E+19
9.68945E+02	1000260560	8.41698E+19	1000260560	8.41698E+19
3.98375E+03	1000260560	1.56249E+21	1000260560	1.56249E+21
2.29528E+03	1000260560	4.36350E+21	1000260560	4.36350E+21
6.11851E+03	1000260560	3.27723E+21	1000260560	3.27723E+21
2.33393E+03	1000260560	8.33664E+19	1000260560	8.33664E+19
2.32648E+03	1000260560	1.25123E+20	1000260560	1.25123E+20
5.99924E+03	1000260560	5.75659E+20	1000260560	5.75659E+20
2.77040E+02	1000260560	4.53894E+19	1000260560	4.53894E+19
4.75643E+03	1000260560	4.31841E+21	1000260560	4.31841E+21
1.21749E+03	1000260560	1.77553E+21	1000260560	1.77553E+21
5.71151E+03	1000260560	2.66451E+21	1000260560	2.66451E+21
4.32253E+03	1000260560	3.62009E+21	1000260560	3.62009E+21
1.54857E+03	1000260560	3.91866E+20	1000260560	3.91866E+20
5.62072E+02	1000260560	2.91228E+19	1000260560	2.91228E+19
2.69579E+03	1000260560	2.57430E+20	1000260560	2.57430E+20
9.25119E+02	1000260560	2.35141E+19	1000260560	2.35141E+19
3.09653E+03	1000260560	1.24458E+20	1000260560	1.24458E+20
3.21189E+03	1000260560	9.31956E+18	1000260560	9.31956E+18
1.59340E+02	1000260560	3.91137E+19	1000260560	3.91137E+19
6.55801E+03	1000260560	2.14545E+20	1000260560	2.14545E+20
1.98086E+03	1000260560	1.39093E+21	1000260560	1.39093E+21
9.01114E+03	1000260560	3.67558E+19	1000260560	3.67558E+19
8.00768E+03	1000260560	4.42014E+19	1000260560	4.42014E+19
9.60927E+02	1000260560	9.88101E+19	1000260560	9.88101E+19
4.02357E+02	1000260560	1.59737E+20	1000260560	1.59737E+20
2.46935E+03	1000260560	5.71152E+19	1000260560	5.71152E+19
7.02876E+03	1000260560	2.02701E+21	1000260560	2.02701E+21
2.60070E+03	1000260560	1.07510E+19	1000260560	1.07510E+19
3.69252E+03	1000260560	4.92455E+21	1000260560	4.92455E+21
4.11470E+03	1000260560	3.35211E+19	1000260560	3.35211E+19
1.52744E+03	1000260560	2.26210E+21	1000260560	2.26210E+21
2.79522E+03	1000260560	1.51204E+19	1000260560	1.51204E+19
1.76498E+03	1000260560	4.32182E+20	1000260560	4.32182E+20
3.54571E+03	1000260560	8.38828E+19	1000260560	8.38828E+19
2.65858E+03	1000260560	7.89345E+20	1000260560	7.89345E+20
7.44599E+02	1000260560	4.34248E+19	1000260560	4.34248E+19
2.06150E+03	1000260560	7.15476E+20	1000260560	7.15476E+20
4.30724E+03	1000260560	7.26193E+20	1000260560	7.26193E+20
7.04037E+03	1000260560	3.07105E+20	1000260560	3.07105E+20
5.05138E+03	1000260560	5.59690E+19	1000260560	5.59690E+19
1.98110E+02	1000260560	5.13202E+19	1000260560	5.13202E+19
3.39528E+03	1000260560	3.99627E+21	1000260560	3.99627E+21
5.10521E+03	1000260560	2.48656E+19	1000260560	2.48656E+19
4.28016E+03	1000260560	1.90994E+19	1000260560	1.90994E+19
3.86175E+03	1000260560	2.16278E+21	1000260560	2.16278E+21
5.98608E+03	1000260560	1.38845E+19	1000260560	1.38845E+19
3.26216E+03	1000260560	1.40343E+21	1000260560	1.40343E+21
1.55505E+03	1000260560	3.28469E+20	1000260560	3.28469E+20
5.47533E+03	1000260560	1.12088E+21	1000260560	1.12088E+21
4.74327E+03	1000260560	1.58786E+20	1000260560	1.58786E+20
3.06228E+03	1000260560	2.52639E+21	1000260560	2.52639E+21
6.92698E+03	1000260560	1.59668E+19	1000260560	1.59668E+19
1.10199E+03	1000260560	1.41666E+20	1000260560	1.41666E+20
5.51143E+03	1000260560	4.03205E+20	1000260560	4.03205E+20
1.22558E+03	1000260560	1.53464E+21	1000260560	1.53464E+21
4.12016E+03	1000260560	5.54207E+19	1000260560	5.54207E+19
3.97550E+03	1000260560	3.32817E+21	1000260560	3.32817E+21
9.50260E+02	1000260560	6.46034E+19	1000260560	6.46034E+19
5.06807E+03	1000260560	1.13731E+21	1000260560	1.13731E+21
1.32889E+03	1000260560	2.18209E+20	1000260560	2.18209E+20
4.66223E+03	1000260560	4.68078E+20	1000260560	4.68078E+20
8.94469E+03	1000260560	1.01286E+19	1000260560	1.01286E+19
7.94610E+03	1000260560	3.05298E+21	1000260560	3.05298E+21
1.31208E+03	1000260560	8.46799E+18	1000260560	8.46799E+18
4.60254E+03	1000260560	1.25782E+20	1000260560	1.25782E+20
1.45197E+03	1000260560	2.84834E+19	1000260560	2.84834E+19
7.15146E+03	1000260560	7.75480E+18	1000260560	7.75480E+18
4.88147E+03	1000260560	1.23068E+21	1000260560	1.23068E+21
1.42061E+03	1000260560	6.85560E+18	1000260560	6.85560E+18
6.81896E+02	1000260560	1.25179E+19	1000260560	1.25179E+19
8.08743E+03	1000260560	4.87151E+21	1000260560	4.87151E+21
2.13268E+03	1000260560	2.23578E+19	1000260560	2.23578E+19
4.24705E+02	1000260560	1.07360E+20	1000260560	1.07360E+20
1.08193E+03	1000260560	5.26418E+20	1000260560	5.26418E+20
7.15806E+03	1000260560	7.75803E+18	1000260560	7.75803E+18
7.26942E+03	1000260560	4.20985E+19	1000260560	4.20985E+19
1.27529E+03	1000260560	2.35699E+21	1000260560	2.35699E+21
4.25710E+03	1000260560	8.91681E+19	1000260560	8.91681E+19
5.26776E+02	1000260560	3.30357E+19	1000260560	3.30357E+19
7.59068E+03	1000260560	2.03881E+20	1000260560	2.03881E+20
3.28585E+03	1000260560	5.97612E+19	1000260560	5.97612E+19
8.11468E+03	1000260560	3.30479E+20	1000260560	3.30479E+20
6.31236E+03	1000260560	1.00820E+21	1000260560	1.00820E+21
4.31006E+03	1000260560	1.95627E+21	1000260560	1.95627E+21
6.35792E+02	1000260560	2.16852E+20	1000260560	2.16852E+20
3.55943E+03	1000260560	3.39102E+20	1000260560	3.39102E+20
1.64158E+03	1000260560	4.99353E+21	1000260560	4.99353E+21
3.17897E+03	1000260560	1.73816E+19	1000260560	1.73816E+19
5.71631E+03	1000260560	5.02564E+20	1000260560	5.02564E+20
4.43504E+03	1000260560	1.62469E+20	1000260560	1.62469E+20
2.70531E+03	1000260560	9.82709E+18	1000260560	9.82709E+18
4.79232E+03	1000260560	1.36813E+21	1000260560	1.36813E+21
3.71255E+03	1000260560	5.83173E+20	1000260560	5.83173E+20
5.21255E+02	1000260560	7.57725E+18	1000260560	7.57725E+18
7.35467E+03	1000260560	2.88079E+19	1000260560	2.88079E+19
3.91559E+02	1000260560	1.55144E+21	1000260560	1.55144E+21
5.43012E+03	1000260560	1.48526E+20	1000260560	1.48526E+20
3.50674E+03	1000260560	5.53426E+21	1000260560	5.53426E+21
2.75850E+02	1000260560	1.47810E+19	1000260560	1.47810E+19
4.21103E+03	1000260560	1.79327E+21	1000260560	1.79327E+21
1.98327E+03	1000260560	7.45283E+18	1000260560	7.45283E+18
2.87321E+02	1000260560	8.55993E+20	1000260560	8.55993E+20
2.24722E+03	1000260560	7.87919E+18	1000260560	7.87919E+18
1.91777E+03	1000260560	7.44049E+19	1000260560	7.44049E+19
7.43112E+02	1000260560	8.62672E+20	1000260560	8.62672E+20
1.39393E+03	1000260560	8.89843E+19	1000260560	8.89843E+19
8.81371E+03	1000260560	9.21338E+20	1000260560	9.21338E+20
5.91795E+03	1000260560	2.53284E+19	1000260560	2.53284E+19
3.64479E+03	1000260560	1.20822E+21	1000260560	1.20822E+21
4.24479E+03	1000260560	1.32807E+21	1000260560	1.32807E+21
4.43779E+02	1000260560	1.48958E+20	1000260560	1.48958E+20
7.26782E+03	1000260560	4.07328E+21	1000260560	4.07328E+21
2.88865E+03	1000260560	4.34967E+21	1000260560	4.34967E+21
2.04491E+03	1000260560	5.71320E+21	1000260560	5.71320E+21
7.66368E+03	1000260560	1.86499E+20	1000260560	1.86499E+20
1.06296E+03	1000260560	1.52668E+20	1000260560	1.52668E+20
9.88503E+02	1000260560	1.22408E+19	1000260560	1.22408E+19
2.94612E+03	1000260560	4.89441E+20	1000260560	4.89441E+20
5.04192E+03	1000260560	3.73733E+20	1000260560	3.73733E+20
4.36867E+03	1000260560	2.05216E+20	1000260560	2.05216E+20
1.02499E+03	1000260560	2.12925E+21	1000260560	2.12925E+21
1.45300E+03	1000260560	5.28122E+20	1000260560	5.28122E+20
4.30767E+02	1000260560	4.64579E+19	1000260560	4.64579E+19
9.50116E+03	1000260560	1.43722E+19	1000260560	1.43722E+19
7.70755E+02	1000260560	1.54963E+19	1000260560	1.54963E+19
1.01954E+03	1000260560	1.16859E+21	1000260560	1.16859E+21
3.84080E+03	1000260560	3.63925E+20	1000260560	3.63925E+20
1.25530E+03	1000260560	4.63688E+19	1000260560	4.63688E+19
6.80160E+03	1000260560	9.50150E+20	1000260560	9.50150E+20
9.58769E+02	1000260560	7.58806E+20	1000260560	7.58806E+20
9.99916E+03	1000260560	4.05384E+21	1000260560	4.05384E+21
3.63076E+03	1000260560	4.37692E+21	1000260560	4.37692E+21
7.28907E+02	1000260560	3.63248E+19	1000260560	3.63248E+19
4.91544E+03	1000260560	1.70220E+20	1000260560	1.70220E+20
2.90013E+02	1000260560	1.86795E+21	1000260560	1.86795E+21
3.04681E+03	1000260560	4.07017E+19	1000260560	4.07017E+19
1.82897E+03	1000260560	4.78263E+21	1000260560	4.78263E+21
7.65845E+03	1000260560	2.00950E+19	1000260560	2.00950E+19
1.99804E+03	1000260560	5.23589E+20	1000260560	5.23589E+20
2.60813E+03	1000260560	3.13500E+20	1000260560	3.13500E+20
5.81570E+03	1000260560	9.48596E+18	1000260560	9.48596E+18
4.28697E+03	1000260560	1.36893E+19	1000260560	1.36893E+19
9.83600E+02	1000260560	1.44236E+20	1000260560	1.44236E+20
1.26574E+03	1000260560	9.61553E+18	1000260560	9.61553E+18
4.70809E+03	1000260560	1.07181E+19	1000260560	1.07181E+19
3.21168E+02	1000260560	3.64577E+20	1000260560	3.64577E+20
9.09258E+03	1000260560	5.41763E+21	1000260560	5.41763E+21
6.53638E+03	1000260560	4.50069E+19	1000260560	4.50069E+19
1.47650E+02	1000260560	3.87610E+20	1000260560	3.87610E+20
2.00245E+02	1000260560	4.39529E+20	1000260560	4.39529E+20
2.76424E+03	1000260560	4.77199E+21	1000260560	4.77199E+21
5.65536E+03	1000260560	5.32378E+20	1000260560	5.32378E+20
9.91415E+03	1000260560	2.29125E+21	1000260560	2.29125E+21
1.01059E+03	1000260560	1.53826E+21	1000260560	1.53826E+21
2.57297E+03	1000260560	1.28882E+19	1000260560	1.28882E+19
8.87901E+03	1000260560	6.96585E+18	1000260560	6.96585E+18
7.14250E+03	1000260560	9.03098E+19	1000260560	9.03098E+19
4.29144E+02	1000260560	4.75320E+19	1000260560	4.75320E+19
3.49926E+03	1000260560	1.02872E+19	1000260560	1.02872E+19
6.10346E+02	1000260560	8.86612E+18	1000260560	8.86612E+18
3.66937E+03	1000260560	5.08932E+19	1000260560	5.08932E+19
2.31970E+03	1000260560	1.25923E+19	1000260560	1.25923E+19
5.08609E+03	1000260560	5.58521E+20	1000260560	5.58521E+20
2.63277E+03	1000260560	3.43551E+19	1000260560	3.43551E+19
1.14967E+03	1000260560	1.95928E+19	1000260560	1.95928E+19
3.79048E+02	1000260560	3.10979E+20	1000260560	3.10979E+20
2.62503E+03	1000260560	1.92491E+21	1000260560	1.92491E+21
2.13766E+03	1000260560	8.16392E+19	1000260560	8.16392E+19
2.78514E+03	1000260560	5.65838E+20	1000260560	5.65838E+20
2.04705E+03	1000260560	7.97598E+18	1000260560	7.97598E+18
3.29096E+03	1000260560	8.78925E+20	1000260560	8.78925E+20
4.00596E+03	1000260560	1.33290E+20	1000260560	1.33290E+20
2.31072E+02	1000260560	1.28852E+21	1000260560	1.28852E+21
6.23469E+02	1000260560	3.15205E+19	1000260560	3.15205E+19
2.80473E+03	1000260560	5.95614E+19	1000260560	5.95614E+19
3.59185E+02	1000260560	2.51352E+19	1000260560	2.51352E+19
3.70488E+02	1000260560	9.98114E+18	1000260560	9.98114E+18
3.50485E+03	1000260560	4.02964E+20	1000260560	4.02964E+20
1.86835E+03	1000260560	1.97272E+19	1000260560	1.97272E+19
1.65788E+03	1000260560	1.03927E+21	1000260560	1.03927E+21
2.06514E+03	1000260560	4.74404E+20	1000260560	4.74404E+20
1.02872E+03	1000260560	6.25896E+19	1000260560	6.25896E+19
3.23368E+03	1000260560	3.71265E+20	1000260560	3.71265E+20
9.54610E+03	1000260560	2.02032E+21	1000260560	2.02032E+21
6.36144E+03	1000260560	4.00440E+20	1000260560	4.00440E+20
4.90388E+03	1000260560	2.64341E+20	1000260560	2.64341E+20
4.22239E+03	1000260560	2.80529E+21	1000260560	2.80529E+21
7.03926E+03	1000260560	3.98910E+21	1000260560	3.98910E+21
5.08652E+02	1000260560	1.67524E+21	1000260560	1.67524E+21
6.28925E+03	1000260560	7.39491E+18	1000260560	7.39491E+18
8.37481E+03	1000260560	4.50441E+21	1000260560	4.50441E+21
3.07611E+03	1000260560	1.47815E+20	1000260560	1.47815E+20
2.14256E+03	1000260560	1.02230E+19	1000260560	1.02230E+19
1.13724E+03	1000260560	1.00128E+21	1000260560	1.00128E+21
1.36792E+02	1000260560	5.73402E+19	1000260560	5.73402E+19
3.16930E+03	1000260560	3.62296E+20	1000260560	3.62296E+20
2.33840E+03	1000260560	1.60445E+21	1000260560	1.60445E+21
5.51777E+03	1000260560	7.10149E+20	1000260560	7.10149E+20
2.01825E+03	1000260560	2.30900E+21	1000260560	2.30900E+21
4.15369E+02	1000260560	5.84206E+21	1000260560	5.84206E+21
8.50241E+03	1000260560	1.99060E+21	1000260560	1.99060E+21
9.00716E+03	1000260560	1.09914E+20	1000260560	1.09914E+20
2.75236E+03	1000260560	2.10224E+19	1000260560	2.10224E+19
4.46969E+03	1000260560	1.00312E+19	1000260560	1.00312E+19
4.43700E+03	1000260560	7.79586E+20	1000260560	7.79586E+20
6.00559E+02	1000260560	2.16895E+20	1000260560	2.16895E+20
3.06476E+03	1000260560	2.53743E+21	1000260560	2.53743E+21
1.35815E+03	1000260560	9.15688E+18	1000260560	9.15688E+18
6.35202E+03	1000260560	9.58411E+20	1000260560	9.58411E+20
1.49504E+03	1000260560	2.18545E+21	1000260560	2.18545E+21
1.27427E+03	1000260560	2.23266E+20	1000260560	2.23266E+20
2.50711E+03	1000260560	3.02875E+21	1000260560	3.02875E+21
9.69824E+03	1000260560	5.90581E+19	1000260560	5.90581E+19
2.81253E+03	1000260560	2.34439E+21	1000260560	2.34439E+21
3.58878E+03	1000260560	4.28140E+20	1000260560	4.28140E+20
3.09838E+03	1000260560	2.68592E+21	1000260560	2.68592E+21
1.42377E+03	1000260560	1.95007E+19	1000260560	1.95007E+19
1.53468E+03	1000260560	9.79677E+19	1000260560	9.79677E+19
1.03965E+03	1000260560	5.57967E+19	1000260560	5.57967E+19
7.14792E+03	1000260560	2.86073E+21	1000260560	2.86073E+21
9.54071E+03	1000260560	1.30077E+19	1000260560	1.30077E+19
3.87402E+03	1000260560	4.16302E+20	1000260560	4.16302E+20
1.12919E+03	1000260560	2.60575E+19	1000260560	2.60575E+19
3.71978E+03	1000260560	3.39319E+20	1000260560	3.39319E+20
4.67842E+03	1000260560	2.89502E+20	1000260560	2.89502E+20
2.21204E+03	1000260560	1.62549E+21	1000260560	1.62549E+21
6.86319E+03	1000260560	5.01726E+20	1000260560	5.01726E+20
7.12587E+02	1000260560	4.40628E+21	1000260560	4.40628E+21
2.43008E+03	1000260560	3.04232E+21	1000260560	3.04232E+21
4.67545E+03	1000260560	7.54549E+20	1000260560	7.54549E+20
2.69489E+03	1000260560	5.77735E+21	1000260560	5.77735E+21
7.66336E+02	1000260560	9.42764E+20	1000260560	9.42764E+20
2.30572E+03	1000260560	1.88544E+19	1000260560	1.88544E+19
3.63323E+03	1000260560	7.14960E+20	1000260560	7.14960E+20
3.87562E+03	1000260560	1.26986E+19	1000260560	1.26986E+19
5.05832E+02	1000260560	4.37528E+21	1000260560	4.37528E+21
2.87240E+03	1000260560	9.52827E+19	1000260560	9.52827E+19
3.12264E+03	1000260560	1.00385E+20	1000260560	1.00385E+20
1.81112E+03	1000260560	1.98367E+19	1000260560	1.98367E+19
8.43537E+03	1000260560	1.79428E+19	1000260560	1.79428E+19
6.12410E+03	1000260560	1.21383E+20	1000260560	1.21383E+20
7.13780E+03	1000260560	8.58278E+18	1000260560	8.58278E+18
5.07207E+03	1000260560	2.46731E+20	1000260560	2.46731E+20
4.82768E+03	1000260560	7.31605E+18	1000260560	7.31605E+18
6.83660E+02	1000260560	2.79849E+21	1000260560	2.79849E+21
3.81705E+03	1000260560	3.41714E+20	1000260560	3.41714E+20
2.56862E+03	1000260560	1.04767E+19	1000260560	1.04767E+19
5.86135E+03	1000260560	1.43473E+20	1000260560	1.43473E+20
8.37716E+02	1000260560	6.35159E+19	1000260560	6.35159E+19
6.00900E+03	1000260560	3.52594E+21	1000260560	3.52594E+21
1.75476E+03	1000260560	1.97783E+20	1000260560	1.97783E+20
1.63122E+03	1000260560	6.78720E+20	1000260560	6.78720E+20
4.77074E+03	1000260560	9.96723E+18	1000260560	9.96723E+18
9.56895E+03	1000260560	2.36571E+21	1000260560	2.36571E+21
3.59566E+03	1000260560	5.15967E+19	1000260560	5.15967E+19
1.72037E+03	1000260560	6.75844E+18	1000260560	6.75844E+18
6.57454E+03	1000260560	5.71161E+21	1000260560	5.71161E+21
2.25227E+02	1000260560	3.99747E+20	1000260560	3.99747E+20
2.46033E+03	1000260560	4.77201E+19	1000260560	4.77201E+19
3.66031E+03	1000260560	7.79075E+18	1000260560	7.79075E+18
2.88964E+03	1000260560	2.17680E+21	1000260560	2.17680E+21
3.21019E+03	1000260560	1.22660E+20	1000260560	1.22660E+20
9.76123E+03	1000260560	6.85583E+20	1000260560	6.85583E+20
1.79336E+03	1000260560	5.29638E+21	1000260560	5.29638E+21
4.06824E+03	1000260560	3.57557E+21	1000260560	3.57557E+21
3.62527E+03	1000260560	5.95586E+19	1000260560	5.95586E+19
2.06296E+03	1000260560	2.57496E+20	1000260560	2.57496E+20
8.55119E+03	1000260560	6.00632E+19	1000260560	6.00632E+19
4.14480E+03	1000260560	3.22797E+19	1000260560	3.22797E+19
5.61368E+03	1000260560	3.68900E+21	1000260560	3.68900E+21
2.65984E+02	1000260560	5.46209E+19	1000260560	5.46209E+19
3.29293E+02	1000260560	2.30366E+21	1000260560	2.30366E+21
2.09927E+03	1000260560	1.86524E+21	1000260560	1.86524E+21
2.21991E+03	1000260560	2.28315E+20	1000260560	2.28315E+20
8.29397E+02	1000260560	6.29567E+19	1000260560	6.29567E+19
2.06579E+03	1000260560	9.07107E+18	1000260560	9.07107E+18
1.94833E+02	1000260560	3.02793E+19	1000260560	3.02793E+19
1.27895E+03	1000260560	7.68535E+20	1000260560	7.68535E+20
9.57755E+03	1000260560	1.59139E+21	1000260560	1.59139E+21
3.34953E+03	1000260560	8.80450E+19	1000260560	8.80450E+19
9.55457E+02	1000260560	5.17395E+20	1000260560	5.17395E+20
2.45786E+03	1000260560	2.65748E+20	1000260560	2.65748E+20
5.97481E+03	1000260560	8.64845E+20	1000260560	8.64845E+20
1.29799E+03	1000260560	2.58801E+19	1000260560	2.58801E+19
5.32208E+03	1000260560	3.93719E+20	1000260560	3.93719E+20
4.52514E+03	1000260560	3.35311E+21	1000260560	3.35311E+21
1.40064E+03	1000260560	2.50130E+21	1000260560	2.50130E+21
2.63138E+03	1000260560	6.57184E+19	1000260560	6.57184E+19
1.23660E+03	1000260560	4.58981E+20	1000260560	4.58981E+20
2.46568E+03	1000260560	1.10167E+21	1000260560	1.10167E+21
8.60253E+02	1000260560	1.13223E+20	1000260560	1.13223E+20
7.21655E+02	1000260560	3.16655E+20	1000260560	3.16655E+20
4.87874E+03	1000260560	5.48283E+20	1000260560	5.48283E+20
4.28685E+03	1000260560	2.16980E+21	1000260560	2.16980E+21
4.92469E+03	1000260560	5.55917E+19	1000260560	5.55917E+19
2.64803E+03	1000260560	6.42437E+20	1000260560	6.42437E+20
6.06265E+03	1000260560	9.41451E+20	1000260560	9.41451E+20
2.57424E+03	1000260560	5.13256E+21	1000260560	5.13256E+21
2.47495E+03	1000260560	2.99412E+19	1000260560	2.99412E+19
5.74815E+03	1000260560	4.78565E+19	1000260560	4.78565E+19
4.00949E+03	1000260560	3.32642E+21	1000260560	3.32642E+21
1.96320E+03	1000260560	3.96016E+20	1000260560	3.96016E+20
3.48576E+03	1000260560	6.00845E+19	1000260560	6.00845E+19
5.83604E+03	1000260560	2.86271E+21	1000260560	2.86271E+21
1.66871E+03	1000260560	7.56133E+20	1000260560	7.56133E+20
1.35467E+03	1000260560	2.91111E+21	1000260560	2.91111E+21
8.93394E+03	1000260560	5.86700E+20	1000260560	5.86700E+20
2.70830E+03	1000260560	8.84902E+18	1000260560	8.84902E+18
8.03271E+03	1000260560	5.44140E+20	1000260560	5.44140E+20
6.10053E+03	1000260560	3.56576E+20	1000260560	3.56576E+20
8.75270E+03	1000260560	6.06933E+21	1000260560	6.06933E+21
2.07242E+03	1000260560	9.26960E+18	1000260560	9.26960E+18
5.90725E+03	1000260560	3.08295E+20	1000260560	3.08295E+20
5.20727E+03	1000260560	2.95038E+20	1000260560	2.95038E+20
1.29398E+03	1000260560	2.35400E+20	1000260560	2.35400E+20
3.47494E+03	1000260560	2.83156E+20	1000260560	2.83156E+20
3.59994E+03	1000260560	1.39061E+19	1000260560	1.39061E+19
3.72981E+03	1000260560	4.50137E+20	1000260560	4.50137E+20
1.97308E+03	1000260560	6.24120E+19	1000260560	6.24120E+19
4.17621E+03	1000260560	2.37799E+19	1000260560	2.37799E+19
2.32245E+03	1000260560	2.00824E+20	1000260560	2.00824E+20
2.18449E+03	1000260560	5.26628E+19	1000260560	5.26628E+19
5.38383E+02	1000260560	3.16751E+20	1000260560	3.16751E+20
4.56130E+03	1000260560	1.85550E+21	1000260560	1.85550E+21
9.58685E+02	1000260560	9.80788E+19	1000260560	9.80788E+19
1.97984E+03	1000260560	1.10081E+20	1000260560	1.10081E+20
8.46432E+03	1000260560	4.67676E+20	1000260560	4.67676E+20
7.72908E+03	1000260560	4.29028E+20	1000260560	4.29028E+20
9.44512E+03	1000260560	1.08139E+19	1000260560	1.08139E+19
1.03975E+02	1000260560	2.57884E+19	1000260560	2.57884E+19
1.84221E+03	1000260560	2.13922E+20	1000260560	2.13922E+20
5.93260E+03	1000260560	3.89180E+20	1000260560	3.89180E+20
3.74149E+03	1000260560	3.42845E+20	1000260560	3.42845E+20
3.37644E+03	1000260560	2.30181E+20	1000260560	2.30181E+20
6.53894E+03	1000260560	3.33641E+19	1000260560	3.33641E+19
2.39787E+03	1000260560	6.46586E+18	1000260560	6.46586E+18
4.85527E+02	1000260560	2.07046E+21	1000260560	2.07046E+21
3.16740E+03	1000260560	1.12731E+20	1000260560	1.12731E+20
5.41546E+03	1000260560	9.41463E+19	1000260560	9.41463E+19
7.10438E+03	1000260560	1.57156E+21	1000260560	1.57156E+21
2.29017E+03	1000260560	8.45503E+19	1000260560	8.45503E+19
4.07014E+03	1000260560	2.17668E+21	1000260560	2.17668E+21
7.74980E+02	1000260560	1.48275E+20	1000260560	1.48275E+20
5.29366E+03	1000260560	7.48393E+19	1000260560	7.48393E+19
3.35381E+02	1000260560	1.35144E+20	1000260560	1.35144E+20
3.45895E+03	1000260560	1.40279E+21	1000260560	1.40279E+21
1.25470E+03	1000260560	9.56251E+20	1000260560	9.56251E+20
1.28085E+02	1000260560	8.68558E+20	1000260560	8.68558E+20
2.99405E+03	1000260560	3.67317E+21	1000260560	3.67317E+21
1.78808E+03	1000260560	2.57778E+19	1000260560	2.57778E+19
4.35533E+03	1000260560	1.61277E+20	1000260560	1.61277E+20
3.26577E+03	1000260560	5.68372E+20	1000260560	5.68372E+20
1.41965E+03	1000260560	3.48096E+20	1000260560	3.48096E+20
4.45486E+03	1000260560	4.72638E+21	1000260560	4.72638E+21
4.62586E+03	1000260560	2.21091E+21	1000260560	2.21091E+21
5.47007E+02	1000260560	5.39805E+19	1000260560	5.39805E+19
1.10737E+03	1000260560	5.37472E+19	1000260560	5.37472E+19
3.04492E+03	1000260560	1.41380E+20	1000260560	1.41380E+20
2.44023E+03	1000260560	9.00555E+18	1000260560	9.00555E+18
2.60138E+03	1000260560	7.27874E+18	1000260560	7.27874E+18
4.13474E+03	1000260560	2.02122E+21	1000260560	2.02122E+21
6.63284E+03	1000260560	4.66556E+21	1000260560	4.66556E+21
5.54485E+03	1000260560	2.24745E+21	1000260560	2.24745E+21
7.97382E+02	1000260560	1.09878E+19	1000260560	1.09878E+19
5.45636E+03	1000260560	1.31113E+20	1000260560	1.31113E+20
5.62367E+03	1000260560	2.02854E+19	1000260560	2.02854E+19
1.76577E+02	1000260560	5.80116E+20	1000260560	5.80116E+20
4.62801E+02	1000260560	1.33153E+19	1000260560	1.33153E+19
3.75065E+03	1000260560	7.37062E+20	1000260560	7.37062E+20
4.41040E+03	1000260560	8.91804E+19	1000260560	8.91804E+19
1.36091E+03	1000260560	4.16666E+19	1000260560	4.16666E+19
2.84354E+03	1000260560	8.29175E+20	1000260560	8.29175E+20
2.84709E+03	1000260560	1.56631E+19	1000260560	1.56631E+19
2.90694E+03	1000260560	7.26204E+18	1000260560	7.26204E+18
1.55234E+03	1000260560	2.85790E+21	1000260560	2.85790E+21
4.26229E+03	1000260560	4.35931E+21	1000260560	4.35931E+21
1.64108E+03	1000260560	1.27069E+21	1000260560	1.27069E+21
9.70630E+02	1000260560	8.03603E+20	1000260560	8.03603E+20
1.51510E+03	1000260560	1.70379E+20	1000260560	1.70379E+20
5.06998E+03	1000260560	2.14808E+19	1000260560	2.14808E+19
2.34134E+03	1000260560	8.85846E+19	1000260560	8.85846E+19
2.84247E+03	1000260560	3.60130E+20	1000260560	3.60130E+20
8.53497E+02	1000260560	1.20949E+20	1000260560	1.20949E+20
1.82608E+03	1000260560	1.83022E+21	1000260560	1.83022E+21
2.09428E+03	1000260560	9.90001E+20	1000260560	9.90001E+20
6.75668E+02	1000260560	5.02193E+20	1000260560	5.02193E+20
3.49090E+03	1000260560	4.00891E+20	1000260560	4.00891E+20
2.34210E+03	1000260560	6.51459E+20	1000260560	6.51459E+20
3.76893E+03	1000260560	2.06626E+21	1000260560	2.06626E+21
3.95479E+03	1000260560	3.85940E+21	1000260560	3.85940E+21
6.08738E+03	1000260560	1.72159E+19	1000260560	1.72159E+19
2.02445E+03	1000260560	4.49440E+20	1000260560	4.49440E+20
7.34171E+03	1000260560	3.60811E+19	1000260560	3.60811E+19
4.86362E+02	1000260560	5.09251E+19	1000260560	5.09251E+19
6.46670E+03	1000260560	8.79268E+19	1000260560	8.79268E+19
7.12866E+03	1000260560	3.76899E+20	1000260560	3.76899E+20
7.12948E+03	1000260560	2.60251E+21	1000260560	2.60251E+21
4.54603E+03	1000260560	5.46865E+21	1000260560	5.46865E+21
5.62602E+02	1000260560	5.80412E+20	1000260560	5.80412E+20
5.51539E+03	1000260560	1.99027E+19	1000260560	1.99027E+19
5.74358E+03	1000260560	1.06142E+20	1000260560	1.06142E+20
9.16950E+02	1000260560	6.48410E+20	1000260560	6.48410E+20
6.49013E+03	1000260560	4.04410E+20	1000260560	4.04410E+20
1.84573E+03	1000260560	3.20918E+19	1000260560	3.20918E+19
4.21198E+03	1000260560	1.72322E+21	1000260560	1.72322E+21
1.32029E+03	1000260560	1.35551E+21	1000260560	1.35551E+21
8.50800E+02	1000260560	1.45625E+20	1000260560	1.45625E+20
1.84828E+03	1000260560	3.43242E+21	1000260560	3.43242E+21
7.19799E+03	1000260560	2.40972E+19	1000260560	2.40972E+19
2.25250E+03	1000260560	8.60715E+18	1000260560	8.60715E+18
4.26569E+03	1000260560	6.07197E+21	1000260560	6.07197E+21
6.38883E+03	1000260560	3.02839E+21	1000260560	3.02839E+21
2.43079E+03	1000260560	1.11834E+19	1000260560	1.11834E+19
2.02076E+03	1000260560	8.89270E+20	1000260560	8.89270E+20
2.73946E+03	1000260560	8.88996E+19	1000260560	8.88996E+19
1.10803E+03	1000260560	9.62949E+19	1000260560	9.62949E+19
1.38765E+03	1000260560	3.87511E+21	1000260560	3.87511E+21
5.23084E+03	1000260560	7.37162E+20	1000260560	7.37162E+20
9.70063E+02	1000260560	3.44921E+21	1000260560	3.44921E+21
7.08493E+02	1000260560	8.84489E+20	1000260560	8.84489E+20
4.15083E+03	1000260560	2.89739E+19	1000260560	2.89739E+19
4.59567E+03	1000260560	2.08509E+21	1000260560	2.08509E+21
5.71724E+03	1000260560	4.04222E+19	1000260560	4.04222E+19
1.96239E+02	1000260560	1.22595E+20	1000260560	1.22595E+20
3.09303E+03	1000260560	4.02400E+19	1000260560	4.02400E+19
1.91293E+03	1000260560	1.39880E+21	1000260560	1.39880E+21
1.73460E+03	1000260560	5.20198E+19	1000260560	5.20198E+19
5.77853E+03	1000260560	6.64771E+19	1000260560	6.64771E+19
3.74699E+03	1000260560	1.95926E+21	1000260560	1.95926E+21
2.28907E+03	1000260560	1.59834E+20	1000260560	1.59834E+20
1.88997E+03	1000260560	5.07809E+21	1000260560	5.07809E+21
6.84419E+03	1000260560	1.02510E+20	1000260560	1.02510E+20
6.94823E+02	1000260560	2.01277E+21	1000260560	2.01277E+21
4.54015E+02	1000260560	3.43582E+21	1000260560	3.43582E+21
2.56073E+03	1000260560	7.98738E+18	1000260560	7.98738E+18
4.25616E+03	1000260560	2.33554E+21	1000260560	2.33554E+21
1.44566E+03	1000260560	1.53810E+20	1000260560	1.53810E+20
5.39891E+03	1000260560	2.13160E+19	1000260560	2.13160E+19
6.94723E+03	1000260560	3.42016E+20	1000260560	3.42016E+20
1.32820E+03	1000260560	1.25970E+21	1000260560	1.25970E+21
1.86114E+03	1000260560	1.37487E+21	1000260560	1.37487E+21
4.24444E+03	1000260560	1.12312E+21	1000260560	1.12312E+21
5.51520E+03	1000260560	6.64803E+18	1000260560	6.64803E+18
1.66891E+03	1000260560	2.04141E+20	1000260560	2.04141E+20
4.07060E+02	1000260560	2.71300E+19	1000260560	2.71300E+19
3.08734E+03	1000260560	1.91314E+21	1000260560	1.91314E+21
1.59672E+03	1000260560	4.01150E+21	1000260560	4.01150E+21
2.27696E+03	1000260560	2.85553E+19	1000260560	2.85553E+19
3.35453E+02	1000260560	4.08502E+20	1000260560	4.08502E+20
8.76968E+03	1000260560	8.11910E+18	1000260560	8.11910E+18
3.02098E+03	1000260560	5.05360E+21	1000260560	5.05360E+21
3.72258E+03	1000260560	6.97236E+19	1000260560	6.97236E+19
3.62289E+03	1000260560	8.05999E+18	1000260560	8.05999E+18
4.77071E+03	1000260560	8.16788E+18	1000260560	8.16788E+18
7.08024E+03	1000260560	9.93661E+18	1000260560	9.93661E+18
4.14628E+03	1000260560	2.32864E+20	1000260560	2.32864E+20
3.00618E+03	1000260560	2.52823E+19	1000260560	2.52823E+19
6.50491E+02	1000260560	1.01056E+21	1000260560	1.01056E+21
5.07732E+03	1000260560	2.91501E+20	1000260560	2.91501E+20
7.50662E+03	1000260560	1.26812E+20	1000260560	1.26812E+20
1.58730E+03	1000260560	5.63446E+20	1000260560	5.63446E+20
3.58104E+02	1000260560	1.50832E+21	1000260560	1.50832E+21
3.28246E+03	1000260560	1.56334E+21	1000260560	1.56334E+21
4.85304E+03	1000260560	3.77238E+21	1000260560	3.77238E+21
8.29993E+02	1000260560	1.50532E+20	1000260560	1.50532E+20
3.53654E+03	1000260560	1.63276E+19	1000260560	1.63276E+19
6.00799E+02	1000260560	2.32575E+20	1000260560	2.32575E+20
3.68099E+03	1000260560	3.06620E+20	1000260560	3.06620E+20
1.81882E+03	1000260560	1.08913E+20	1000260560	1.08913E+20
1.28274E+03	1000260560	1.84302E+20	1000260560	1.84302E+20
1.78808E+03	1000260560	7.90138E+18	1000260560	7.90138E+18
4.79229E+03	1000260560	2.74262E+19	1000260560	2.74262E+19
2.22268E+03	1000260560	2.23406E+21	1000260560	2.23406E+21
9.60680E+03	1000260560	8.94234E+19	1000260560	8.94234E+19
7.59916E+02	1000260560	5.10020E+20	1000260560	5.10020E+20
2.44408E+02	1000260560	1.09850E+19	1000260560	1.09850E+19
4.97350E+03	1000260560	5.55336E+20	1000260560	5.55336E+20
1.44792E+03	1000260560	1.27780E+20	1000260560	1.27780E+20
6.81031E+02	1000260560	7.10438E+18	1000260560	7.10438E+18
1.99774E+03	1000260560	7.91322E+20	1000260560	7.91322E+20
6.34940E+03	1000260560	2.19222E+20	1000260560	2.19222E+20
2.75742E+03	1000260560	2.35916E+20	1000260560	2.35916E+20
6.35633E+03	1000260560	6.12552E+19	1000260560	6.12552E+19
4.70391E+03	1000260560	1.52143E+21	1000260560	1.52143E+21
2.01176E+03	1000260560	2.81310E+20	1000260560	2.81310E+20
2.67863E+03	1000260560	1.97415E+20	1000260560	1.97415E+20
6.97158E+03	1000260560	1.55911E+20	1000260560	1.55911E+20
4.87536E+03	1000260560	4.63089E+20	1000260560	4.63089E+20
7.76737E+02	1000260560	2.52815E+21	1000260560	2.52815E+21
6.48728E+03	1000260560	7.20027E+19	1000260560	7.20027E+19
2.43412E+02	1000260560	4.94715E+21	1000260560	4.94715E+21
5.93805E+03	1000260560	2.87357E+20	1000260560	2.87357E+20
7.98489E+03	1000260560	3.42002E+19	1000260560	3.42002E+19
8.51134E+03	1000260560	1.37207E+21	1000260560	1.37207E+21
7.88509E+02	1000260560	1.22829E+21	1000260560	1.22829E+21
3.09571E+03	1000260560	3.05753E+20	1000260560	3.05753E+20
6.75150E+03	1000260560	2.82627E+19	1000260560	2.82627E+19
3.09309E+03	1000260560	1.54801E+19	1000260560	1.54801E+19
2.54249E+03	1000260560	1.84500E+19	1000260560	1.84500E+19
2.70844E+02	1000260560	3.54373E+20	1000260560	3.54373E+20
6.67834E+03	1000260560	1.06280E+21	1000260560	1.06280E+21
3.29420E+03	1000260560	7.09594E+19	1000260560	7.09594E+19
4.36120E+03	1000260560	4.94822E+20	1000260560	4.94822E+20
6.40873E+03	1000260560	4.73213E+19	1000260560	4.73213E+19
4.91747E+03	1000260560	2.40689E+21	1000260560	2.40689E+21
5.34692E+03	1000260560	3.15485E+21	1000260560	3.15485E+21
6.90368E+03	1000260560	8.68322E+18	1000260560	8.68322E+18
1.99297E+03	1000260560	3.77727E+19	1000260560	3.77727E+19
2.89068E+03	1000260560	1.43031E+19	1000260560	1.43031E+19
