#	D	ID	E	ID0	E0
#
# D             Trajectory length [1 Mpc]
# ID/ID0/ID1    Particle type (PDG MC numbering scheme)
# E/E0/E1       Energy [1 EeV]
# no index = current, 0 = at source, 1 = at point of creation
#
# CRPropa version: -128-NOTFOUND
#
5.77192E+00	1000260560	6.97594E+02	1000260560	6.97671E+02
8.57901E+00	1000260560	1.40168E+04	1000260560	1.40174E+04
3.24337E+00	1000260560	3.06856E+02	1000260560	3.06879E+02
9.90468E+00	1000260560	1.37429E+02	1000260560	1.37463E+02
3.50221E+00	1000260560	5.99754E+01	1000260560	5.99799E+01
6.58780E+00	1000260560	2.61212E+01	1000260560	2.61235E+01
8.73351E+00	1000260560	8.50634E+01	1000260560	8.50810E+01
7.50848E+00	1000260560	6.46754E+00	1000260560	6.46765E+00
2.85485E+00	1000260560	2.76182E+02	1000260560	2.76201E+02
7.24880E+00	1000260560	4.32462E+00	1000260560	4.32466E+00
3.55161E+00	1000260560	1.99543E+04	1000260560	1.99546E+04
6.53558E+00	1000260560	1.67966E+01	1000260560	1.67976E+01
7.94412E+00	1000260560	1.77317E+03	1000260560	1.77337E+03
2.21806E+00	1000260560	8.41947E+01	1000260560	8.41991E+01
1.14703E+00	1000260560	4.50487E+02	1000260560	4.50498E+02
4.84720E+00	1000260560	1.31806E+02	1000260560	1.31822E+02
1.08237E+00	1000260560	2.27634E+01	1000260560	2.27637E+01
4.34839E+00	1000260560	1.52279E+02	1000260560	1.52296E+02
2.44207E+00	1000260560	2.19849E+04	1000260560	2.19851E+04
4.62392E-01	1000260560	2.14360E+02	1000260560	2.14363E+02
2.36844E+00	1000260560	2.09647E+00	1000260560	2.09647E+00
3.75844E+00	1000260560	2.34286E+04	1000260560	2.34289E+04
9.64583E+00	1000260560	6.92693E+01	1000260560	6.92843E+01
7.55486E+00	1000260560	1.36935E+01	1000260560	1.36942E+01
3.69231E+00	1000260560	2.11736E+03	1000260560	2.11746E+03
3.75530E+00	1000260560	9.16592E+02	1000260560	9.16652E+02
2.15953E+00	1000260560	5.77952E+01	1000260560	5.77979E+01
9.44488E+00	1000260560	3.17323E+00	1000260560	3.17325E+00
3.63136E+00	1000260560	3.48822E+00	1000260560	3.48823E+00
9.45905E+00	1000260560	1.68382E+00	1000260560	1.68383E+00
6.85957E+00	1000260560	3.10249E+01	1000260560	3.10281E+01
8.17437E+00	1000260560	2.54185E+03	1000260560	2.54209E+03
6.81201E+00	1000260560	1.01312E+00	1000260560	1.01312E+00
2.67712E+00	1000260560	6.52570E+02	1000260560	6.52604E+02
1.52879E+00	1000260560	2.67564E+00	1000260560	2.67565E+00
4.18307E+00	1000260560	9.55368E+00	1000260560	9.55386E+00
5.87110E+00	1000260560	5.27849E+02	1000260560	5.27913E+02
5.41388E+00	1000260560	7.68417E+01	1000260560	7.68513E+01
8.45424E+00	1000260560	3.97883E+00	1000260560	3.97887E+00
8.20660E+00	1000260560	1.88476E+01	1000260560	1.88492E+01
1.85492E+00	1000260560	4.13112E+01	1000260560	4.13126E+01
4.09421E+00	1000260560	1.72646E+02	1000260560	1.72664E+02
7.60010E+00	1000260560	1.40688E+04	1000260560	1.40693E+04
3.96129E+00	1000260560	4.12355E+03	1000260560	4.12370E+03
9.42276E+00	1000260560	7.89163E+03	1000260560	7.89212E+03
2.56223E+00	1000260560	2.81116E+00	1000260560	2.81116E+00
3.78632E+00	1000260560	4.71078E+00	1000260560	4.71080E+00
4.02282E+00	1000260560	1.12697E+01	1000260560	1.12699E+01
3.87094E+00	1000260560	6.57149E+00	1000260560	6.57155E+00
7.47300E+00	1000260560	9.65826E+00	1000260560	9.65858E+00
8.21748E+00	1000260560	1.53436E+04	1000260560	1.53442E+04
9.79300E+00	1000260560	7.25959E+01	1000260560	7.26121E+01
8.07704E+00	1000260560	2.67396E+03	1000260560	2.67420E+03
3.62143E+00	1000260560	3.98266E+01	1000260560	3.98292E+01
8.98142E+00	1000260560	7.37675E+03	1000260560	7.37720E+03
5.98480E+00	1000260560	2.89085E+03	1000260560	2.89104E+03
1.38441E+00	1000260560	1.37647E+00	1000260560	1.37647E+00
8.03558E+00	1000260560	3.37136E+02	1000260560	3.37198E+02
5.43166E+00	1000260560	1.17601E+04	1000260560	1.17605E+04
2.66932E+00	1000260560	2.57216E+00	1000260560	2.57216E+00
1.11402E+00	1000260560	4.03306E+03	1000260560	4.03310E+03
1.92870E+00	1000260560	2.17727E+01	1000260560	2.17732E+01
5.93553E+00	1000260560	4.57633E+00	1000260560	4.57637E+00
7.67248E+00	1000260560	1.11712E+01	1000260560	1.11716E+01
7.21523E+00	1000260560	1.30570E+00	1000260560	1.30570E+00
6.62389E+00	1000260560	1.06562E+03	1000260560	1.06573E+03
5.76295E+00	1000260560	1.66642E+02	1000260560	1.66665E+02
9.61949E+00	1000260560	3.74565E+03	1000260560	3.74600E+03
3.70895E+00	1000260560	1.80923E+01	1000260560	1.80930E+01
7.13687E+00	1000260560	5.97076E+00	1000260560	5.97085E+00
5.28688E+00	1000260560	5.99151E+02	1000260560	5.99215E+02
9.41290E+00	1000260560	1.11264E+04	1000260560	1.11270E+04
8.77963E+00	1000260560	8.33084E+00	1000260560	8.33109E+00
3.94163E+00	1000260560	7.86178E+03	1000260560	7.86198E+03
5.66326E+00	1000260560	3.35101E+01	1000260560	3.35132E+01
2.31009E+00	1000260560	9.89254E+00	1000260560	9.89264E+00
2.09543E+00	1000260560	1.20016E+04	1000260560	1.20017E+04
2.57235E+00	1000260560	8.99449E+00	1000260560	8.99458E+00
3.07191E+00	1000260560	3.30979E+03	1000260560	3.30990E+03
8.77236E+00	1000260560	4.97896E+03	1000260560	4.97933E+03
4.83677E-01	1000260560	8.48819E+02	1000260560	8.48826E+02
8.83169E+00	1000260560	2.57579E+01	1000260560	2.57610E+01
7.52423E+00	1000260560	4.10807E+00	1000260560	4.10811E+00
9.44684E+00	1000260560	9.29608E+01	1000260560	9.29819E+01
4.17095E+00	1000260560	3.34649E+00	1000260560	3.34650E+00
5.46622E+00	1000260560	1.66292E+04	1000260560	1.66296E+04
4.55231E+00	1000260560	1.14302E+00	1000260560	1.14302E+00
6.78257E+00	1000260560	1.29770E+03	1000260560	1.29783E+03
7.82957E+00	1000260560	7.16041E+00	1000260560	7.16056E+00
2.51638E+00	1000260560	3.29726E+00	1000260560	3.29727E+00
9.65061E+00	1000260560	4.58819E+01	1000260560	4.58904E+01
3.50198E+00	1000260560	2.31014E+02	1000260560	2.31034E+02
7.97774E+00	1000260560	1.14531E+03	1000260560	1.14546E+03
9.39253E+00	1000260560	5.60564E+02	1000260560	5.60671E+02
6.38234E+00	1000260560	5.88991E+01	1000260560	5.89071E+01
9.37211E+00	1000260560	1.27689E+00	1000260560	1.27690E+00
5.33431E+00	1000260560	7.00838E+03	1000260560	7.00864E+03
3.87592E+00	1000260560	4.02884E+02	1000260560	4.02919E+02
6.61612E-01	1000260560	8.20148E+01	1000260560	8.20161E+01
5.55539E+00	1000260560	2.69820E+02	1000260560	2.69856E+02
7.30166E+00	1000260560	1.35350E+03	1000260560	1.35366E+03
6.81580E+00	1000260560	7.02185E+02	1000260560	7.02277E+02
8.82725E+00	1000260560	8.53564E+02	1000260560	8.53699E+02
6.72588E+00	1000260560	4.03987E+01	1000260560	4.04036E+01
6.78803E+00	1000260560	2.88704E+00	1000260560	2.88706E+00
9.10728E+00	1000260560	2.60936E+03	1000260560	2.60963E+03
9.33137E+00	1000260560	3.10627E+00	1000260560	3.10629E+00
3.72763E+00	1000260560	1.18792E+03	1000260560	1.18799E+03
5.12182E+00	1000260560	1.35414E+01	1000260560	1.35418E+01
4.11929E+00	1000260560	2.54036E+03	1000260560	2.54048E+03
8.39953E+00	1000260560	1.70360E+00	1000260560	1.70361E+00
5.61884E+00	1000260560	8.38341E+00	1000260560	8.38358E+00
4.26658E+00	1000260560	1.97968E+01	1000260560	1.97977E+01
3.51941E-01	1000260560	3.41754E+02	1000260560	3.41757E+02
2.39132E+00	1000260560	2.51820E+02	1000260560	2.51834E+02
3.27214E+00	1000260560	3.09163E+01	1000260560	3.09179E+01
2.94113E+00	1000260560	5.60781E+01	1000260560	5.60816E+01
4.35409E+00	1000260560	5.22522E+01	1000260560	5.22569E+01
3.82405E-01	1000260560	1.20696E+04	1000260560	1.20696E+04
5.15411E+00	1000260560	5.52627E+02	1000260560	5.52686E+02
5.89773E+00	1000260560	1.49499E+02	1000260560	1.49521E+02
3.01504E+00	1000260560	8.27254E+00	1000260560	8.27263E+00
1.24633E-01	1000260560	2.68655E+01	1000260560	2.68656E+01
9.93770E+00	1000260560	4.30439E+02	1000260560	4.30533E+02
2.94756E+00	1000260560	1.51015E+01	1000260560	1.51019E+01
9.88375E+00	1000260560	4.97803E+03	1000260560	4.97845E+03
9.85467E+00	1000260560	1.87329E+03	1000260560	1.87354E+03
8.66973E+00	1000260560	2.01381E+01	1000260560	2.01399E+01
4.50171E+00	1000260560	9.26344E+00	1000260560	9.26361E+00
7.42348E+00	1000260560	3.08178E+03	1000260560	3.08202E+03
5.20502E+00	1000260560	3.97818E+00	1000260560	3.97820E+00
3.24877E+00	1000260560	1.43203E+03	1000260560	1.43210E+03
3.68851E+00	1000260560	1.82083E+04	1000260560	1.82085E+04
8.38579E+00	1000260560	7.66640E+01	1000260560	7.66788E+01
2.40139E+00	1000260560	1.07232E+03	1000260560	1.07237E+03
7.55865E+00	1000260560	9.48141E+00	1000260560	9.48172E+00
9.32775E+00	1000260560	2.21277E+02	1000260560	2.21328E+02
2.17686E+00	1000260560	2.77296E+00	1000260560	2.77297E+00
9.88890E+00	1000260560	1.19212E+01	1000260560	1.19219E+01
9.84342E+00	1000260560	6.92157E+00	1000260560	6.92175E+00
3.81912E+00	1000260560	5.98860E+02	1000260560	5.98906E+02
4.69392E+00	1000260560	2.01988E+01	1000260560	2.01998E+01
4.38635E+00	1000260560	6.67210E+00	1000260560	6.67217E+00
3.55380E+00	1000260560	3.12023E+02	1000260560	3.12049E+02
3.68190E+00	1000260560	2.73022E+02	1000260560	2.73046E+02
1.93176E+00	1000260560	1.15702E+04	1000260560	1.15703E+04
7.84638E+00	1000260560	4.98315E+01	1000260560	4.98394E+01
4.07211E+00	1000260560	1.44656E+02	1000260560	1.44670E+02
8.23382E+00	1000260560	2.57398E+02	1000260560	2.57450E+02
3.40910E-01	1000260560	4.95122E+03	1000260560	4.95124E+03
7.11670E+00	1000260560	2.39935E+00	1000260560	2.39936E+00
5.06085E+00	1000260560	1.92488E+00	1000260560	1.92489E+00
6.69384E+00	1000260560	1.05074E+04	1000260560	1.05078E+04
1.90992E+00	1000260560	1.31230E+02	1000260560	1.31237E+02
8.37273E+00	1000260560	1.28405E+03	1000260560	1.28422E+03
2.43906E+00	1000260560	3.01257E+02	1000260560	3.01274E+02
5.56093E+00	1000260560	3.08373E+01	1000260560	3.08400E+01
2.84644E+00	1000260560	1.02949E+01	1000260560	1.02951E+01
1.17553E+00	1000260560	5.17516E+01	1000260560	5.17528E+01
1.00919E+00	1000260560	9.30543E+00	1000260560	9.30547E+00
4.76843E-01	1000260560	7.42083E+00	1000260560	7.42084E+00
9.28216E+00	1000260560	5.55395E+01	1000260560	5.55503E+01
9.81791E+00	1000260560	6.88380E+00	1000260560	6.88397E+00
5.55208E-01	1000260560	8.41134E+00	1000260560	8.41135E+00
6.25677E+00	1000260560	3.06408E+00	1000260560	3.06410E+00
5.74292E+00	1000260560	1.21349E+01	1000260560	1.21353E+01
4.62437E+00	1000260560	1.02227E+04	1000260560	1.02230E+04
9.98334E+00	1000260560	4.81058E+03	1000260560	4.81099E+03
2.31046E+00	1000260560	3.49624E+02	1000260560	3.49642E+02
7.09983E+00	1000260560	2.90662E+01	1000260560	2.90692E+01
9.89687E-02	1000260560	4.83171E+00	1000260560	4.83171E+00
2.70608E+00	1000260560	1.84003E+03	1000260560	1.84009E+03
4.96106E+00	1000260560	3.10848E+02	1000260560	3.10884E+02
8.99895E+00	1000260560	6.94311E+01	1000260560	6.94451E+01
9.58169E+00	1000260560	2.07882E+02	1000260560	2.07931E+02
8.46188E+00	1000260560	2.19167E+03	1000260560	2.19191E+03
2.58369E+00	1000260560	1.59078E+04	1000260560	1.59080E+04
9.43403E+00	1000260560	2.75066E+03	1000260560	2.75095E+03
1.17578E+00	1000260560	6.94678E+00	1000260560	6.94680E+00
2.54186E+00	1000260560	2.51542E+00	1000260560	2.51542E+00
5.29060E+00	1000260560	8.65165E+03	1000260560	8.65194E+03
9.92860E+00	1000260560	4.04464E+02	1000260560	4.04553E+02
6.05769E+00	1000260560	8.84884E+02	1000260560	8.84980E+02
8.23065E+00	1000260560	9.29218E+00	1000260560	9.29250E+00
2.92854E+00	1000260560	1.48391E+01	1000260560	1.48394E+01
9.79369E+00	1000260560	3.64597E+02	1000260560	3.64678E+02
3.71804E+00	1000260560	1.44290E+02	1000260560	1.44303E+02
5.51687E+00	1000260560	1.88401E+00	1000260560	1.88401E+00
3.57005E+00	1000260560	5.33901E+01	1000260560	5.33940E+01
6.24037E+00	1000260560	1.25942E+02	1000260560	1.25961E+02
2.59440E+00	1000260560	1.06936E+03	1000260560	1.06941E+03
3.55839E+00	1000260560	2.56488E+02	1000260560	2.56510E+02
3.32977E+00	1000260560	1.00553E+01	1000260560	1.00554E+01
8.52953E+00	1000260560	9.31832E+03	1000260560	9.31880E+03
5.74472E+00	1000260560	1.03199E+00	1000260560	1.03199E+00
7.89785E+00	1000260560	2.70641E+00	1000260560	2.70642E+00
7.09326E+00	1000260560	4.95191E+01	1000260560	4.95261E+01
3.59303E-01	1000260560	5.08262E+00	1000260560	5.08262E+00
1.81422E+00	1000260560	1.76606E+03	1000260560	1.76611E+03
8.17466E+00	1000260560	6.38698E+03	1000260560	6.38737E+03
4.41725E+00	1000260560	3.60555E+00	1000260560	3.60556E+00
1.32421E+00	1000260560	1.84922E+01	1000260560	1.84924E+01
4.65952E+00	1000260560	6.63857E+02	1000260560	6.63918E+02
9.22541E+00	1000260560	1.29588E+04	1000260560	1.29595E+04
4.99842E+00	1000260560	3.59772E+01	1000260560	3.59803E+01
3.32211E+00	1000260560	4.60311E+02	1000260560	4.60344E+02
8.60162E+00	1000260560	2.27699E+03	1000260560	2.27723E+03
8.01940E+00	1000260560	1.85308E+03	1000260560	1.85328E+03
7.48455E+00	1000260560	1.88504E+02	1000260560	1.88539E+02
5.90881E+00	1000260560	2.11579E+04	1000260560	2.11584E+04
9.47794E+00	1000260560	3.68156E+00	1000260560	3.68159E+00
8.38827E+00	1000260560	4.40309E+02	1000260560	4.40389E+02
6.83926E+00	1000260560	1.00387E+00	1000260560	1.00387E+00
7.83674E-01	1000260560	1.37878E+02	1000260560	1.37881E+02
6.69627E+00	1000260560	6.99109E+02	1000260560	6.99200E+02
1.91791E+00	1000260560	6.73252E+00	1000260560	6.73255E+00
9.35785E+00	1000260560	2.78551E+02	1000260560	2.78613E+02
7.04461E+00	1000260560	1.41314E+02	1000260560	1.41339E+02
3.63954E+00	1000260560	1.00937E+03	1000260560	1.00944E+03
2.14972E+00	1000260560	4.13344E+02	1000260560	4.13363E+02
9.21538E+00	1000260560	1.28090E+02	1000260560	1.28119E+02
2.44755E+00	1000260560	1.16569E+01	1000260560	1.16571E+01
8.16700E+00	1000260560	1.29322E+01	1000260560	1.29328E+01
7.75980E+00	1000260560	1.00621E+00	1000260560	1.00621E+00
2.79896E+00	1000260560	1.74000E+00	1000260560	1.74000E+00
3.50959E+00	1000260560	3.50326E+02	1000260560	3.50354E+02
4.35446E+00	1000260560	3.38506E+00	1000260560	3.38507E+00
4.53708E+00	1000260560	1.62839E+02	1000260560	1.62857E+02
1.54600E+00	1000260560	7.76651E+02	1000260560	7.76673E+02
6.12153E+00	1000260560	1.65211E+02	1000260560	1.65236E+02
6.82712E+00	1000260560	9.71514E+00	1000260560	9.71543E+00
2.82902E+00	1000260560	5.55520E+03	1000260560	5.55532E+03
9.20605E+00	1000260560	2.26654E+00	1000260560	2.26655E+00
9.37808E+00	1000260560	4.75532E+01	1000260560	4.75620E+01
1.05189E+00	1000260560	1.30907E+03	1000260560	1.30909E+03
9.34580E+00	1000260560	4.49933E+01	1000260560	4.50013E+01
2.39130E+00	1000260560	6.13081E+03	1000260560	6.13092E+03
7.63442E+00	1000260560	1.09190E+02	1000260560	1.09210E+02
9.32678E+00	1000260560	1.23147E+00	1000260560	1.23148E+00
8.34352E+00	1000260560	6.91462E+03	1000260560	6.91503E+03
9.02767E+00	1000260560	4.83128E+03	1000260560	4.83165E+03
9.46187E+00	1000260560	1.73220E+01	1000260560	1.73235E+01
4.81721E-01	1000260560	1.36729E+00	1000260560	1.36729E+00
7.91871E+00	1000260560	1.40562E+00	1000260560	1.40563E+00
6.89371E+00	1000260560	9.03721E+01	1000260560	9.03870E+01
9.11048E-01	1000260560	8.32498E+01	1000260560	8.32516E+01
6.74698E+00	1000260560	7.83550E+03	1000260560	7.83585E+03
9.48346E+00	1000260560	2.67599E+01	1000260560	2.67635E+01
4.86326E+00	1000260560	1.01345E+03	1000260560	1.01353E+03
4.67307E+00	1000260560	2.32448E+00	1000260560	2.32449E+00
8.07552E+00	1000260560	1.84048E+04	1000260560	1.84054E+04
4.50061E+00	1000260560	1.54924E+02	1000260560	1.54942E+02
7.18116E+00	1000260560	1.57741E+04	1000260560	1.57746E+04
1.22198E+00	1000260560	6.99215E+01	1000260560	6.99234E+01
3.87669E+00	1000260560	1.04085E+00	1000260560	1.04085E+00
8.08488E+00	1000260560	2.69093E+01	1000260560	2.69123E+01
6.84212E+00	1000260560	9.93594E+03	1000260560	9.93634E+03
5.23036E+00	1000260560	2.20075E+03	1000260560	2.20089E+03
6.90519E+00	1000260560	1.89470E+00	1000260560	1.89471E+00
2.65384E+00	1000260560	1.12060E+03	1000260560	1.12065E+03
1.47087E+00	1000260560	2.53939E+04	1000260560	2.53940E+04
3.49136E+00	1000260560	2.15141E+03	1000260560	2.15151E+03
1.55991E+00	1000260560	7.80987E+03	1000260560	7.80995E+03
2.52113E+00	1000260560	8.32461E+03	1000260560	8.32475E+03
3.19826E+00	1000260560	5.01601E+00	1000260560	5.01604E+00
3.27532E+00	1000260560	9.54316E+02	1000260560	9.54371E+02
2.10970E+00	1000260560	2.74604E+00	1000260560	2.74604E+00
2.18625E+00	1000260560	4.57605E+01	1000260560	4.57624E+01
9.92725E+00	1000260560	4.06438E+02	1000260560	4.06528E+02
1.99343E+00	1000260560	2.23926E+01	1000260560	2.23932E+01
9.26677E+00	1000260560	1.96895E+00	1000260560	1.96896E+00
9.29949E+00	1000260560	5.60228E+00	1000260560	5.60238E+00
2.78884E+00	1000260560	8.60138E+03	1000260560	8.60153E+03
1.62865E+00	1000260560	2.51133E+01	1000260560	2.51139E+01
2.51344E+00	1000260560	3.69473E+00	1000260560	3.69474E+00
6.93368E+00	1000260560	1.00330E+01	1000260560	1.00333E+01
6.34525E+00	1000260560	9.56551E+03	1000260560	9.56587E+03
8.89283E+00	1000260560	8.19754E+00	1000260560	8.19779E+00
7.65931E+00	1000260560	7.03554E+03	1000260560	7.03592E+03
2.65865E+00	1000260560	4.95522E+00	1000260560	4.95524E+00
5.70769E+00	1000260560	8.15770E+01	1000260560	8.15879E+01
7.22735E+00	1000260560	1.20045E+03	1000260560	1.20059E+03
2.32599E+00	1000260560	3.82215E+03	1000260560	3.82223E+03
7.42865E-01	1000260560	7.45866E+01	1000260560	7.45878E+01
7.21883E+00	1000260560	1.24014E+03	1000260560	1.24028E+03
6.77558E+00	1000260560	1.08278E+04	1000260560	1.08282E+04
8.11714E+00	1000260560	3.41962E+02	1000260560	3.42026E+02
1.61303E+00	1000260560	1.00197E+02	1000260560	1.00201E+02
8.25975E+00	1000260560	7.24586E+03	1000260560	7.24627E+03
6.66027E+00	1000260560	1.02554E+01	1000260560	1.02557E+01
9.71863E+00	1000260560	2.02653E+04	1000260560	2.02661E+04
6.21626E+00	1000260560	3.75036E+02	1000260560	3.75089E+02
1.58170E+00	1000260560	8.20458E+01	1000260560	8.20488E+01
4.39009E-01	1000260560	9.26251E+03	1000260560	9.26253E+03
1.23281E+00	1000260560	1.74720E+01	1000260560	1.74722E+01
2.45048E+00	1000260560	1.59866E+04	1000260560	1.59868E+04
4.92124E+00	1000260560	7.47684E+02	1000260560	7.47753E+02
7.23078E+00	1000260560	1.40060E+02	1000260560	1.40085E+02
2.58108E+00	1000260560	4.43619E+00	1000260560	4.43621E+00
5.17099E+00	1000260560	1.49217E+04	1000260560	1.49221E+04
3.84656E+00	1000260560	1.28305E+00	1000260560	1.28305E+00
3.86033E-01	1000260560	8.74281E+02	1000260560	8.74287E+02
1.93421E-01	1000260560	1.14546E+00	1000260560	1.14546E+00
3.76572E+00	1000260560	1.35298E+02	1000260560	1.35310E+02
5.14145E+00	1000260560	7.35031E+02	1000260560	7.35102E+02
8.48691E-01	1000260560	2.20270E+00	1000260560	2.20270E+00
6.79461E+00	1000260560	1.79187E+04	1000260560	1.79192E+04
2.75317E+00	1000260560	1.33573E+01	1000260560	1.33576E+01
5.65470E+00	1000260560	4.05489E+02	1000260560	4.05540E+02
6.08529E+00	1000260560	2.38089E+03	1000260560	2.38106E+03
8.73268E+00	1000260560	2.37403E+00	1000260560	2.37404E+00
4.48058E+00	1000260560	4.72410E+00	1000260560	4.72413E+00
5.16022E+00	1000260560	1.60917E+00	1000260560	1.60917E+00
9.64512E-01	1000260560	9.60511E+03	1000260560	9.60517E+03
5.52879E+00	1000260560	2.00704E+02	1000260560	2.00732E+02
7.75951E-01	1000260560	4.18658E+03	1000260560	4.18661E+03
6.26833E+00	1000260560	1.05507E+01	1000260560	1.05510E+01
4.21402E+00	1000260560	2.82476E+01	1000260560	2.82493E+01
5.23186E+00	1000260560	7.45134E+01	1000260560	7.45224E+01
6.06194E+00	1000260560	6.95732E+00	1000260560	6.95743E+00
4.40168E+00	1000260560	3.37661E+02	1000260560	3.37695E+02
8.72141E+00	1000260560	2.98988E+01	1000260560	2.99028E+01
8.00945E+00	1000260560	1.20044E+02	1000260560	1.20067E+02
4.09647E+00	1000260560	6.20951E+00	1000260560	6.20957E+00
7.02661E+00	1000260560	1.29217E+04	1000260560	1.29221E+04
3.84141E+00	1000260560	4.96421E+02	1000260560	4.96461E+02
5.41040E+00	1000260560	2.65238E+00	1000260560	2.65239E+00
8.48780E+00	1000260560	9.60255E+01	1000260560	9.60451E+01
1.90047E-02	1000260560	1.19437E+02	1000260560	1.19437E+02
2.09535E+00	1000260560	5.33574E+02	1000260560	5.33597E+02
1.57369E+00	1000260560	1.68891E+04	1000260560	1.68892E+04
1.40816E+00	1000260560	1.81010E+01	1000260560	1.81012E+01
2.59099E+00	1000260560	9.02727E+00	1000260560	9.02737E+00
2.12724E+00	1000260560	1.78909E+00	1000260560	1.78909E+00
8.54720E+00	1000260560	1.42219E+04	1000260560	1.42225E+04
1.98388E+00	1000260560	9.76610E+03	1000260560	9.76621E+03
6.83064E+00	1000260560	6.01413E+01	1000260560	6.01501E+01
4.35863E+00	1000260560	1.20099E+02	1000260560	1.20112E+02
1.35488E+00	1000260560	5.27553E+01	1000260560	5.27568E+01
9.86506E+00	1000260560	1.38556E+01	1000260560	1.38566E+01
6.17412E+00	1000260560	8.17776E+02	1000260560	8.17868E+02
8.31470E-01	1000260560	2.04448E+04	1000260560	2.04448E+04
3.41243E+00	1000260560	9.06770E+01	1000260560	9.06844E+01
7.22388E+00	1000260560	1.45420E+02	1000260560	1.45446E+02
8.16997E+00	1000260560	2.45538E+01	1000260560	2.45564E+01
1.77820E+00	1000260560	2.61036E+00	1000260560	2.61036E+00
5.72887E+00	1000260560	1.21242E+04	1000260560	1.21245E+04
3.79811E+00	1000260560	1.63797E+00	1000260560	1.63797E+00
1.47693E+00	1000260560	7.65085E+02	1000260560	7.65106E+02
5.99593E+00	1000260560	2.98013E+02	1000260560	2.98055E+02
9.06114E+00	1000260560	3.01730E+00	1000260560	3.01732E+00
2.45468E+00	1000260560	3.27495E+02	1000260560	3.27514E+02
1.25550E+00	1000260560	3.85525E+02	1000260560	3.85536E+02
3.67304E-01	1000260560	1.60311E+00	1000260560	1.60311E+00
5.90755E+00	1000260560	4.09672E+03	1000260560	4.09695E+03
3.41309E+00	1000260560	5.39809E+02	1000260560	5.39847E+02
3.02544E+00	1000260560	4.86842E+01	1000260560	4.86872E+01
6.41334E+00	1000260560	1.20320E+01	1000260560	1.20325E+01
1.61332E+00	1000260560	7.60031E+01	1000260560	7.60059E+01
9.98746E-01	1000260560	8.73323E+00	1000260560	8.73326E+00
2.96705E+00	1000260560	2.35620E+03	1000260560	2.35629E+03
8.86603E+00	1000260560	1.34532E+02	1000260560	1.34561E+02
3.86887E+00	1000260560	1.92974E+02	1000260560	1.92992E+02
4.83159E+00	1000260560	7.63154E+03	1000260560	7.63179E+03
9.34865E+00	1000260560	4.38117E+02	1000260560	4.38207E+02
7.17179E+00	1000260560	9.19694E+02	1000260560	9.19810E+02
4.71074E+00	1000260560	3.57701E+00	1000260560	3.57703E+00
5.06099E+00	1000260560	3.93297E+03	1000260560	3.93316E+03
7.96005E+00	1000260560	5.41379E+00	1000260560	5.41386E+00
2.59472E+00	1000260560	1.16370E+00	1000260560	1.16370E+00
3.69392E+00	1000260560	3.58435E+00	1000260560	3.58436E+00
5.44702E+00	1000260560	7.62519E+00	1000260560	7.62531E+00
6.16818E+00	1000260560	2.51457E+04	1000260560	2.51462E+04
2.82191E+00	1000260560	1.43203E+01	1000260560	1.43206E+01
7.33426E+00	1000260560	3.40606E+02	1000260560	3.40664E+02
3.84320E+00	1000260560	7.34152E+02	1000260560	7.34205E+02
5.48574E+00	1000260560	1.81652E+04	1000260560	1.81656E+04
8.71662E-01	1000260560	1.12770E+00	1000260560	1.12770E+00
3.34787E+00	1000260560	4.76584E+00	1000260560	4.76586E+00
6.84258E+00	1000260560	6.40108E+00	1000260560	6.40118E+00
1.91291E+00	1000260560	6.94622E+02	1000260560	6.94648E+02
2.63231E+00	1000260560	9.92779E+01	1000260560	9.92842E+01
9.49142E+00	1000260560	4.83338E+02	1000260560	4.83436E+02
9.22476E+00	1000260560	3.91079E+03	1000260560	3.91113E+03
6.97115E+00	1000260560	6.53054E+01	1000260560	6.53154E+01
6.56657E-01	1000260560	1.02554E+02	1000260560	1.02556E+02
7.13241E+00	1000260560	1.91655E+00	1000260560	1.91656E+00
8.97770E+00	1000260560	1.36386E+00	1000260560	1.36386E+00
6.48129E+00	1000260560	5.88571E+03	1000260560	5.88601E+03
7.95382E+00	1000260560	1.14656E+02	1000260560	1.14679E+02
9.72487E+00	1000260560	4.80728E+02	1000260560	4.80828E+02
9.15509E+00	1000260560	1.09525E+01	1000260560	1.09530E+01
4.81424E+00	1000260560	2.24891E+01	1000260560	2.24904E+01
5.41705E+00	1000260560	7.74610E+01	1000260560	7.74707E+01
2.27655E+00	1000260560	1.96610E+01	1000260560	1.96614E+01
8.66818E+00	1000260560	6.87763E+03	1000260560	6.87806E+03
9.22291E+00	1000260560	1.94693E+00	1000260560	1.94693E+00
3.63015E+00	1000260560	3.00681E+01	1000260560	3.00697E+01
4.55435E+00	1000260560	2.45932E+00	1000260560	2.45932E+00
1.43054E+00	1000260560	1.46162E+04	1000260560	1.46163E+04
3.22904E+00	1000260560	6.52307E+02	1000260560	6.52349E+02
8.21997E+00	1000260560	2.30840E+02	1000260560	2.30887E+02
2.55483E+00	1000260560	3.25878E+02	1000260560	3.25897E+02
5.53160E+00	1000260560	4.43636E+03	1000260560	4.43658E+03
3.51459E+00	1000260560	1.44007E+04	1000260560	1.44009E+04
1.55280E+00	1000260560	2.18677E+02	1000260560	2.18685E+02
4.13962E+00	1000260560	1.14344E+00	1000260560	1.14344E+00
2.74137E-01	1000260560	2.56931E+03	1000260560	2.56932E+03
5.92541E+00	1000260560	1.08463E+04	1000260560	1.08467E+04
7.98917E+00	1000260560	9.33602E+01	1000260560	9.33781E+01
6.04416E+00	1000260560	1.71913E+00	1000260560	1.71913E+00
4.41223E+00	1000260560	9.29182E+03	1000260560	9.29207E+03
2.90497E-01	1000260560	8.58435E+00	1000260560	8.58436E+00
7.76148E+00	1000260560	5.80394E+02	1000260560	5.80485E+02
8.06904E+00	1000260560	9.82593E+00	1000260560	9.82628E+00
5.44315E+00	1000260560	3.41064E+01	1000260560	3.41095E+01
5.18964E+00	1000260560	1.24765E+03	1000260560	1.24776E+03
9.03766E-01	1000260560	1.65768E+01	1000260560	1.65769E+01
3.51558E+00	1000260560	2.13158E+02	1000260560	2.13176E+02
8.67325E+00	1000260560	5.52754E+03	1000260560	5.52792E+03
2.55700E+00	1000260560	7.34797E+00	1000260560	7.34802E+00
6.31517E-01	1000260560	1.78429E+02	1000260560	1.78432E+02
9.39547E-01	1000260560	2.91390E+00	1000260560	2.91390E+00
4.60006E-01	1000260560	1.44175E+02	1000260560	1.44177E+02
6.23582E-03	1000260560	3.31081E+03	1000260560	3.31081E+03
4.26190E+00	1000260560	1.18758E+04	1000260560	1.18760E+04
4.29479E+00	1000260560	3.27490E+00	1000260560	3.27491E+00
5.64362E+00	1000260560	2.86093E+00	1000260560	2.86094E+00
3.02318E+00	1000260560	4.79374E+00	1000260560	4.79377E+00
2.29948E+00	1000260560	4.26822E+02	1000260560	4.26844E+02
1.30819E+00	1000260560	1.24308E+01	1000260560	1.24309E+01
9.84521E+00	1000260560	3.48554E+01	1000260560	3.48611E+01
8.87556E+00	1000260560	4.38060E+01	1000260560	4.38133E+01
4.63161E-01	1000260560	2.48183E+02	1000260560	2.48186E+02
2.67613E+00	1000260560	2.51729E+04	1000260560	2.51731E+04
8.64873E+00	1000260560	9.38443E+01	1000260560	9.38638E+01
4.78344E+00	1000260560	1.70999E+00	1000260560	1.70999E+00
7.92160E-02	1000260560	2.32312E+01	1000260560	2.32312E+01
3.30651E+00	1000260560	2.71774E+00	1000260560	2.71775E+00
9.25776E-01	1000260560	1.24005E+00	1000260560	1.24005E+00
3.93479E+00	1000260560	6.65000E+01	1000260560	6.65058E+01
4.56585E+00	1000260560	2.02893E+02	1000260560	2.02916E+02
5.92438E+00	1000260560	6.65780E+02	1000260560	6.65857E+02
9.12856E+00	1000260560	6.03263E+02	1000260560	6.03373E+02
5.95875E+00	1000260560	1.27275E+04	1000260560	1.27279E+04
2.29707E+00	1000260560	1.51576E+02	1000260560	1.51585E+02
1.13296E+00	1000260560	1.05514E+02	1000260560	1.05517E+02
1.42299E+00	1000260560	3.98591E+02	1000260560	3.98604E+02
5.82138E+00	1000260560	6.79543E+02	1000260560	6.79619E+02
6.93565E+00	1000260560	2.23802E+04	1000260560	2.23807E+04
5.52854E+00	1000260560	5.29049E+00	1000260560	5.29053E+00
5.29902E-01	1000260560	2.04971E+04	1000260560	2.04972E+04
3.73644E+00	1000260560	1.70556E+01	1000260560	1.70561E+01
4.81012E+00	1000260560	1.74422E+04	1000260560	1.74425E+04
5.77865E+00	1000260560	1.14272E+01	1000260560	1.14276E+01
4.22864E+00	1000260560	2.17949E+04	1000260560	2.17952E+04
1.06281E+00	1000260560	3.04189E+03	1000260560	3.04193E+03
1.67493E+00	1000260560	8.29872E+01	1000260560	8.29905E+01
6.82603E+00	1000260560	8.80164E+02	1000260560	8.80271E+02
9.61609E+00	1000260560	1.17193E+02	1000260560	1.17221E+02
6.58896E-02	1000260560	7.39665E+03	1000260560	7.39665E+03
1.15839E+00	1000260560	5.33963E+03	1000260560	5.33968E+03
9.75972E+00	1000260560	3.98891E+00	1000260560	3.98895E+00
5.37336E+00	1000260560	2.19605E+00	1000260560	2.19606E+00
4.86685E+00	1000260560	8.80950E+00	1000260560	8.80967E+00
1.36364E+00	1000260560	4.06995E+03	1000260560	4.07000E+03
5.75731E+00	1000260560	1.82023E+03	1000260560	1.82037E+03
2.97616E+00	1000260560	2.49790E+04	1000260560	2.49792E+04
2.53140E+00	1000260560	6.90174E+02	1000260560	6.90208E+02
9.62062E+00	1000260560	5.69205E+03	1000260560	5.69248E+03
9.34793E+00	1000260560	3.42955E+00	1000260560	3.42957E+00
7.41899E+00	1000260560	5.99151E+02	1000260560	5.99240E+02
1.97122E+00	1000260560	1.16113E+01	1000260560	1.16115E+01
8.24970E+00	1000260560	6.33004E+01	1000260560	6.33118E+01
1.09114E+00	1000260560	4.54462E+01	1000260560	4.54471E+01
8.44411E+00	1000260560	1.92656E+04	1000260560	1.92662E+04
8.95358E+00	1000260560	1.98979E+01	1000260560	1.98998E+01
2.24719E+00	1000260560	1.70040E+01	1000260560	1.70043E+01
7.74766E+00	1000260560	1.39510E+03	1000260560	1.39526E+03
9.85887E+00	1000260560	2.96243E+01	1000260560	2.96287E+01
5.83088E+00	1000260560	1.91611E+04	1000260560	1.91615E+04
4.70080E-02	1000260560	7.08999E+02	1000260560	7.09000E+02
5.41622E+00	1000260560	3.22599E+01	1000260560	3.22627E+01
3.83188E-01	1000260560	1.76453E+01	1000260560	1.76453E+01
5.29558E+00	1000260560	2.92856E+01	1000260560	2.92879E+01
3.47037E-01	1000260560	4.18989E+02	1000260560	4.18992E+02
2.30438E+00	1000260560	1.08004E+00	1000260560	1.08004E+00
8.70511E+00	1000260560	1.67185E+04	1000260560	1.67192E+04
8.92322E+00	1000260560	1.00234E+02	1000260560	1.00256E+02
2.75329E+00	1000260560	4.00313E+00	1000260560	4.00314E+00
4.32978E+00	1000260560	1.67066E+03	1000260560	1.67076E+03
5.08125E-01	1000260560	4.62093E+02	1000260560	4.62098E+02
3.15479E+00	1000260560	1.02660E+04	1000260560	1.02661E+04
7.30374E+00	1000260560	2.97366E+03	1000260560	2.97389E+03
9.87470E+00	1000260560	9.13379E+00	1000260560	9.13415E+00
9.86926E+00	1000260560	2.61155E+00	1000260560	2.61156E+00
6.05232E+00	1000260560	3.53900E+02	1000260560	3.53949E+02
1.83975E+00	1000260560	3.56943E+01	1000260560	3.56954E+01
6.49810E+00	1000260560	1.67961E+04	1000260560	1.67966E+04
9.35969E+00	1000260560	6.57164E+03	1000260560	6.57209E+03
5.03818E+00	1000260560	2.49601E+02	1000260560	2.49632E+02
1.14512E+00	1000260560	9.60628E+02	1000260560	9.60647E+02
4.84927E-01	1000260560	6.87801E+03	1000260560	6.87803E+03
5.26360E+00	1000260560	1.35571E+04	1000260560	1.35575E+04
2.93057E+00	1000260560	3.57247E+02	1000260560	3.57271E+02
7.24100E+00	1000260560	8.66656E+02	1000260560	8.66769E+02
2.36664E+00	1000260560	3.76395E+00	1000260560	3.76396E+00
6.79760E+00	1000260560	1.83567E+01	1000260560	1.83579E+01
8.35875E+00	1000260560	4.37620E+03	1000260560	4.37653E+03
6.47348E+00	1000260560	2.36642E+01	1000260560	2.36661E+01
1.70639E+00	1000260560	5.28045E+00	1000260560	5.28047E+00
5.98497E-01	1000260560	1.34354E+03	1000260560	1.34356E+03
2.88977E+00	1000260560	2.42922E+00	1000260560	2.42923E+00
2.19326E+00	1000260560	2.63554E+00	1000260560	2.63554E+00
4.98916E+00	1000260560	4.55725E+02	1000260560	4.55774E+02
6.63017E+00	1000260560	4.65613E+03	1000260560	4.65640E+03
9.23501E+00	1000260560	3.10391E+03	1000260560	3.10421E+03
6.40077E+00	1000260560	1.01745E+04	1000260560	1.01749E+04
1.07238E-01	1000260560	5.49344E+00	1000260560	5.49344E+00
5.46905E+00	1000260560	5.34004E+03	1000260560	5.34028E+03
6.59088E+00	1000260560	2.21760E+03	1000260560	2.21778E+03
2.12372E-01	1000260560	1.45642E+01	1000260560	1.45643E+01
6.89712E+00	1000260560	2.18034E+00	1000260560	2.18035E+00
1.88522E-01	1000260560	3.20026E+02	1000260560	3.20028E+02
3.33748E+00	1000260560	7.68924E+02	1000260560	7.68972E+02
1.89089E+00	1000260560	1.89415E+03	1000260560	1.89419E+03
2.37712E+00	1000260560	1.28721E+00	1000260560	1.28721E+00
1.32738E+00	1000260560	1.18537E+03	1000260560	1.18540E+03
1.38765E+00	1000260560	4.59382E+02	1000260560	4.59396E+02
9.74783E-01	1000260560	3.59528E+00	1000260560	3.59528E+00
4.04140E-01	1000260560	7.84745E+02	1000260560	7.84751E+02
2.66620E+00	1000260560	4.41475E+01	1000260560	4.41497E+01
4.60526E+00	1000260560	1.72701E+02	1000260560	1.72720E+02
8.30131E+00	1000260560	1.11863E+01	1000260560	1.11868E+01
6.12855E+00	1000260560	9.11699E+00	1000260560	9.11721E+00
9.81310E+00	1000260560	1.06119E+00	1000260560	1.06120E+00
2.13676E+00	1000260560	1.81210E+00	1000260560	1.81210E+00
5.67813E+00	1000260560	2.48654E+04	1000260560	2.48659E+04
3.61057E+00	1000260560	1.98565E+00	1000260560	1.98566E+00
3.12199E+00	1000260560	1.12554E+00	1000260560	1.12555E+00
2.66390E+00	1000260560	2.10474E+04	1000260560	2.10476E+04
6.47596E-01	1000260560	1.10273E+03	1000260560	1.10274E+03
5.11074E+00	1000260560	1.73400E+00	1000260560	1.73400E+00
4.27451E+00	1000260560	2.95245E+03	1000260560	2.95259E+03
3.86458E+00	1000260560	3.00638E+03	1000260560	3.00650E+03
2.46303E+00	1000260560	1.65256E+00	1000260560	1.65257E+00
1.44070E+00	1000260560	4.93331E+00	1000260560	4.93332E+00
4.39306E+00	1000260560	2.46109E+02	1000260560	2.46135E+02
1.83759E+00	1000260560	1.40585E+03	1000260560	1.40589E+03
1.38598E+00	1000260560	2.26828E+01	1000260560	2.26832E+01
7.49597E+00	1000260560	1.60571E+01	1000260560	1.60581E+01
8.28529E+00	1000260560	2.82437E+03	1000260560	2.82463E+03
1.91586E+00	1000260560	7.19812E+01	1000260560	7.19843E+01
8.31547E-01	1000260560	3.31647E+02	1000260560	3.31653E+02
6.23709E+00	1000260560	4.48411E+00	1000260560	4.48414E+00
6.08793E+00	1000260560	1.07979E+01	1000260560	1.07982E+01
1.04119E+00	1000260560	2.95098E+03	1000260560	2.95101E+03
2.70475E+00	1000260560	1.00623E+01	1000260560	1.00624E+01
1.38670E+00	1000260560	1.84068E+00	1000260560	1.84068E+00
5.12267E+00	1000260560	1.16976E+02	1000260560	1.16991E+02
1.33202E+00	1000260560	8.43502E+03	1000260560	8.43509E+03
8.23124E+00	1000260560	1.39582E+02	1000260560	1.39610E+02
5.36250E+00	1000260560	1.08824E+00	1000260560	1.08824E+00
7.74222E+00	1000260560	1.08772E+02	1000260560	1.08792E+02
8.53438E+00	1000260560	1.74131E+00	1000260560	1.74131E+00
9.39608E+00	1000260560	5.00083E+03	1000260560	5.00123E+03
9.77915E+00	1000260560	9.77856E+03	1000260560	9.77913E+03
7.42806E+00	1000260560	2.19459E+01	1000260560	2.19478E+01
9.76353E+00	1000260560	5.54616E+00	1000260560	5.54626E+00
3.90650E+00	1000260560	1.03095E+01	1000260560	1.03097E+01
8.36989E+00	1000260560	1.78734E+00	1000260560	1.78735E+00
9.22857E+00	1000260560	2.59141E+01	1000260560	2.59173E+01
4.53376E+00	1000260560	3.23656E+00	1000260560	3.23658E+00
6.60934E+00	1000260560	2.36099E+00	1000260560	2.36100E+00
1.90959E+00	1000260560	1.02803E+04	1000260560	1.02804E+04
4.11817E+00	1000260560	4.14627E+02	1000260560	4.14665E+02
5.71715E+00	1000260560	3.18080E+00	1000260560	3.18081E+00
9.33148E+00	1000260560	4.03312E+02	1000260560	4.03396E+02
8.17904E+00	1000260560	6.04161E+02	1000260560	6.04260E+02
9.63951E+00	1000260560	4.84062E+03	1000260560	4.84102E+03
2.51145E+00	1000260560	1.47393E+00	1000260560	1.47393E+00
7.50457E+00	1000260560	1.62601E+03	1000260560	1.62619E+03
2.07931E+00	1000260560	1.22758E+00	1000260560	1.22758E+00
4.19096E+00	1000260560	1.07960E+02	1000260560	1.07971E+02
2.85215E+00	1000260560	6.12757E+01	1000260560	6.12795E+01
9.24675E+00	1000260560	1.57605E+03	1000260560	1.57626E+03
8.32260E+00	1000260560	4.96441E+03	1000260560	4.96476E+03
6.44927E-01	1000260560	1.62705E+03	1000260560	1.62707E+03
6.14174E+00	1000260560	4.63574E+00	1000260560	4.63578E+00
5.40882E+00	1000260560	3.14837E+03	1000260560	3.14855E+03
8.15117E+00	1000260560	4.18016E+01	1000260560	4.18079E+01
8.09271E-01	1000260560	7.67003E+01	1000260560	7.67017E+01
2.50913E+00	1000260560	1.50359E+00	1000260560	1.50359E+00
2.96186E+00	1000260560	3.93713E+03	1000260560	3.93725E+03
6.59327E+00	1000260560	1.58388E+03	1000260560	1.58403E+03
5.84010E+00	1000260560	6.80094E+01	1000260560	6.80183E+01
3.27368E+00	1000260560	1.43182E+00	1000260560	1.43182E+00
9.34802E+00	1000260560	6.65854E+02	1000260560	6.65976E+02
3.56422E+00	1000260560	4.21675E+00	1000260560	4.21677E+00
8.75021E+00	1000260560	3.05046E+01	1000260560	3.05087E+01
4.89604E+00	1000260560	4.55190E+02	1000260560	4.55238E+02
2.24609E+00	1000260560	2.14862E+03	1000260560	2.14868E+03
3.53460E+00	1000260560	1.80848E+04	1000260560	1.80851E+04
8.81671E+00	1000260560	2.51005E+03	1000260560	2.51031E+03
2.52137E+00	1000260560	2.48579E+04	1000260560	2.48581E+04
9.53211E+00	1000260560	8.84182E+01	1000260560	8.84382E+01
3.27358E+00	1000260560	2.89746E+02	1000260560	2.89769E+02
5.12552E+00	1000260560	1.23729E+02	1000260560	1.23745E+02
1.45390E+00	1000260560	1.01204E+00	1000260560	1.01204E+00
6.87664E+00	1000260560	6.69720E+02	1000260560	6.69809E+02
4.83339E-02	1000260560	3.02152E+01	1000260560	3.02152E+01
4.87386E+00	1000260560	3.62741E+01	1000260560	3.62771E+01
1.07625E+00	1000260560	6.14558E+03	1000260560	6.14563E+03
6.76219E+00	1000260560	1.95400E+01	1000260560	1.95414E+01
2.42996E+00	1000260560	4.82843E+01	1000260560	4.82866E+01
1.53823E+00	1000260560	9.88378E+01	1000260560	9.88415E+01
6.76930E+00	1000260560	2.50557E+04	1000260560	2.50563E+04
5.23407E+00	1000260560	3.49698E+01	1000260560	3.49729E+01
6.54152E+00	1000260560	1.85603E+00	1000260560	1.85603E+00
4.74569E+00	1000260560	4.36681E+01	1000260560	4.36720E+01
1.91494E+00	1000260560	5.19703E+01	1000260560	5.19723E+01
2.45488E+00	1000260560	1.55769E+03	1000260560	1.55775E+03
8.94392E+00	1000260560	5.28262E+02	1000260560	5.28361E+02
5.23278E+00	1000260560	6.78052E+02	1000260560	6.78121E+02
8.77916E+00	1000260560	4.05061E+03	1000260560	4.05094E+03
9.98384E+00	1000260560	7.95090E+03	1000260560	7.95142E+03
6.66141E+00	1000260560	9.10454E+01	1000260560	9.10599E+01
4.63231E+00	1000260560	1.98477E+02	1000260560	1.98500E+02
8.23634E+00	1000260560	1.45913E+04	1000260560	1.45919E+04
4.54334E+00	1000260560	4.23797E+03	1000260560	4.23815E+03
5.82907E+00	1000260560	3.70257E+00	1000260560	3.70259E+00
3.73303E+00	1000260560	7.21957E+01	1000260560	7.22018E+01
8.71595E+00	1000260560	3.18963E+01	1000260560	3.19007E+01
5.53663E+00	1000260560	2.06183E+02	1000260560	2.06211E+02
9.09951E+00	1000260560	2.17277E+01	1000260560	2.17300E+01
2.58693E+00	1000260560	1.02204E+02	1000260560	1.02211E+02
2.30138E-03	1000260560	1.05797E+04	1000260560	1.05797E+04
4.46239E+00	1000260560	1.31648E+00	1000260560	1.31649E+00
4.06024E+00	1000260560	1.15363E+03	1000260560	1.15370E+03
8.99996E+00	1000260560	1.46644E+03	1000260560	1.46663E+03
4.52198E+00	1000260560	2.81780E+01	1000260560	2.81798E+01
1.46809E-01	1000260560	9.45860E+03	1000260560	9.45861E+03
8.41064E+00	1000260560	1.56720E+02	1000260560	1.56753E+02
1.90755E+00	1000260560	7.12738E+01	1000260560	7.12769E+01
4.89991E+00	1000260560	2.53558E+04	1000260560	2.53563E+04
7.63863E+00	1000260560	1.45688E+02	1000260560	1.45716E+02
3.24452E+00	1000260560	1.14610E+01	1000260560	1.14612E+01
9.43464E-01	1000260560	2.28661E+03	1000260560	2.28664E+03
4.84002E+00	1000260560	1.86722E+02	1000260560	1.86745E+02
2.72068E+00	1000260560	1.00241E+03	1000260560	1.00246E+03
3.88554E+00	1000260560	4.09743E+01	1000260560	4.09772E+01
4.61390E+00	1000260560	1.70176E+03	1000260560	1.70187E+03
7.65954E+00	1000260560	4.78202E+02	1000260560	4.78280E+02
3.48860E+00	1000260560	4.76153E+03	1000260560	4.76167E+03
2.99058E+00	1000260560	1.96401E+01	1000260560	1.96407E+01
7.47362E+00	1000260560	7.41633E+03	1000260560	7.41671E+03
9.66323E+00	1000260560	1.10551E+04	1000260560	1.10557E+04
1.30824E+00	1000260560	2.68278E+01	1000260560	2.68283E+01
7.22361E+00	1000260560	7.23101E+02	1000260560	7.23200E+02
6.17080E+00	1000260560	4.15960E+02	1000260560	4.16016E+02
7.44822E+00	1000260560	8.60208E+02	1000260560	8.60323E+02
9.67264E-01	1000260560	3.02256E+01	1000260560	3.02260E+01
2.15909E+00	1000260560	2.76057E+01	1000260560	2.76066E+01
9.84181E+00	1000260560	1.10416E+04	1000260560	1.10422E+04
2.61820E+00	1000260560	7.20802E+02	1000260560	7.20838E+02
8.03671E+00	1000260560	1.63521E+01	1000260560	1.63532E+01
3.92733E+00	1000260560	1.64807E+01	1000260560	1.64813E+01
8.85816E+00	1000260560	1.90552E+04	1000260560	1.90559E+04
4.74396E+00	1000260560	1.39989E+02	1000260560	1.40005E+02
3.50523E+00	1000260560	1.04450E+01	1000260560	1.04452E+01
7.43745E+00	1000260560	8.88835E+01	1000260560	8.88992E+01
9.20226E+00	1000260560	1.24035E+03	1000260560	1.24053E+03
2.31193E-01	1000260560	2.63604E+00	1000260560	2.63604E+00
7.41193E+00	1000260560	3.57549E+00	1000260560	3.57551E+00
4.45750E+00	1000260560	3.41492E+00	1000260560	3.41493E+00
8.45537E+00	1000260560	4.51634E+03	1000260560	4.51668E+03
7.89964E+00	1000260560	4.09562E+01	1000260560	4.09621E+01
9.04774E+00	1000260560	4.18454E+03	1000260560	4.18489E+03
5.72056E+00	1000260560	5.39426E+00	1000260560	5.39431E+00
3.44601E+00	1000260560	1.34493E+01	1000260560	1.34496E+01
1.20729E+00	1000260560	1.47943E+00	1000260560	1.47943E+00
9.32101E-01	1000260560	1.46333E+02	1000260560	1.46336E+02
5.03977E+00	1000260560	9.73838E+00	1000260560	9.73859E+00
2.38265E+00	1000260560	1.60068E+03	1000260560	1.60074E+03
3.82353E+00	1000260560	1.97590E+02	1000260560	1.97609E+02
4.10568E+00	1000260560	1.87202E+03	1000260560	1.87212E+03
4.86600E+00	1000260560	4.63317E+01	1000260560	4.63361E+01
4.51122E+00	1000260560	9.03290E+01	1000260560	9.03387E+01
1.05407E+00	1000260560	9.83814E+02	1000260560	9.83832E+02
6.26820E+00	1000260560	1.72050E+03	1000260560	1.72065E+03
7.17546E-01	1000260560	2.80502E+01	1000260560	2.80504E+01
7.21383E+00	1000260560	1.33874E+00	1000260560	1.33874E+00
8.57329E+00	1000260560	2.41819E+00	1000260560	2.41820E+00
4.89312E+00	1000260560	1.90404E+00	1000260560	1.90405E+00
2.18893E+00	1000260560	2.34451E+01	1000260560	2.34457E+01
3.45141E-01	1000260560	9.23845E+03	1000260560	9.23847E+03
4.22322E+00	1000260560	2.93584E+01	1000260560	2.93603E+01
8.95626E+00	1000260560	1.83564E+02	1000260560	1.83604E+02
4.45520E+00	1000260560	1.32544E+02	1000260560	1.32559E+02
2.61901E-01	1000260560	4.21416E+00	1000260560	4.21416E+00
6.23489E+00	1000260560	8.45887E+03	1000260560	8.45921E+03
6.11432E+00	1000260560	1.08689E+00	1000260560	1.08690E+00
1.29539E+00	1000260560	8.90321E+00	1000260560	8.90325E+00
6.10076E+00	1000260560	2.17129E+04	1000260560	2.17134E+04
7.82201E+00	1000260560	4.67606E+03	1000260560	4.67637E+03
8.12901E+00	1000260560	7.67831E+02	1000260560	7.67947E+02
2.25567E+00	1000260560	2.41389E+02	1000260560	2.41402E+02
1.76823E-01	1000260560	4.93963E+03	1000260560	4.93964E+03
1.08009E-01	1000260560	5.22159E+00	1000260560	5.22159E+00
3.30049E+00	1000260560	8.65471E+01	1000260560	8.65538E+01
4.02013E+00	1000260560	6.08841E+00	1000260560	6.08846E+00
3.04836E+00	1000260560	9.76018E+02	1000260560	9.76070E+02
9.29824E+00	1000260560	1.39455E+04	1000260560	1.39461E+04
4.66998E+00	1000260560	3.98960E+01	1000260560	3.98994E+01
8.42657E+00	1000260560	1.40370E+03	1000260560	1.40388E+03
7.35282E+00	1000260560	4.44540E+00	1000260560	4.44544E+00
2.28487E+00	1000260560	1.52890E+02	1000260560	1.52899E+02
5.77685E+00	1000260560	7.17146E+03	1000260560	7.17175E+03
3.88369E+00	1000260560	6.22520E+00	1000260560	6.22525E+00
7.66845E+00	1000260560	1.89733E+02	1000260560	1.89769E+02
4.52375E+00	1000260560	3.06339E+00	1000260560	3.06340E+00
2.81764E+00	1000260560	5.09439E+00	1000260560	5.09441E+00
9.71853E+00	1000260560	4.27532E+01	1000260560	4.27609E+01
6.10382E+00	1000260560	1.14777E+04	1000260560	1.14781E+04
7.50951E-01	1000260560	3.27055E+02	1000260560	3.27061E+02
1.81480E+00	1000260560	5.12136E+03	1000260560	5.12144E+03
5.89151E+00	1000260560	1.01523E+01	1000260560	1.01526E+01
6.72874E+00	1000260560	1.01967E+02	1000260560	1.01983E+02
8.63670E+00	1000260560	1.80096E+03	1000260560	1.80117E+03
8.56273E+00	1000260560	1.50427E+00	1000260560	1.50428E+00
1.39716E+00	1000260560	2.40162E+00	1000260560	2.40162E+00
9.89235E+00	1000260560	2.78376E+00	1000260560	2.78378E+00
5.85202E+00	1000260560	2.06043E+01	1000260560	2.06056E+01
5.97967E+00	1000260560	2.17781E+00	1000260560	2.17782E+00
7.09365E+00	1000260560	7.53547E+02	1000260560	7.53647E+02
5.41355E+00	1000260560	4.30110E+03	1000260560	4.30132E+03
9.15164E+00	1000260560	1.47571E+02	1000260560	1.47604E+02
4.17691E+00	1000260560	2.02278E+03	1000260560	2.02289E+03
4.48751E+00	1000260560	6.09456E+03	1000260560	6.09477E+03
9.16569E-01	1000260560	5.39600E+01	1000260560	5.39611E+01
6.49110E+00	1000260560	7.30320E+02	1000260560	7.30410E+02
3.40035E+00	1000260560	2.23256E+00	1000260560	2.23256E+00
8.96275E+00	1000260560	1.11263E+00	1000260560	1.11263E+00
4.15479E+00	1000260560	2.14039E+01	1000260560	2.14049E+01
4.29545E+00	1000260560	1.01650E+02	1000260560	1.01660E+02
5.03859E+00	1000260560	3.48997E+03	1000260560	3.49014E+03
3.37466E+00	1000260560	1.41902E+03	1000260560	1.41909E+03
6.95470E+00	1000260560	2.24048E+02	1000260560	2.24086E+02
7.89806E+00	1000260560	1.55606E+01	1000260560	1.55616E+01
3.72264E+00	1000260560	2.21765E+03	1000260560	2.21775E+03
2.30662E+00	1000260560	4.44248E+03	1000260560	4.44257E+03
6.74901E+00	1000260560	7.76193E+02	1000260560	7.76290E+02
9.61220E+00	1000260560	3.69218E+03	1000260560	3.69253E+03
1.96418E+00	1000260560	4.64627E+03	1000260560	4.64635E+03
3.60318E+00	1000260560	1.70835E+03	1000260560	1.70844E+03
9.49892E+00	1000260560	2.54751E+00	1000260560	2.54753E+00
5.57160E+00	1000260560	2.49523E+02	1000260560	2.49556E+02
1.33971E-01	1000260560	3.42267E+03	1000260560	3.42268E+03
4.89737E-01	1000260560	1.49889E+01	1000260560	1.49890E+01
1.86894E+00	1000260560	1.22284E+01	1000260560	1.22285E+01
1.87607E+00	1000260560	3.97985E+03	1000260560	3.97992E+03
3.78035E+00	1000260560	1.30804E+03	1000260560	1.30812E+03
1.28292E+00	1000260560	3.30671E+02	1000260560	3.30680E+02
5.70694E+00	1000260560	2.57520E+00	1000260560	2.57521E+00
7.65097E+00	1000260560	1.12190E+04	1000260560	1.12195E+04
4.69585E+00	1000260560	6.55745E+01	1000260560	6.55813E+01
5.01791E+00	1000260560	4.14365E+03	1000260560	4.14384E+03
1.89466E+00	1000260560	2.13291E+03	1000260560	2.13296E+03
1.42066E+00	1000260560	2.86346E+01	1000260560	2.86352E+01
4.34123E+00	1000260560	1.13110E+00	1000260560	1.13110E+00
5.57274E+00	1000260560	1.37960E+02	1000260560	1.37980E+02
4.65030E+00	1000260560	3.52774E+00	1000260560	3.52776E+00
9.32419E+00	1000260560	1.38289E+01	1000260560	1.38299E+01
4.74428E+00	1000260560	6.83219E+03	1000260560	6.83242E+03
8.86847E+00	1000260560	2.41394E+03	1000260560	2.41420E+03
9.38439E+00	1000260560	2.23732E+00	1000260560	2.23734E+00
9.48841E+00	1000260560	6.84854E+01	1000260560	6.85000E+01
7.36564E-02	1000260560	2.03305E+03	1000260560	2.03305E+03
3.46770E+00	1000260560	1.30128E+03	1000260560	1.30135E+03
2.66677E+00	1000260560	3.81541E+01	1000260560	3.81559E+01
5.58982E+00	1000260560	4.15335E+03	1000260560	4.15356E+03
5.82548E+00	1000260560	1.94604E+03	1000260560	1.94619E+03
1.07562E+00	1000260560	3.01641E+02	1000260560	3.01649E+02
5.29899E+00	1000260560	2.24010E+00	1000260560	2.24010E+00
7.20614E-01	1000260560	5.12153E+01	1000260560	5.12160E+01
9.28187E+00	1000260560	3.94078E+02	1000260560	3.94160E+02
8.92126E+00	1000260560	3.91871E+01	1000260560	3.91934E+01
3.02968E+00	1000260560	2.04267E+04	1000260560	2.04269E+04
6.31877E+00	1000260560	1.39776E+01	1000260560	1.39783E+01
8.88524E+00	1000260560	5.90010E+01	1000260560	5.90122E+01
2.97733E+00	1000260560	2.31262E+02	1000260560	2.31278E+02
7.59656E+00	1000260560	1.09304E+00	1000260560	1.09304E+00
8.88876E-01	1000260560	3.86256E+02	1000260560	3.86264E+02
9.98779E+00	1000260560	4.62406E+02	1000260560	4.62506E+02
1.39773E+00	1000260560	7.41613E+02	1000260560	7.41632E+02
1.61344E+00	1000260560	1.00561E+00	1000260560	1.00561E+00
3.71417E+00	1000260560	1.72296E+03	1000260560	1.72305E+03
6.55900E-01	1000260560	1.25530E+03	1000260560	1.25531E+03
8.74992E+00	1000260560	1.93076E+00	1000260560	1.93077E+00
5.38834E-01	1000260560	3.07253E+00	1000260560	3.07253E+00
2.76412E+00	1000260560	3.78234E+03	1000260560	3.78244E+03
5.97995E+00	1000260560	1.16459E+01	1000260560	1.16463E+01
7.03585E+00	1000260560	1.12522E+00	1000260560	1.12523E+00
9.11494E+00	1000260560	5.66430E+03	1000260560	5.66471E+03
2.81675E+00	1000260560	1.51679E+00	1000260560	1.51679E+00
7.05769E+00	1000260560	3.89686E+03	1000260560	3.89713E+03
1.92505E+00	1000260560	2.16105E+03	1000260560	2.16110E+03
3.75256E-01	1000260560	1.29722E+04	1000260560	1.29723E+04
4.18518E+00	1000260560	3.34472E+01	1000260560	3.34494E+01
5.91109E+00	1000260560	2.18584E+00	1000260560	2.18585E+00
4.23436E+00	1000260560	7.07854E+02	1000260560	7.07911E+02
5.17222E+00	1000260560	3.72283E+03	1000260560	3.72302E+03
4.99585E-01	1000260560	7.86069E+02	1000260560	7.86076E+02
7.27954E+00	1000260560	3.91060E+02	1000260560	3.91124E+02
7.18467E+00	1000260560	1.25437E+04	1000260560	1.25442E+04
8.81033E+00	1000260560	3.41057E+00	1000260560	3.41060E+00
6.56817E+00	1000260560	1.10050E+03	1000260560	1.10062E+03
4.40648E+00	1000260560	9.73445E+02	1000260560	9.73519E+02
3.41135E+00	1000260560	8.24658E+01	1000260560	8.24724E+01
5.86297E+00	1000260560	4.77610E+03	1000260560	4.77634E+03
7.98857E+00	1000260560	6.84855E+01	1000260560	6.84978E+01
5.12590E-01	1000260560	3.79990E+01	1000260560	3.79994E+01
1.98547E+00	1000260560	1.42685E+01	1000260560	1.42687E+01
7.00941E+00	1000260560	1.08026E+04	1000260560	1.08031E+04
9.51445E+00	1000260560	1.36909E+03	1000260560	1.36929E+03
7.10055E+00	1000260560	4.64089E+03	1000260560	4.64118E+03
8.33567E+00	1000260560	1.40496E+00	1000260560	1.40496E+00
5.03357E+00	1000260560	5.83703E+02	1000260560	5.83763E+02
6.31126E+00	1000260560	1.89022E+04	1000260560	1.89027E+04
7.23484E+00	1000260560	1.70624E+03	1000260560	1.70642E+03
9.59859E+00	1000260560	4.17778E+02	1000260560	4.17867E+02
8.95640E+00	1000260560	8.54713E+01	1000260560	8.54894E+01
8.59519E+00	1000260560	5.85790E+01	1000260560	5.85897E+01
4.32355E+00	1000260560	1.83827E+00	1000260560	1.83827E+00
8.31623E+00	1000260560	2.47644E+02	1000260560	2.47694E+02
4.86526E+00	1000260560	3.72837E+02	1000260560	3.72878E+02
8.98234E+00	1000260560	1.02743E+03	1000260560	1.02758E+03
1.58327E+00	1000260560	1.36371E+00	1000260560	1.36371E+00
6.63391E+00	1000260560	5.39416E+02	1000260560	5.39490E+02
3.60404E-01	1000260560	1.68520E+02	1000260560	1.68521E+02
3.52155E+00	1000260560	2.29321E+04	1000260560	2.29324E+04
3.72036E+00	1000260560	2.32630E+02	1000260560	2.32651E+02
1.82802E+00	1000260560	2.35342E+03	1000260560	2.35347E+03
3.63987E-01	1000260560	1.48543E+01	1000260560	1.48543E+01
6.03748E+00	1000260560	3.87245E+01	1000260560	3.87287E+01
5.65673E-01	1000260560	1.48017E+04	1000260560	1.48017E+04
3.54918E+00	1000260560	2.03167E+02	1000260560	2.03185E+02
6.63783E+00	1000260560	1.57143E+00	1000260560	1.57143E+00
2.89961E-02	1000260560	2.80074E+00	1000260560	2.80075E+00
2.09599E+00	1000260560	4.51626E+03	1000260560	4.51634E+03
2.84500E+00	1000260560	1.27030E+02	1000260560	1.27039E+02
4.61761E+00	1000260560	2.93180E+03	1000260560	2.93195E+03
8.56421E+00	1000260560	8.29343E+02	1000260560	8.29472E+02
2.57013E+00	1000260560	2.60190E+00	1000260560	2.60190E+00
8.07714E+00	1000260560	2.66463E+03	1000260560	2.66488E+03
7.39977E-01	1000260560	3.09160E+02	1000260560	3.09166E+02
1.08694E+00	1000260560	1.56140E+04	1000260560	1.56141E+04
2.40649E-01	1000260560	2.03670E+00	1000260560	2.03670E+00
7.00495E+00	1000260560	2.71037E+02	1000260560	2.71083E+02
8.52315E+00	1000260560	1.12486E+00	1000260560	1.12486E+00
9.62188E+00	1000260560	2.29254E+02	1000260560	2.29308E+02
1.79883E-01	1000260560	2.26567E+04	1000260560	2.26567E+04
5.61639E+00	1000260560	5.21639E+00	1000260560	5.21644E+00
2.89391E+00	1000260560	2.43246E+04	1000260560	2.43249E+04
8.44830E+00	1000260560	1.01385E+02	1000260560	1.01406E+02
1.96784E+00	1000260560	2.91616E+01	1000260560	2.91625E+01
7.65626E+00	1000260560	9.80392E+00	1000260560	9.80426E+00
8.78755E+00	1000260560	1.02933E+01	1000260560	1.02938E+01
3.09125E-01	1000260560	1.89916E+01	1000260560	1.89917E+01
9.35381E-03	1000260560	2.22916E+02	1000260560	2.22917E+02
8.60578E+00	1000260560	1.25883E+03	1000260560	1.25900E+03
8.00987E-01	1000260560	7.56191E+03	1000260560	7.56196E+03
2.88807E-01	1000260560	1.28442E+00	1000260560	1.28442E+00
9.06475E+00	1000260560	9.67302E+02	1000260560	9.67453E+02
1.36270E+00	1000260560	1.62910E+03	1000260560	1.62913E+03
2.45010E+00	1000260560	3.55247E+03	1000260560	3.55256E+03
4.87166E+00	1000260560	4.20507E+01	1000260560	4.20545E+01
7.20051E+00	1000260560	3.73950E+01	1000260560	3.73997E+01
1.32607E+00	1000260560	4.54438E+03	1000260560	4.54443E+03
2.61983E+00	1000260560	1.59253E+01	1000260560	1.59257E+01
5.81948E-01	1000260560	4.02192E+00	1000260560	4.02192E+00
8.35706E+00	1000260560	3.99539E+03	1000260560	3.99571E+03
5.50893E+00	1000260560	7.10489E+01	1000260560	7.10578E+01
5.32686E+00	1000260560	1.55902E+00	1000260560	1.55902E+00
3.49502E+00	1000260560	8.00757E+01	1000260560	8.00822E+01
1.72560E+00	1000260560	7.33449E+01	1000260560	7.33478E+01
7.90848E+00	1000260560	4.37307E+00	1000260560	4.37312E+00
4.85322E+00	1000260560	2.63820E+00	1000260560	2.63821E+00
9.22293E+00	1000260560	2.81882E+00	1000260560	2.81883E+00
1.71892E+00	1000260560	5.27622E+01	1000260560	5.27641E+01
7.32363E+00	1000260560	1.32275E+03	1000260560	1.32290E+03
3.26974E+00	1000260560	1.43044E+01	1000260560	1.43047E+01
4.92889E+00	1000260560	2.68995E+01	1000260560	2.69013E+01
1.18325E+00	1000260560	6.54862E+03	1000260560	6.54868E+03
6.83836E+00	1000260560	1.18987E+03	1000260560	1.19000E+03
4.63195E+00	1000260560	2.31838E+03	1000260560	2.31851E+03
8.03608E+00	1000260560	3.78155E+01	1000260560	3.78208E+01
4.47851E+00	1000260560	1.38964E+03	1000260560	1.38974E+03
4.22901E-01	1000260560	6.00668E+00	1000260560	6.00668E+00
7.13832E-01	1000260560	1.57735E+02	1000260560	1.57738E+02
2.49728E+00	1000260560	2.77966E+02	1000260560	2.77982E+02
4.96187E+00	1000260560	5.03732E+03	1000260560	5.03753E+03
9.43672E+00	1000260560	9.00187E+01	1000260560	9.00390E+01
8.35842E+00	1000260560	8.59224E+03	1000260560	8.59270E+03
5.06809E+00	1000260560	1.37089E+02	1000260560	1.37106E+02
7.05526E-01	1000260560	2.67585E+01	1000260560	2.67588E+01
8.49062E+00	1000260560	1.74973E+01	1000260560	1.74987E+01
2.91850E+00	1000260560	1.47396E+03	1000260560	1.47402E+03
1.58717E+00	1000260560	3.53393E+03	1000260560	3.53399E+03
5.91226E+00	1000260560	9.58190E+00	1000260560	9.58215E+00
7.36564E+00	1000260560	1.39552E+04	1000260560	1.39557E+04
1.14711E+00	1000260560	5.92307E+03	1000260560	5.92313E+03
8.90739E+00	1000260560	1.17476E+02	1000260560	1.17501E+02
4.92685E+00	1000260560	2.57168E+01	1000260560	2.57185E+01
1.68201E+00	1000260560	2.28343E+00	1000260560	2.28343E+00
3.41629E+00	1000260560	1.10213E+01	1000260560	1.10215E+01
1.16360E+00	1000260560	6.62079E+01	1000260560	6.62096E+01
9.33589E+00	1000260560	1.82799E+01	1000260560	1.82816E+01
5.30242E+00	1000260560	1.45554E+02	1000260560	1.45574E+02
4.04881E+00	1000260560	2.06149E+02	1000260560	2.06169E+02
4.35955E-01	1000260560	4.87782E+01	1000260560	4.87786E+01
2.47650E+00	1000260560	2.36682E+03	1000260560	2.36689E+03
1.60231E+00	1000260560	7.86697E+03	1000260560	7.86705E+03
8.20104E+00	1000260560	3.07698E+00	1000260560	3.07699E+00
8.03831E+00	1000260560	7.32199E+02	1000260560	7.32310E+02
1.42117E-01	1000260560	3.99526E+01	1000260560	3.99527E+01
4.62421E+00	1000260560	2.90491E+03	1000260560	2.90506E+03
7.80020E+00	1000260560	1.15734E+00	1000260560	1.15734E+00
3.73447E+00	1000260560	2.08056E+03	1000260560	2.08066E+03
4.88437E-01	1000260560	1.13067E+04	1000260560	1.13068E+04
7.49519E+00	1000260560	1.93213E+00	1000260560	1.93214E+00
2.83876E+00	1000260560	5.41114E+01	1000260560	5.41146E+01
4.66258E-01	1000260560	1.43815E+02	1000260560	1.43817E+02
8.73395E+00	1000260560	1.92681E+03	1000260560	1.92703E+03
3.51464E-01	1000260560	1.18457E+04	1000260560	1.18458E+04
3.33086E+00	1000260560	1.49148E+00	1000260560	1.49149E+00
5.95981E+00	1000260560	5.11530E+00	1000260560	5.11535E+00
2.55814E+00	1000260560	8.12451E+02	1000260560	8.12489E+02
6.60513E+00	1000260560	3.45636E+02	1000260560	3.45688E+02
9.04705E+00	1000260560	1.57266E+04	1000260560	1.57272E+04
8.02908E+00	1000260560	1.07926E+04	1000260560	1.07931E+04
3.47802E+00	1000260560	2.80144E+01	1000260560	2.80158E+01
8.55193E+00	1000260560	1.42279E+02	1000260560	1.42310E+02
7.60002E+00	1000260560	3.91122E+00	1000260560	3.91125E+00
3.14568E+00	1000260560	8.06506E+02	1000260560	8.06553E+02
6.77422E+00	1000260560	5.46646E+03	1000260560	5.46676E+03
7.05303E+00	1000260560	3.80469E+02	1000260560	3.80530E+02
8.84136E+00	1000260560	8.85052E+01	1000260560	8.85238E+01
2.16299E+00	1000260560	2.88588E+02	1000260560	2.88603E+02
6.69712E+00	1000260560	1.04450E+02	1000260560	1.04467E+02
6.42180E+00	1000260560	5.27714E+01	1000260560	5.27783E+01
3.09673E+00	1000260560	3.02319E+03	1000260560	3.02329E+03
2.53227E+00	1000260560	3.17378E+02	1000260560	3.17396E+02
5.16576E+00	1000260560	3.94866E+00	1000260560	3.94868E+00
4.69280E+00	1000260560	1.68691E+01	1000260560	1.68698E+01
5.81178E+00	1000260560	1.77817E+03	1000260560	1.77832E+03
2.20728E+00	1000260560	8.42072E+03	1000260560	8.42084E+03
9.96717E+00	1000260560	3.43105E+02	1000260560	3.43183E+02
2.08936E+00	1000260560	3.11940E+01	1000260560	3.11950E+01
6.26474E+00	1000260560	2.89915E+00	1000260560	2.89916E+00
8.49594E+00	1000260560	4.88129E+03	1000260560	4.88165E+03
9.02201E+00	1000260560	4.06953E+00	1000260560	4.06957E+00
4.87144E+00	1000260560	1.91291E+01	1000260560	1.91301E+01
4.89169E+00	1000260560	1.20010E+00	1000260560	1.20010E+00
2.32019E+00	1000260560	7.35598E+01	1000260560	7.35637E+01
9.21858E+00	1000260560	6.11246E+03	1000260560	6.11289E+03
2.78770E-01	1000260560	5.78773E+00	1000260560	5.78773E+00
2.55542E+00	1000260560	7.41053E+03	1000260560	7.41066E+03
1.05612E+00	1000260560	8.18961E+00	1000260560	8.18964E+00
6.34820E+00	1000260560	1.77720E+00	1000260560	1.77720E+00
3.40355E+00	1000260560	9.84130E+01	1000260560	9.84212E+01
7.07821E+00	1000260560	1.34173E+01	1000260560	1.34179E+01
2.31073E+00	1000260560	2.98803E+01	1000260560	2.98813E+01
5.13981E+00	1000260560	1.58094E+03	1000260560	1.58106E+03
3.70610E-02	1000260560	4.63227E+02	1000260560	4.63227E+02
7.74641E+00	1000260560	4.99169E+02	1000260560	4.99251E+02
5.54765E+00	1000260560	9.49643E+02	1000260560	9.49734E+02
6.25941E+00	1000260560	7.33235E+03	1000260560	7.33267E+03
7.42109E+00	1000260560	2.73794E+02	1000260560	2.73842E+02
2.65265E+00	1000260560	5.58982E+03	1000260560	5.58994E+03
8.60323E+00	1000260560	8.21814E+00	1000260560	8.21838E+00
8.95304E+00	1000260560	1.10364E+00	1000260560	1.10364E+00
2.16650E+00	1000260560	9.15231E+03	1000260560	9.15243E+03
5.66060E+00	1000260560	1.71390E+01	1000260560	1.71399E+01
4.23658E+00	1000260560	1.21311E+00	1000260560	1.21311E+00
1.64881E-01	1000260560	9.32674E+01	1000260560	9.32678E+01
2.16413E+00	1000260560	4.65363E+00	1000260560	4.65364E+00
4.45390E+00	1000260560	2.66375E+00	1000260560	2.66375E+00
9.21992E-02	1000260560	1.38907E+02	1000260560	1.38908E+02
4.01620E+00	1000260560	1.11660E+04	1000260560	1.11662E+04
5.07864E+00	1000260560	2.37105E+03	1000260560	2.37119E+03
7.02525E+00	1000260560	5.04674E+01	1000260560	5.04745E+01
5.34399E+00	1000260560	2.17641E+04	1000260560	2.17645E+04
6.35362E+00	1000260560	2.38170E+04	1000260560	2.38176E+04
1.04460E+00	1000260560	4.79991E+00	1000260560	4.79992E+00
7.25692E+00	1000260560	1.18754E+00	1000260560	1.18755E+00
5.80943E+00	1000260560	5.10383E+00	1000260560	5.10388E+00
8.47724E+00	1000260560	2.05879E+03	1000260560	2.05902E+03
3.58214E+00	1000260560	4.17491E+03	1000260560	4.17505E+03
2.99314E+00	1000260560	6.49980E+03	1000260560	6.49994E+03
