#	D	ID	E	ID0	E0
#
# D             Trajectory length [1 Mpc]
# ID/ID0/ID1    Particle type (PDG MC numbering scheme)
# E/E0/E1       Energy [1 EeV]
# no index = current, 0 = at source, 1 = at point of creation
#
# CRPropa version: -128-NOTFOUND
#
1.42398E-01	1000260560	1.83833E+02	1000260560	1.83947E+02
6.36114E+00	1000260560	4.94708E+01	1000260560	4.95783E+01
1.70027E+00	1000260560	1.23362E+02	1000260560	1.23918E+02
8.72397E+00	1000260560	9.29567E+03	1000260560	9.89387E+03
3.74380E+00	1000260560	1.44542E+02	1000260560	1.46370E+02
9.81837E+00	1000260560	1.09202E+03	1000260560	1.21468E+03
7.95113E+00	1000260560	9.54744E+01	1000260560	9.68307E+01
5.76778E+00	1000260560	2.70825E+00	1000260560	2.70825E+00
3.37607E+00	1000260560	2.65412E+00	1000260560	2.65412E+00
3.65715E+00	1000260560	1.52469E+00	1000260560	1.52469E+00
6.15348E+00	1000260560	1.69930E+04	1000260560	1.75924E+04
3.63758E+00	1000260560	1.87254E+02	1000260560	1.90385E+02
4.01050E+00	1000260560	1.34603E+00	1000260560	1.34603E+00
1.31906E+00	1000260560	1.41252E+04	1000260560	1.42383E+04
8.77830E+00	1000260560	1.70665E+03	1000260560	1.87462E+03
9.12259E+00	1000260560	1.77906E+02	1000260560	1.85378E+02
6.70880E+00	1000260560	1.77915E+00	1000260560	1.77915E+00
9.90861E+00	1000260560	1.50758E+04	1000260560	1.59893E+04
6.47164E-01	1000260560	6.04433E+00	1000260560	6.04433E+00
4.78162E-01	1000260560	1.08768E+03	1000260560	1.09301E+03
2.04597E+00	1000260560	5.26107E+03	1000260560	5.35308E+03
1.34001E+00	1000260560	1.40588E+00	1000260560	1.40588E+00
8.50490E+00	1000260560	8.33173E+00	1000260560	8.33173E+00
8.77099E+00	1000260560	1.84868E+03	1000260560	2.02910E+03
5.24415E+00	1000260560	2.52509E+02	1000260560	2.60719E+02
2.27975E+00	1000260560	1.21514E+01	1000260560	1.21514E+01
6.23778E+00	1000260560	3.87223E+01	1000260560	3.87568E+01
9.99978E-01	1000260560	4.74430E+03	1000260560	4.78570E+03
3.85603E+00	1000260560	1.00408E+04	1000260560	1.03117E+04
2.30054E+00	1000260560	9.29655E+01	1000260560	9.33167E+01
2.92518E+00	1000260560	5.70502E+02	1000260560	5.86135E+02
6.58631E+00	1000260560	5.65557E+01	1000260560	5.67471E+01
8.05422E-01	1000260560	1.96570E+03	1000260560	1.98186E+03
1.70193E+00	1000260560	2.20885E+04	1000260560	2.22778E+04
3.97443E+00	1000260560	3.88388E+02	1000260560	4.00885E+02
9.47782E+00	1000260560	1.14743E+01	1000260560	1.14743E+01
5.25094E+00	1000260560	5.66718E+03	1000260560	5.92132E+03
9.20943E+00	1000260560	3.02918E+03	1000260560	3.31737E+03
3.97380E+00	1000260560	5.19839E+03	1000260560	5.37782E+03
2.29257E+00	1000260560	2.91079E+00	1000260560	2.91079E+00
6.27721E+00	1000260560	1.35397E+04	1000260560	1.40754E+04
9.53179E+00	1000260560	3.55643E+01	1000260560	3.55986E+01
4.00719E+00	1000260560	4.70261E+01	1000260560	4.70801E+01
9.60420E+00	1000260560	2.80427E+01	1000260560	2.80517E+01
3.79587E+00	1000260560	1.19889E+02	1000260560	1.21062E+02
3.11829E+00	1000260560	7.70632E+01	1000260560	7.73319E+01
6.46421E+00	1000260560	1.17132E+03	1000260560	1.25482E+03
4.35248E+00	1000260560	8.43964E+01	1000260560	8.48991E+01
2.27521E-01	1000260560	1.70345E+04	1000260560	1.70562E+04
6.37254E+00	1000260560	1.69174E+01	1000260560	1.69175E+01
8.72249E+00	1000260560	1.01439E+03	1000260560	1.11395E+03
7.21201E+00	1000260560	1.83741E+04	1000260560	1.91112E+04
8.30217E-01	1000260560	1.17652E+00	1000260560	1.17652E+00
6.54689E+00	1000260560	2.03224E+01	1000260560	2.03231E+01
3.41716E+00	1000260560	4.17398E+01	1000260560	4.17665E+01
9.32363E+00	1000260560	4.13984E+03	1000260560	4.51034E+03
5.18835E+00	1000260560	2.75547E+00	1000260560	2.75547E+00
9.69822E-01	1000260560	1.28761E+03	1000260560	1.30058E+03
5.39364E+00	1000260560	9.00084E+02	1000260560	9.51865E+02
1.19407E+00	1000260560	8.34624E+01	1000260560	8.35935E+01
3.75812E+00	1000260560	2.22484E+00	1000260560	2.22484E+00
2.22859E-01	1000260560	6.16270E+03	1000260560	6.17379E+03
6.66356E+00	1000260560	1.65336E+02	1000260560	1.69868E+02
5.83274E+00	1000260560	7.92722E+01	1000260560	7.98297E+01
4.60128E+00	1000260560	3.47611E+01	1000260560	3.47757E+01
6.71480E+00	1000260560	1.32295E+03	1000260560	1.42138E+03
9.24433E+00	1000260560	1.23043E+00	1000260560	1.23043E+00
5.02937E+00	1000260560	1.69727E+03	1000260560	1.78926E+03
9.38462E+00	1000260560	7.82980E+00	1000260560	7.82980E+00
1.72578E+00	1000260560	2.77331E+02	1000260560	2.80388E+02
2.49094E+00	1000260560	2.83371E+03	1000260560	2.90343E+03
1.12107E+00	1000260560	1.69054E+03	1000260560	1.71015E+03
1.48586E+00	1000260560	2.34025E+00	1000260560	2.34025E+00
7.23352E+00	1000260560	2.85677E+00	1000260560	2.85677E+00
1.61949E+00	1000260560	5.48286E+03	1000260560	5.55768E+03
4.27331E+00	1000260560	7.55509E+01	1000260560	7.58977E+01
9.49754E-01	1000260560	2.82521E+00	1000260560	2.82521E+00
7.60297E+00	1000260560	7.65915E+01	1000260560	7.72471E+01
1.73423E+00	1000260560	1.83117E+01	1000260560	1.83118E+01
2.20288E+00	1000260560	8.08163E+02	1000260560	8.26136E+02
7.37935E+00	1000260560	1.54028E+02	1000260560	1.58338E+02
4.53669E+00	1000260560	1.63780E+02	1000260560	1.66742E+02
6.16335E+00	1000260560	2.62503E+02	1000260560	2.72950E+02
5.91087E+00	1000260560	6.38655E+03	1000260560	6.69858E+03
5.97663E+00	1000260560	5.89663E+02	1000260560	6.24340E+02
2.34670E+00	1000260560	6.72849E+03	1000260560	6.85420E+03
6.28742E-01	1000260560	2.09169E+02	1000260560	2.09825E+02
3.35046E-01	1000260560	2.18818E+04	1000260560	2.19187E+04
5.36514E+00	1000260560	3.55533E+03	1000260560	3.73969E+03
9.16897E+00	1000260560	1.01692E+02	1000260560	1.03582E+02
9.42119E+00	1000260560	2.01806E+01	1000260560	2.01814E+01
9.31315E+00	1000260560	6.61814E+03	1000260560	7.13216E+03
6.52511E+00	1000260560	1.18344E+02	1000260560	1.20334E+02
1.37276E+00	1000260560	1.69408E+03	1000260560	1.71821E+03
2.31194E+00	1000260560	4.71267E+02	1000260560	4.80709E+02
7.57408E-01	1000260560	6.88773E+03	1000260560	6.92858E+03
9.29866E-01	1000260560	6.13645E+00	1000260560	6.13645E+00
8.39153E+00	1000260560	2.74912E+02	1000260560	2.90809E+02
1.41181E+00	1000260560	7.47402E+00	1000260560	7.47402E+00
1.29268E+00	1000260560	1.98701E+01	1000260560	1.98702E+01
2.81708E+00	1000260560	4.25069E+01	1000260560	4.25310E+01
7.78336E+00	1000260560	2.65434E+02	1000260560	2.79164E+02
3.32244E+00	1000260560	7.71509E+00	1000260560	7.71509E+00
4.21494E+00	1000260560	3.65126E+03	1000260560	3.79778E+03
7.46952E+00	1000260560	2.54611E+01	1000260560	2.54648E+01
2.43561E-01	1000260560	6.89222E+02	1000260560	6.90822E+02
7.17335E+00	1000260560	1.46222E+00	1000260560	1.46222E+00
9.60682E+00	1000260560	1.57972E+00	1000260560	1.57972E+00
2.20208E+00	1000260560	2.27307E+02	1000260560	2.30046E+02
9.54348E+00	1000260560	5.29494E+00	1000260560	5.29494E+00
9.38210E+00	1000260560	3.49503E+03	1000260560	3.82360E+03
2.15339E+00	1000260560	4.83548E+01	1000260560	4.83875E+01
5.61707E+00	1000260560	4.54298E+02	1000260560	4.77037E+02
8.30165E+00	1000260560	4.00509E+02	1000260560	4.29470E+02
7.21322E+00	1000260560	1.01983E+03	1000260560	1.10108E+03
9.37850E+00	1000260560	3.94834E+03	1000260560	4.30837E+03
8.83249E+00	1000260560	2.19047E+02	1000260560	2.30085E+02
1.29663E+00	1000260560	2.81332E+02	1000260560	2.83674E+02
8.88974E+00	1000260560	7.68882E+03	1000260560	8.22892E+03
3.34632E+00	1000260560	1.13752E+03	1000260560	1.17795E+03
5.98932E+00	1000260560	1.55495E+04	1000260560	1.61032E+04
1.20911E+00	1000260560	9.60602E+02	1000260560	9.72464E+02
4.39260E+00	1000260560	4.42894E+03	1000260560	4.60589E+03
8.68472E+00	1000260560	8.69229E+02	1000260560	9.52828E+02
3.30422E+00	1000260560	1.06386E+02	1000260560	1.07129E+02
4.05226E+00	1000260560	2.53487E+02	1000260560	2.59785E+02
8.63624E+00	1000260560	1.05336E+00	1000260560	1.05336E+00
8.36517E+00	1000260560	1.45670E+04	1000260560	1.53186E+04
7.42323E+00	1000260560	2.24676E+01	1000260560	2.24692E+01
7.00363E+00	1000260560	1.74146E+03	1000260560	1.87542E+03
1.17915E+00	1000260560	1.44548E+01	1000260560	1.44548E+01
2.21936E+00	1000260560	7.58764E+00	1000260560	7.58764E+00
5.19038E+00	1000260560	1.84080E+00	1000260560	1.84080E+00
3.23089E+00	1000260560	2.77553E+02	1000260560	2.83386E+02
4.25874E+00	1000260560	1.83745E+03	1000260560	1.92060E+03
3.24748E+00	1000260560	1.16357E+01	1000260560	1.16357E+01
5.41990E+00	1000260560	6.80706E+02	1000260560	7.18159E+02
2.87046E+00	1000260560	8.97611E+00	1000260560	8.97611E+00
9.37964E+00	1000260560	1.70004E+02	1000260560	1.76975E+02
6.33049E+00	1000260560	4.39460E+00	1000260560	4.39460E+00
4.44819E+00	1000260560	1.27804E+04	1000260560	1.31441E+04
3.74587E+00	1000260560	2.90212E+00	1000260560	2.90212E+00
3.27738E+00	1000260560	5.77106E+02	1000260560	5.94961E+02
1.33625E+00	1000260560	2.03495E+00	1000260560	2.03495E+00
7.04923E+00	1000260560	5.02670E+01	1000260560	5.03945E+01
8.61627E+00	1000260560	1.78351E+02	1000260560	1.85408E+02
1.36456E+00	1000260560	1.38985E+03	1000260560	1.40964E+03
7.05092E+00	1000260560	7.38819E+00	1000260560	7.38819E+00
6.39392E+00	1000260560	2.23349E+03	1000260560	2.38516E+03
8.64058E+00	1000260560	1.03698E+03	1000260560	1.13787E+03
3.25062E+00	1000260560	1.45004E+03	1000260560	1.50022E+03
1.72746E+00	1000260560	9.87644E+02	1000260560	1.00523E+03
2.54163E+00	1000260560	1.18190E+03	1000260560	1.21356E+03
7.24704E+00	1000260560	6.00260E+02	1000260560	6.44051E+02
9.38841E-01	1000260560	3.09360E+01	1000260560	3.09376E+01
4.09133E+00	1000260560	1.75262E+03	1000260560	1.82898E+03
6.93423E+00	1000260560	7.12631E+03	1000260560	7.52280E+03
5.88510E+00	1000260560	1.02698E+03	1000260560	1.09270E+03
6.00859E+00	1000260560	1.06593E+03	1000260560	1.13587E+03
1.74673E+00	1000260560	1.45939E+02	1000260560	1.46797E+02
3.59414E+00	1000260560	6.91940E+01	1000260560	6.94106E+01
5.09583E+00	1000260560	2.37364E+04	1000260560	2.43325E+04
7.78584E+00	1000260560	1.39496E+01	1000260560	1.39496E+01
4.05638E+00	1000260560	2.30994E+03	1000260560	2.40682E+03
6.45916E+00	1000260560	9.47341E+03	1000260560	9.91659E+03
8.34508E+00	1000260560	2.21749E+02	1000260560	2.32373E+02
5.02238E+00	1000260560	1.34706E+03	1000260560	1.42059E+03
1.09932E+00	1000260560	5.13168E+03	1000260560	5.17991E+03
7.45306E+00	1000260560	1.16862E+00	1000260560	1.16862E+00
1.15891E+00	1000260560	3.53934E+02	1000260560	3.56981E+02
2.30054E+00	1000260560	1.99169E+04	1000260560	2.01589E+04
8.57809E+00	1000260560	5.22904E+02	1000260560	5.66881E+02
5.51255E+00	1000260560	2.23646E+02	1000260560	2.30547E+02
6.78024E+00	1000260560	2.08975E+04	1000260560	2.16410E+04
7.93615E+00	1000260560	3.22856E+02	1000260560	3.42481E+02
6.96496E+00	1000260560	1.17658E+04	1000260560	1.23137E+04
2.08191E+00	1000260560	1.21816E+04	1000260560	1.23454E+04
5.40761E+00	1000260560	1.16598E+00	1000260560	1.16598E+00
5.42063E+00	1000260560	1.04988E+04	1000260560	1.08936E+04
5.78554E+00	1000260560	8.84453E+00	1000260560	8.84453E+00
4.52820E+00	1000260560	2.04807E+04	1000260560	2.09679E+04
8.37340E+00	1000260560	1.90825E+03	1000260560	2.08474E+03
9.89987E+00	1000260560	2.06305E+00	1000260560	2.06305E+00
7.28798E+00	1000260560	5.22621E+01	1000260560	5.24165E+01
8.35329E+00	1000260560	4.85309E+02	1000260560	5.23863E+02
9.25411E-01	1000260560	1.87423E+03	1000260560	1.89203E+03
4.44735E+00	1000260560	9.44856E+01	1000260560	9.52064E+01
4.06898E+00	1000260560	5.09190E+01	1000260560	5.09959E+01
7.45106E+00	1000260560	3.68636E+00	1000260560	3.68636E+00
7.97038E+00	1000260560	2.40110E+04	1000260560	2.49575E+04
1.59792E+00	1000260560	2.89269E+02	1000260560	2.92310E+02
5.37251E+00	1000260560	7.59619E+01	1000260560	7.64081E+01
2.58971E+00	1000260560	4.46211E+01	1000260560	4.46488E+01
4.41560E+00	1000260560	7.33680E+00	1000260560	7.33680E+00
5.79715E+00	1000260560	2.34341E+04	1000260560	2.41090E+04
1.85662E+00	1000260560	4.65911E+01	1000260560	4.66150E+01
5.17274E+00	1000260560	9.92195E+02	1000260560	1.04738E+03
3.39013E+00	1000260560	1.80820E+02	1000260560	1.83529E+02
7.86188E+00	1000260560	4.69899E+02	1000260560	5.04318E+02
8.53163E+00	1000260560	9.88267E+00	1000260560	9.88267E+00
4.05805E+00	1000260560	3.81572E+02	1000260560	3.94003E+02
3.91586E+00	1000260560	1.81265E+03	1000260560	1.88791E+03
1.31139E+00	1000260560	6.47502E+03	1000260560	6.54299E+03
4.31890E+00	1000260560	1.06214E+00	1000260560	1.06214E+00
1.28053E+00	1000260560	1.37836E+02	1000260560	1.38383E+02
8.67080E+00	1000260560	1.44383E+04	1000260560	1.52142E+04
8.06707E+00	1000260560	4.31395E+02	1000260560	4.62750E+02
8.55285E+00	1000260560	6.37563E+00	1000260560	6.37563E+00
4.33442E+00	1000260560	1.52848E+00	1000260560	1.52848E+00
1.74468E+00	1000260560	1.84760E+02	1000260560	1.86194E+02
2.73195E+00	1000260560	3.79718E+03	1000260560	3.89396E+03
8.17707E+00	1000260560	5.72589E+02	1000260560	6.19627E+02
8.83947E+00	1000260560	2.36985E+00	1000260560	2.36985E+00
4.87335E+00	1000260560	8.73803E+00	1000260560	8.73803E+00
2.16402E+00	1000260560	3.53739E+02	1000260560	3.59497E+02
8.99849E+00	1000260560	7.24040E+01	1000260560	7.30505E+01
2.00277E+00	1000260560	1.09673E+00	1000260560	1.09673E+00
5.68937E+00	1000260560	2.69019E+02	1000260560	2.79035E+02
2.11992E+00	1000260560	1.39088E+02	1000260560	1.40020E+02
8.24583E+00	1000260560	5.42008E+01	1000260560	5.44046E+01
2.31343E+00	1000260560	1.44690E+00	1000260560	1.44690E+00
7.59336E+00	1000260560	8.46936E+02	1000260560	9.16932E+02
5.94124E+00	1000260560	2.53352E+00	1000260560	2.53352E+00
8.09499E+00	1000260560	6.64613E+00	1000260560	6.64613E+00
6.43751E+00	1000260560	4.62745E+01	1000260560	4.63554E+01
2.49307E-01	1000260560	4.03734E+02	1000260560	4.04527E+02
8.89122E-01	1000260560	4.22628E+01	1000260560	4.22702E+01
5.14638E+00	1000260560	9.86462E+02	1000260560	1.04101E+03
3.37813E+00	1000260560	7.63080E+01	1000260560	7.65902E+01
4.77824E+00	1000260560	9.43609E+03	1000260560	9.76041E+03
7.99128E+00	1000260560	1.77075E+03	1000260560	1.92755E+03
7.57870E+00	1000260560	3.14436E+03	1000260560	3.38526E+03
3.68288E+00	1000260560	1.36482E+02	1000260560	1.38050E+02
7.90086E+00	1000260560	7.35966E+03	1000260560	7.82380E+03
6.82389E+00	1000260560	4.53773E+00	1000260560	4.53773E+00
7.63464E+00	1000260560	9.17588E+00	1000260560	9.17588E+00
8.34425E+00	1000260560	3.23093E+02	1000260560	3.43864E+02
4.07887E+00	1000260560	1.03019E+04	1000260560	1.05935E+04
2.58929E+00	1000260560	2.22042E+03	1000260560	2.27935E+03
6.05160E+00	1000260560	1.45814E+01	1000260560	1.45814E+01
9.29563E+00	1000260560	4.33043E+03	1000260560	4.71208E+03
8.88487E+00	1000260560	1.55625E+00	1000260560	1.55625E+00
9.71650E+00	1000260560	1.16687E+03	1000260560	1.29688E+03
6.14505E+00	1000260560	4.05660E+02	1000260560	4.26887E+02
6.28844E+00	1000260560	8.08883E+00	1000260560	8.08883E+00
8.33297E+00	1000260560	9.79539E+02	1000260560	1.07069E+03
9.79098E+00	1000260560	4.07406E+03	1000260560	4.45994E+03
9.79276E+00	1000260560	4.75529E+02	1000260560	5.20361E+02
4.48772E+00	1000260560	3.82276E+01	1000260560	3.82507E+01
3.86939E+00	1000260560	4.88229E+01	1000260560	4.88843E+01
6.15042E+00	1000260560	9.10671E+01	1000260560	9.19703E+01
5.93226E-01	1000260560	1.86372E+02	1000260560	1.86863E+02
7.32064E+00	1000260560	8.19566E+01	1000260560	8.27395E+01
6.85973E-01	1000260560	4.27371E+02	1000260560	4.29756E+02
7.15783E+00	1000260560	1.94320E+02	1000260560	2.01221E+02
9.90487E+00	1000260560	1.83778E+03	1000260560	2.04276E+03
1.01506E+00	1000260560	4.99761E+01	1000260560	4.99937E+01
1.72437E+00	1000260560	1.15386E+00	1000260560	1.15386E+00
9.98517E+00	1000260560	7.92499E+01	1000260560	8.02227E+01
5.92122E+00	1000260560	1.56449E+04	1000260560	1.61940E+04
9.26748E+00	1000260560	1.20107E+01	1000260560	1.20107E+01
6.40656E+00	1000260560	2.41094E+02	1000260560	2.50422E+02
4.93611E+00	1000260560	8.50603E+03	1000260560	8.81969E+03
1.54332E+00	1000260560	3.19879E+00	1000260560	3.19879E+00
1.17682E+00	1000260560	1.39653E+02	1000260560	1.40171E+02
3.26281E+00	1000260560	1.45488E+04	1000260560	1.48358E+04
4.88079E+00	1000260560	2.31081E+04	1000260560	2.36702E+04
4.98057E+00	1000260560	1.28260E+02	1000260560	1.30103E+02
7.12418E+00	1000260560	5.03922E+01	1000260560	5.05224E+01
4.39214E+00	1000260560	3.23603E+00	1000260560	3.23603E+00
5.22859E+00	1000260560	1.89465E+02	1000260560	1.94151E+02
1.55287E+00	1000260560	3.19901E+02	1000260560	3.23392E+02
4.32970E-01	1000260560	2.87370E+00	1000260560	2.87370E+00
9.11432E+00	1000260560	1.83445E+02	1000260560	1.91404E+02
5.99779E+00	1000260560	1.70956E+04	1000260560	1.76815E+04
4.56261E+00	1000260560	3.97786E+02	1000260560	4.12790E+02
2.12356E+00	1000260560	2.12002E+00	1000260560	2.12002E+00
7.07220E+00	1000260560	8.30739E+02	1000260560	8.94046E+02
9.33944E+00	1000260560	1.26331E+01	1000260560	1.26331E+01
4.55564E+00	1000260560	6.80924E+00	1000260560	6.80924E+00
4.18327E+00	1000260560	2.32424E+03	1000260560	2.42480E+03
6.06266E-01	1000260560	2.26966E+04	1000260560	2.27648E+04
5.13460E-01	1000260560	8.27420E+01	1000260560	8.27967E+01
4.56928E+00	1000260560	3.47010E+03	1000260560	3.62321E+03
5.16294E+00	1000260560	5.44126E+01	1000260560	5.45410E+01
9.78715E+00	1000260560	1.10631E+02	1000260560	1.13188E+02
1.48285E+00	1000260560	3.78180E+03	1000260560	3.83367E+03
4.48601E+00	1000260560	3.14596E+01	1000260560	3.14678E+01
6.21173E+00	1000260560	7.94746E+01	1000260560	8.00742E+01
2.58779E+00	1000260560	8.26318E+00	1000260560	8.26318E+00
1.32464E+00	1000260560	6.03330E+01	1000260560	6.03814E+01
4.17792E+00	1000260560	7.40208E+03	1000260560	7.64333E+03
6.58575E+00	1000260560	4.74973E+02	1000260560	5.03740E+02
3.40841E+00	1000260560	1.86805E+01	1000260560	1.86807E+01
2.74830E-01	1000260560	3.34990E+02	1000260560	3.35645E+02
4.78587E+00	1000260560	1.41551E+01	1000260560	1.41551E+01
6.36472E+00	1000260560	1.02158E+01	1000260560	1.02158E+01
6.47096E+00	1000260560	1.38233E+03	1000260560	1.48115E+03
2.47195E-02	1000260560	1.50286E+00	1000260560	1.50286E+00
9.00075E+00	1000260560	1.37877E+00	1000260560	1.37877E+00
5.41482E+00	1000260560	1.27161E+04	1000260560	1.31593E+04
1.82156E+00	1000260560	3.51739E+01	1000260560	3.51800E+01
2.41472E+00	1000260560	7.12184E+01	1000260560	7.13781E+01
6.47551E+00	1000260560	9.56595E+03	1000260560	1.00130E+04
4.34670E+00	1000260560	3.68792E+01	1000260560	3.68977E+01
8.34380E+00	1000260560	5.49460E+02	1000260560	5.95041E+02
7.28224E+00	1000260560	4.14962E+00	1000260560	4.14962E+00
3.15503E+00	1000260560	8.06079E+03	1000260560	8.25242E+03
1.56172E+00	1000260560	1.89681E+00	1000260560	1.89681E+00
8.00331E+00	1000260560	1.30157E+01	1000260560	1.30157E+01
1.31533E+00	1000260560	3.49821E+01	1000260560	3.49864E+01
5.33795E+00	1000260560	2.07895E+03	1000260560	2.19668E+03
5.55098E+00	1000260560	3.36630E+03	1000260560	3.54937E+03
2.70001E+00	1000260560	1.02185E+03	1000260560	1.05073E+03
8.84135E+00	1000260560	7.16720E+02	1000260560	7.84792E+02
8.03583E-01	1000260560	2.32334E+03	1000260560	2.34206E+03
8.46598E+00	1000260560	2.44941E+01	1000260560	2.44974E+01
5.46719E+00	1000260560	2.19698E+04	1000260560	2.25834E+04
4.61640E+00	1000260560	8.57035E+03	1000260560	8.86463E+03
1.67889E+00	1000260560	3.28640E+01	1000260560	3.28678E+01
7.27444E+00	1000260560	1.99611E+01	1000260560	1.99618E+01
7.55988E-01	1000260560	7.02200E+02	1000260560	7.07315E+02
7.24085E+00	1000260560	2.44444E+04	1000260560	2.53106E+04
3.79304E+00	1000260560	8.31526E+02	1000260560	8.64128E+02
3.65159E+00	1000260560	1.86566E+01	1000260560	1.86567E+01
9.43783E+00	1000260560	8.79341E+00	1000260560	8.79341E+00
5.02517E+00	1000260560	1.16974E+01	1000260560	1.16974E+01
2.83591E+00	1000260560	4.46242E+03	1000260560	4.57604E+03
8.10396E+00	1000260560	1.40986E+03	1000260560	1.53834E+03
8.83260E+00	1000260560	5.36778E+00	1000260560	5.36778E+00
7.07910E+00	1000260560	1.31292E+00	1000260560	1.31292E+00
3.24138E-03	1000260560	2.41872E+00	1000260560	2.41872E+00
7.79113E+00	1000260560	4.20993E+01	1000260560	4.21635E+01
3.67400E+00	1000260560	6.85457E+00	1000260560	6.85457E+00
2.32959E+00	1000260560	1.70547E+03	1000260560	1.74709E+03
2.06905E+00	1000260560	3.14267E+02	1000260560	3.18812E+02
1.57693E+00	1000260560	2.37603E+00	1000260560	2.37603E+00
9.15411E+00	1000260560	1.44184E+03	1000260560	1.59195E+03
1.42091E+00	1000260560	7.05945E+01	1000260560	7.06854E+01
4.18347E+00	1000260560	5.32568E+00	1000260560	5.32568E+00
1.48958E+00	1000260560	6.19448E+02	1000260560	6.28139E+02
2.17322E+00	1000260560	3.24340E+03	1000260560	3.31111E+03
5.81818E+00	1000260560	2.12832E+02	1000260560	2.19463E+02
7.70222E+00	1000260560	1.31284E+02	1000260560	1.34369E+02
6.61480E+00	1000260560	4.95773E+03	1000260560	5.25155E+03
3.12714E+00	1000260560	1.30903E+02	1000260560	1.32101E+02
9.22736E-01	1000260560	1.04164E+01	1000260560	1.04164E+01
8.18725E+00	1000260560	1.80724E+03	1000260560	1.97123E+03
5.65797E+00	1000260560	9.37968E+00	1000260560	9.37968E+00
6.31533E+00	1000260560	6.49109E+02	1000260560	6.90716E+02
7.18183E+00	1000260560	1.19406E+04	1000260560	1.25112E+04
7.48762E+00	1000260560	3.47672E+02	1000260560	3.68450E+02
3.77163E+00	1000260560	8.32159E+00	1000260560	8.32159E+00
9.54917E+00	1000260560	1.51614E+04	1000260560	1.60435E+04
4.18239E+00	1000260560	1.34120E+03	1000260560	1.40159E+03
8.29197E+00	1000260560	2.90216E+02	1000260560	3.07434E+02
6.11703E-01	1000260560	1.40401E+03	1000260560	1.41289E+03
5.46404E+00	1000260560	3.82455E+00	1000260560	3.82455E+00
4.83085E+00	1000260560	4.38870E+01	1000260560	4.39352E+01
5.80469E+00	1000260560	1.68512E+02	1000260560	1.72593E+02
3.33076E+00	1000260560	2.09110E+03	1000260560	2.16351E+03
6.22000E+00	1000260560	1.61940E+03	1000260560	1.72966E+03
4.19995E+00	1000260560	2.43488E+03	1000260560	2.53996E+03
9.66744E+00	1000260560	1.40606E+02	1000260560	1.45266E+02
2.24079E+00	1000260560	2.81378E+02	1000260560	2.85473E+02
8.90448E-01	1000260560	8.96737E+00	1000260560	8.96737E+00
4.20237E+00	1000260560	8.71061E+02	1000260560	9.09368E+02
8.97161E+00	1000260560	5.69061E+02	1000260560	6.20818E+02
7.71036E+00	1000260560	1.41062E+01	1000260560	1.41063E+01
6.77704E+00	1000260560	1.18468E+01	1000260560	1.18468E+01
1.74365E-01	1000260560	5.19066E+03	1000260560	5.19833E+03
2.43962E+00	1000260560	1.94037E+01	1000260560	1.94039E+01
2.82694E+00	1000260560	1.05221E+04	1000260560	1.07258E+04
5.37418E+00	1000260560	9.02968E+02	1000260560	9.54733E+02
4.81203E+00	1000260560	3.22529E+00	1000260560	3.22529E+00
4.64759E+00	1000260560	7.86626E+03	1000260560	8.14634E+03
3.70017E+00	1000260560	1.59379E+02	1000260560	1.61636E+02
2.64845E+00	1000260560	2.79824E+01	1000260560	2.79848E+01
3.74150E+00	1000260560	5.11066E+01	1000260560	5.11783E+01
9.71533E+00	1000260560	3.04298E+02	1000260560	3.26616E+02
5.22597E+00	1000260560	1.24146E+04	1000260560	1.28360E+04
3.23680E+00	1000260560	1.61796E+02	1000260560	1.63829E+02
8.62304E+00	1000260560	4.09767E+02	1000260560	4.41031E+02
4.78675E+00	1000260560	1.62874E+00	1000260560	1.62874E+00
9.89616E+00	1000260560	2.10361E+03	1000260560	2.33433E+03
3.27454E+00	1000260560	1.36502E+04	1000260560	1.39276E+04
7.54016E+00	1000260560	1.08216E+02	1000260560	1.10042E+02
7.87906E+00	1000260560	4.53931E+03	1000260560	4.87071E+03
2.90068E-01	1000260560	1.45433E+01	1000260560	1.45433E+01
5.05393E+00	1000260560	1.00137E+04	1000260560	1.03701E+04
5.45809E+00	1000260560	2.47130E+03	1000260560	2.61121E+03
6.44433E+00	1000260560	5.40417E+00	1000260560	5.40417E+00
2.64284E+00	1000260560	1.56281E+01	1000260560	1.56281E+01
8.65212E+00	1000260560	1.29768E+00	1000260560	1.29768E+00
4.37334E-01	1000260560	2.00728E+04	1000260560	2.01187E+04
7.17493E-01	1000260560	2.53048E+04	1000260560	2.53906E+04
5.76688E+00	1000260560	1.47286E+04	1000260560	1.52448E+04
7.91025E-01	1000260560	2.22452E+00	1000260560	2.22452E+00
4.30757E+00	1000260560	2.28479E+03	1000260560	2.38694E+03
3.88723E-01	1000260560	3.30769E+01	1000260560	3.30778E+01
4.65259E+00	1000260560	2.70997E+03	1000260560	2.83785E+03
7.22911E-01	1000260560	7.81793E+00	1000260560	7.81793E+00
5.59150E+00	1000260560	2.12193E+04	1000260560	2.18353E+04
6.77094E+00	1000260560	6.72970E+00	1000260560	6.72970E+00
8.98529E+00	1000260560	5.65019E+00	1000260560	5.65019E+00
3.73955E+00	1000260560	2.45155E+03	1000260560	2.54526E+03
3.82433E+00	1000260560	6.02999E+01	1000260560	6.04406E+01
3.01059E-01	1000260560	1.10103E+03	1000260560	1.10442E+03
8.11212E+00	1000260560	1.33323E+01	1000260560	1.33323E+01
9.12695E+00	1000260560	1.28120E+01	1000260560	1.28120E+01
4.98659E+00	1000260560	7.11543E+01	1000260560	7.14867E+01
1.46582E+00	1000260560	8.07922E+01	1000260560	8.09378E+01
9.34650E+00	1000260560	9.99265E+02	1000260560	1.10506E+03
2.37872E+00	1000260560	1.34090E+01	1000260560	1.34090E+01
1.10093E+00	1000260560	8.32235E+03	1000260560	8.38992E+03
9.09595E+00	1000260560	2.06759E+04	1000260560	2.16750E+04
3.81408E+00	1000260560	1.45327E+01	1000260560	1.45327E+01
2.77194E+00	1000260560	9.03345E+00	1000260560	9.03345E+00
8.04415E+00	1000260560	2.78259E+00	1000260560	2.78259E+00
8.15083E+00	1000260560	2.18425E+03	1000260560	2.37717E+03
9.90173E+00	1000260560	2.02259E+01	1000260560	2.02269E+01
5.45935E+00	1000260560	9.12918E+00	1000260560	9.12918E+00
8.95616E+00	1000260560	1.14259E+00	1000260560	1.14259E+00
4.21076E+00	1000260560	1.70292E+01	1000260560	1.70293E+01
3.14047E+00	1000260560	4.84610E+01	1000260560	4.85092E+01
3.80315E+00	1000260560	5.76744E+01	1000260560	5.77923E+01
2.13826E+00	1000260560	2.46865E+04	1000260560	2.49398E+04
3.53314E+00	1000260560	6.36701E+02	1000260560	6.58627E+02
5.01509E+00	1000260560	3.95534E+00	1000260560	3.95534E+00
4.45567E+00	1000260560	1.17761E+04	1000260560	1.21229E+04
4.48665E+00	1000260560	2.62605E+03	1000260560	2.74601E+03
8.16743E+00	1000260560	7.97101E+01	1000260560	8.05135E+01
7.72903E+00	1000260560	5.79905E+00	1000260560	5.79905E+00
9.81751E+00	1000260560	1.72681E+04	1000260560	1.82455E+04
5.32351E+00	1000260560	2.55827E+00	1000260560	2.55827E+00
3.49993E+00	1000260560	1.26499E+02	1000260560	1.27735E+02
8.42123E+00	1000260560	1.14711E+02	1000260560	1.17112E+02
9.42343E+00	1000260560	1.40849E+04	1000260560	1.49184E+04
6.54723E-01	1000260560	1.16566E+00	1000260560	1.16566E+00
1.25599E-01	1000260560	1.34905E+03	1000260560	1.35079E+03
8.49592E+00	1000260560	3.18656E+00	1000260560	3.18656E+00
7.45041E+00	1000260560	6.33742E+00	1000260560	6.33742E+00
7.46907E+00	1000260560	1.57376E+04	1000260560	1.64365E+04
5.94648E+00	1000260560	1.12247E+00	1000260560	1.12247E+00
3.74555E+00	1000260560	1.25877E+03	1000260560	1.30927E+03
4.16274E-01	1000260560	2.57849E+02	1000260560	2.58488E+02
4.44447E+00	1000260560	9.90972E+02	1000260560	1.03792E+03
2.85859E+00	1000260560	2.03506E+02	1000260560	2.06398E+02
5.36089E+00	1000260560	7.21837E+02	1000260560	7.61599E+02
9.17767E+00	1000260560	3.86226E+03	1000260560	4.20827E+03
1.15686E+00	1000260560	3.24006E+03	1000260560	3.27578E+03
6.68262E+00	1000260560	5.19668E+02	1000260560	5.52759E+02
9.33877E+00	1000260560	8.40548E+01	1000260560	8.51481E+01
7.18715E+00	1000260560	4.08924E+03	1000260560	4.36779E+03
4.31422E+00	1000260560	1.84188E+04	1000260560	1.88558E+04
3.90920E+00	1000260560	3.13223E+02	1000260560	3.21961E+02
1.71992E+00	1000260560	1.34107E+00	1000260560	1.34107E+00
6.68943E-02	1000260560	1.24951E+00	1000260560	1.24951E+00
2.81832E+00	1000260560	3.45464E+00	1000260560	3.45464E+00
5.73688E+00	1000260560	1.78313E+02	1000260560	1.82870E+02
6.27265E+00	1000260560	4.17776E+03	1000260560	4.42310E+03
7.08473E+00	1000260560	1.55099E+03	1000260560	1.67272E+03
3.77784E+00	1000260560	5.33707E+00	1000260560	5.33707E+00
1.94840E+00	1000260560	8.37168E+02	1000260560	8.53668E+02
1.95674E+00	1000260560	1.72171E+00	1000260560	1.72171E+00
9.26537E+00	1000260560	1.61233E+00	1000260560	1.61233E+00
8.90486E+00	1000260560	3.72187E+01	1000260560	3.72589E+01
3.76471E+00	1000260560	4.25822E+01	1000260560	4.26147E+01
3.50253E+00	1000260560	5.06963E+03	1000260560	5.22443E+03
2.98416E+00	1000260560	3.39685E+01	1000260560	3.39768E+01
9.31380E+00	1000260560	9.54349E+01	1000260560	9.70350E+01
2.50026E+00	1000260560	2.10669E+00	1000260560	2.10669E+00
7.33105E+00	1000260560	5.94604E+02	1000260560	6.38405E+02
2.76072E+00	1000260560	8.49212E+02	1000260560	8.73215E+02
2.27084E+00	1000260560	1.00853E+04	1000260560	1.02441E+04
7.55388E+00	1000260560	1.21173E+03	1000260560	1.31412E+03
9.00468E+00	1000260560	7.16461E+01	1000260560	7.22707E+01
8.47296E+00	1000260560	2.74950E+00	1000260560	2.74950E+00
5.00035E+00	1000260560	2.03503E+02	1000260560	2.08678E+02
7.59350E+00	1000260560	1.16069E+00	1000260560	1.16069E+00
8.50203E+00	1000260560	4.45668E+01	1000260560	4.46583E+01
9.85419E-01	1000260560	6.34637E+01	1000260560	6.35071E+01
5.05438E+00	1000260560	1.16183E+04	1000260560	1.20095E+04
6.69234E+00	1000260560	1.21436E+01	1000260560	1.21436E+01
7.25596E+00	1000260560	1.18212E+00	1000260560	1.18212E+00
4.17758E+00	1000260560	9.37554E+01	1000260560	9.44162E+01
6.34478E+00	1000260560	3.35739E+01	1000260560	3.35905E+01
7.57290E+00	1000260560	5.78279E+02	1000260560	6.22047E+02
5.44432E+00	1000260560	1.75125E+04	1000260560	1.80505E+04
6.77367E+00	1000260560	2.19548E+03	1000260560	2.35438E+03
6.80600E+00	1000260560	7.95447E+02	1000260560	8.53182E+02
5.20766E-01	1000260560	4.27185E+02	1000260560	4.28991E+02
4.49019E+00	1000260560	2.03282E+04	1000260560	2.08091E+04
5.30569E+00	1000260560	1.51274E+02	1000260560	1.54190E+02
6.59442E+00	1000260560	6.79387E+00	1000260560	6.79387E+00
3.95506E+00	1000260560	1.29803E+00	1000260560	1.29803E+00
6.11243E+00	1000260560	1.79640E+01	1000260560	1.79642E+01
9.09749E+00	1000260560	8.87593E+02	1000260560	9.77716E+02
9.67917E+00	1000260560	1.99091E+04	1000260560	2.09519E+04
4.98118E-01	1000260560	4.10251E+01	1000260560	4.10287E+01
6.44771E-01	1000260560	9.31693E+03	1000260560	9.35944E+03
4.98046E+00	1000260560	5.02376E+01	1000260560	5.03269E+01
6.68928E+00	1000260560	1.39153E+04	1000260560	1.44962E+04
1.82214E+00	1000260560	1.98701E+04	1000260560	2.00612E+04
4.04180E+00	1000260560	1.67910E+03	1000260560	1.75153E+03
5.68749E+00	1000260560	2.87760E+02	1000260560	2.99026E+02
9.65398E+00	1000260560	1.85638E+01	1000260560	1.85643E+01
1.56006E+00	1000260560	2.83429E+01	1000260560	2.83444E+01
4.77593E+00	1000260560	1.45518E+02	1000260560	1.47909E+02
8.66625E+00	1000260560	6.66183E+03	1000260560	7.14041E+03
2.40916E+00	1000260560	1.84474E+01	1000260560	1.84475E+01
7.98643E+00	1000260560	8.02372E+03	1000260560	8.52030E+03
7.90695E+00	1000260560	3.69112E+02	1000260560	3.93322E+02
5.11200E+00	1000260560	5.22366E+02	1000260560	5.47328E+02
6.39440E+00	1000260560	7.16288E+02	1000260560	7.63911E+02
8.54784E+00	1000260560	1.55696E+04	1000260560	1.63679E+04
6.38566E+00	1000260560	4.92367E+00	1000260560	4.92367E+00
3.98545E-02	1000260560	4.86700E+02	1000260560	4.86866E+02
4.53846E+00	1000260560	2.52960E+03	1000260560	2.64726E+03
1.15556E+00	1000260560	3.33562E+03	1000260560	3.37215E+03
1.92862E+00	1000260560	1.25038E+03	1000260560	1.27567E+03
4.74588E+00	1000260560	2.22054E+03	1000260560	2.33081E+03
9.53623E+00	1000260560	5.32203E+00	1000260560	5.32203E+00
8.75671E-01	1000260560	1.96823E+01	1000260560	1.96823E+01
4.32901E-01	1000260560	3.67230E+00	1000260560	3.67230E+00
4.77706E+00	1000260560	1.04651E+01	1000260560	1.04651E+01
8.38524E-01	1000260560	1.18766E+00	1000260560	1.18766E+00
8.03059E+00	1000260560	1.02215E+04	1000260560	1.08037E+04
3.16978E+00	1000260560	4.12586E+03	1000260560	4.24590E+03
2.94015E+00	1000260560	4.16429E+01	1000260560	4.16656E+01
1.27316E+00	1000260560	1.82580E+00	1000260560	1.82580E+00
2.21275E+00	1000260560	8.19520E+00	1000260560	8.19520E+00
4.56421E+00	1000260560	7.18559E+03	1000260560	7.44446E+03
2.90098E+00	1000260560	4.70988E+03	1000260560	4.83093E+03
2.75708E+00	1000260560	6.59796E+03	1000260560	6.74402E+03
5.94593E+00	1000260560	1.97197E+02	1000260560	2.03029E+02
5.51198E+00	1000260560	5.50507E+00	1000260560	5.50507E+00
2.66049E+00	1000260560	3.59755E+01	1000260560	3.59855E+01
2.35126E+00	1000260560	4.74916E+03	1000260560	4.84750E+03
9.56434E+00	1000260560	1.70196E+00	1000260560	1.70196E+00
6.90137E+00	1000260560	8.64623E+00	1000260560	8.64623E+00
9.22013E+00	1000260560	6.28465E+00	1000260560	6.28465E+00
2.64356E+00	1000260560	4.15248E+00	1000260560	4.15248E+00
3.00158E+00	1000260560	2.28371E+00	1000260560	2.28371E+00
1.89788E+00	1000260560	1.60899E+00	1000260560	1.60899E+00
9.63726E+00	1000260560	3.50278E+00	1000260560	3.50278E+00
7.15273E+00	1000260560	1.78349E+04	1000260560	1.85531E+04
8.92223E-01	1000260560	2.74095E+00	1000260560	2.74095E+00
6.59997E+00	1000260560	9.39111E+01	1000260560	9.49752E+01
3.54410E-01	1000260560	9.30124E+02	1000260560	9.33446E+02
9.89671E+00	1000260560	1.00545E+04	1000260560	1.07712E+04
4.82911E+00	1000260560	9.72636E+00	1000260560	9.72636E+00
5.43379E+00	1000260560	4.18328E+03	1000260560	4.39471E+03
7.75505E+00	1000260560	2.15918E+01	1000260560	2.15931E+01
8.38273E+00	1000260560	4.44673E+00	1000260560	4.44673E+00
4.04356E+00	1000260560	4.44123E+03	1000260560	4.60405E+03
3.80015E+00	1000260560	7.18904E+01	1000260560	7.21513E+01
5.96009E-01	1000260560	1.30911E+01	1000260560	1.30911E+01
1.61603E+00	1000260560	4.48862E+02	1000260560	4.54968E+02
6.45411E+00	1000260560	3.01453E+00	1000260560	3.01453E+00
4.88284E+00	1000260560	6.55142E+01	1000260560	6.57577E+01
2.99617E-01	1000260560	3.66624E+00	1000260560	3.66624E+00
9.17634E+00	1000260560	1.42043E+00	1000260560	1.42043E+00
2.11014E+00	1000260560	4.42460E+00	1000260560	4.42460E+00
1.59451E+00	1000260560	2.88831E+03	1000260560	2.93330E+03
3.09890E+00	1000260560	4.72926E+02	1000260560	4.85772E+02
5.96750E+00	1000260560	6.03134E+00	1000260560	6.03134E+00
2.86357E+00	1000260560	1.29930E+01	1000260560	1.29930E+01
3.08029E+00	1000260560	1.00791E+02	1000260560	1.01387E+02
2.35060E+00	1000260560	9.21778E+02	1000260560	9.44110E+02
6.82811E+00	1000260560	1.11994E+03	1000260560	1.20450E+03
1.29034E+00	1000260560	6.45785E+01	1000260560	6.46389E+01
7.20914E-01	1000260560	7.26420E+03	1000260560	7.30450E+03
3.25187E+00	1000260560	4.44041E+00	1000260560	4.44041E+00
6.03888E+00	1000260560	1.27208E+03	1000260560	1.35653E+03
2.18873E+00	1000260560	1.80217E+03	1000260560	1.84329E+03
1.44360E+00	1000260560	2.79747E+03	1000260560	2.83709E+03
6.62911E+00	1000260560	2.02673E+01	1000260560	2.02680E+01
5.43603E+00	1000260560	9.28044E+01	1000260560	9.36451E+01
2.21322E+00	1000260560	3.61975E+02	1000260560	3.68089E+02
5.81696E+00	1000260560	4.87934E+03	1000260560	5.13339E+03
4.65427E+00	1000260560	1.22684E+03	1000260560	1.28859E+03
7.18787E+00	1000260560	5.53975E+01	1000260560	5.55907E+01
7.72414E-01	1000260560	3.55271E+02	1000260560	3.57305E+02
1.75465E+00	1000260560	2.12872E+00	1000260560	2.12872E+00
6.20798E+00	1000260560	2.47691E+04	1000260560	2.55146E+04
9.05340E-01	1000260560	3.35914E+03	1000260560	3.38785E+03
9.36424E-01	1000260560	1.04040E+03	1000260560	1.05040E+03
8.74710E+00	1000260560	1.24508E+01	1000260560	1.24509E+01
2.63480E+00	1000260560	6.84102E+01	1000260560	6.85623E+01
6.33792E+00	1000260560	2.04011E+01	1000260560	2.04018E+01
3.37450E+00	1000260560	1.10827E+01	1000260560	1.10827E+01
5.64270E+00	1000260560	1.11127E+04	1000260560	1.15386E+04
1.47861E+00	1000260560	3.79388E+01	1000260560	3.79461E+01
4.57221E+00	1000260560	3.70591E+02	1000260560	3.84072E+02
7.50523E+00	1000260560	2.03647E+00	1000260560	2.03647E+00
4.74938E+00	1000260560	2.14654E+02	1000260560	2.20093E+02
5.90842E+00	1000260560	3.43162E+00	1000260560	3.43162E+00
8.67520E+00	1000260560	2.60417E+01	1000260560	2.60466E+01
1.78819E+00	1000260560	1.18838E+03	1000260560	1.21059E+03
7.01072E+00	1000260560	2.44687E+02	1000260560	2.55259E+02
3.60250E+00	1000260560	1.12544E+04	1000260560	1.15259E+04
4.49104E+00	1000260560	4.34184E+03	1000260560	4.52026E+03
4.83335E+00	1000260560	7.16188E+03	1000260560	7.43582E+03
9.94987E+00	1000260560	5.05955E+00	1000260560	5.05955E+00
9.48408E-01	1000260560	2.61409E+00	1000260560	2.61409E+00
6.78404E+00	1000260560	5.92433E+03	1000260560	6.26633E+03
7.98259E+00	1000260560	3.08368E+02	1000260560	3.26694E+02
2.19947E+00	1000260560	1.90717E+02	1000260560	1.92654E+02
8.25397E+00	1000260560	1.85633E+04	1000260560	1.94148E+04
9.60981E+00	1000260560	1.28234E+00	1000260560	1.28234E+00
1.21214E+00	1000260560	1.77290E+04	1000260560	1.78478E+04
2.25378E+00	1000260560	3.53256E+02	1000260560	3.59246E+02
7.73892E-01	1000260560	1.02037E+01	1000260560	1.02037E+01
9.76901E+00	1000260560	2.30587E+02	1000260560	2.44205E+02
5.44886E+00	1000260560	1.58473E+03	1000260560	1.67860E+03
7.72894E+00	1000260560	3.61095E+01	1000260560	3.61394E+01
2.36872E+00	1000260560	2.30511E+03	1000260560	2.36070E+03
1.39001E+00	1000260560	1.68224E+02	1000260560	1.69158E+02
4.40542E+00	1000260560	1.72299E+01	1000260560	1.72300E+01
4.26505E-01	1000260560	1.10313E+01	1000260560	1.10313E+01
7.25198E+00	1000260560	8.80429E+01	1000260560	8.90113E+01
3.66908E+00	1000260560	1.37564E+01	1000260560	1.37564E+01
9.48382E+00	1000260560	1.70959E+01	1000260560	1.70962E+01
8.67874E-01	1000260560	1.65176E+04	1000260560	1.65992E+04
5.20065E-01	1000260560	2.85579E+02	1000260560	2.86535E+02
3.90486E+00	1000260560	1.83618E+01	1000260560	1.83619E+01
6.68330E+00	1000260560	5.63593E+01	1000260560	5.65510E+01
5.74993E+00	1000260560	5.10967E+00	1000260560	5.10967E+00
4.86356E+00	1000260560	1.34444E+04	1000260560	1.38554E+04
3.10869E+00	1000260560	1.49746E+03	1000260560	1.54690E+03
5.84518E+00	1000260560	2.26401E+03	1000260560	2.40355E+03
5.91075E+00	1000260560	2.27757E+02	1000260560	2.35451E+02
3.43561E+00	1000260560	2.98532E+00	1000260560	2.98532E+00
2.18960E+00	1000260560	6.49502E+02	1000260560	6.63197E+02
7.27259E+00	1000260560	3.09416E+00	1000260560	3.09416E+00
5.06195E+00	1000260560	6.60944E+00	1000260560	6.60944E+00
4.32248E+00	1000260560	7.00273E+02	1000260560	7.30779E+02
3.63163E-01	1000260560	1.68332E+02	1000260560	1.68574E+02
7.10455E+00	1000260560	3.90848E+01	1000260560	3.91259E+01
8.62145E+00	1000260560	9.78191E+02	1000260560	1.07270E+03
9.89330E+00	1000260560	3.76793E+02	1000260560	4.08966E+02
3.33344E+00	1000260560	8.29205E+03	1000260560	8.49860E+03
6.96616E+00	1000260560	1.22837E+03	1000260560	1.32345E+03
6.48891E+00	1000260560	2.58571E+01	1000260560	2.58607E+01
4.26159E+00	1000260560	1.71611E+04	1000260560	1.75756E+04
2.69348E+00	1000260560	6.55913E+01	1000260560	6.57251E+01
4.98204E+00	1000260560	2.42868E+04	1000260560	2.48767E+04
9.28398E-01	1000260560	7.50480E+00	1000260560	7.50480E+00
2.92621E+00	1000260560	2.15219E+02	1000260560	2.18521E+02
9.16326E+00	1000260560	1.77828E+01	1000260560	1.77831E+01
8.74798E+00	1000260560	2.41112E+01	1000260560	2.41143E+01
4.62095E+00	1000260560	1.31454E+00	1000260560	1.31454E+00
4.38137E+00	1000260560	7.53338E+01	1000260560	7.56862E+01
3.67106E+00	1000260560	1.43504E+03	1000260560	1.49140E+03
8.59092E+00	1000260560	5.24106E+00	1000260560	5.24106E+00
3.06087E+00	1000260560	6.19769E+01	1000260560	6.21013E+01
5.28256E+00	1000260560	1.08144E+02	1000260560	1.09401E+02
3.77823E+00	1000260560	1.65542E+01	1000260560	1.65543E+01
1.56521E+00	1000260560	9.61868E+03	1000260560	9.72454E+03
8.79945E+00	1000260560	3.31548E+02	1000260560	3.54540E+02
4.32857E-01	1000260560	4.14519E+02	1000260560	4.15955E+02
6.85985E+00	1000260560	5.80956E+00	1000260560	5.80956E+00
7.63217E+00	1000260560	2.35062E+00	1000260560	2.35062E+00
6.69700E+00	1000260560	1.49046E+02	1000260560	1.52649E+02
7.48172E+00	1000260560	1.39400E+01	1000260560	1.39400E+01
4.70289E+00	1000260560	7.15358E+01	1000260560	7.18545E+01
8.84718E+00	1000260560	2.26167E+03	1000260560	2.47887E+03
7.01692E+00	1000260560	4.64969E+00	1000260560	4.64969E+00
4.67959E+00	1000260560	1.79844E+04	1000260560	1.84523E+04
6.87762E+00	1000260560	1.67147E+00	1000260560	1.67147E+00
7.52839E+00	1000260560	7.03601E+02	1000260560	7.59299E+02
4.38575E+00	1000260560	1.25856E+02	1000260560	1.27396E+02
7.01869E+00	1000260560	1.33849E+00	1000260560	1.33849E+00
5.24864E+00	1000260560	2.39252E+01	1000260560	2.39269E+01
4.41474E+00	1000260560	7.90238E+03	1000260560	8.16888E+03
7.85345E+00	1000260560	1.59100E+01	1000260560	1.59101E+01
6.50835E+00	1000260560	1.53598E+03	1000260560	1.64610E+03
7.53454E+00	1000260560	1.88081E+01	1000260560	1.88085E+01
9.88682E+00	1000260560	1.41117E+00	1000260560	1.41117E+00
2.48209E+00	1000260560	9.77217E+03	1000260560	9.94251E+03
8.96379E+00	1000260560	3.98510E+00	1000260560	3.98510E+00
2.43717E+00	1000260560	1.63300E+00	1000260560	1.63300E+00
3.63777E+00	1000260560	5.79720E+02	1000260560	5.99745E+02
5.44531E+00	1000260560	2.49257E+01	1000260560	2.49281E+01
4.55566E+00	1000260560	2.82860E+03	1000260560	2.95820E+03
1.20901E+00	1000260560	1.02026E+03	1000260560	1.03294E+03
5.20013E+00	1000260560	7.42722E+00	1000260560	7.42722E+00
3.49684E-01	1000260560	1.83134E+00	1000260560	1.83134E+00
1.56187E+00	1000260560	5.23302E+01	1000260560	5.23629E+01
2.15621E-01	1000260560	3.21626E+03	1000260560	3.22283E+03
8.88958E+00	1000260560	2.10419E+04	1000260560	2.20272E+04
9.30814E+00	1000260560	3.52711E+03	1000260560	3.85518E+03
1.60447E+00	1000260560	1.54611E+04	1000260560	1.56065E+04
8.10181E+00	1000260560	2.73700E+01	1000260560	2.73765E+01
2.81502E-01	1000260560	2.29754E+03	1000260560	2.30400E+03
7.45074E+00	1000260560	9.63203E+00	1000260560	9.63203E+00
1.89377E+00	1000260560	4.13985E+01	1000260560	4.14127E+01
3.55329E+00	1000260560	1.34350E+00	1000260560	1.34350E+00
3.50154E+00	1000260560	3.02981E+01	1000260560	3.03033E+01
5.68405E+00	1000260560	7.55644E+02	1000260560	8.00374E+02
7.42683E+00	1000260560	4.61018E+03	1000260560	4.92507E+03
7.25869E+00	1000260560	3.08295E+00	1000260560	3.08295E+00
1.18323E+00	1000260560	1.43387E+03	1000260560	1.45154E+03
8.67416E+00	1000260560	1.07032E+03	1000260560	1.17513E+03
5.00914E+00	1000260560	7.44163E+01	1000260560	7.48042E+01
7.83485E+00	1000260560	5.14149E+03	1000260560	5.50169E+03
3.48781E+00	1000260560	1.40033E+04	1000260560	1.43035E+04
7.29928E+00	1000260560	4.78843E+01	1000260560	4.79918E+01
6.74107E+00	1000260560	3.82065E+01	1000260560	3.82413E+01
5.67424E+00	1000260560	1.91192E+01	1000260560	1.91195E+01
9.94467E+00	1000260560	2.36380E+01	1000260560	2.36410E+01
1.35260E+00	1000260560	1.42864E+01	1000260560	1.42864E+01
4.19458E+00	1000260560	1.24975E+03	1000260560	1.30618E+03
1.49149E+00	1000260560	1.22087E+04	1000260560	1.23259E+04
6.24980E-01	1000260560	4.56738E+00	1000260560	4.56738E+00
7.34587E+00	1000260560	1.49698E+00	1000260560	1.49698E+00
6.17433E+00	1000260560	1.59391E+04	1000260560	1.65183E+04
4.65128E+00	1000260560	1.38370E+02	1000260560	1.40433E+02
9.75612E+00	1000260560	1.82397E+02	1000260560	1.90873E+02
7.38997E-01	1000260560	4.28167E+01	1000260560	4.28232E+01
3.60437E+00	1000260560	1.21152E+03	1000260560	1.25815E+03
6.76338E+00	1000260560	1.20019E+03	1000260560	1.29013E+03
2.97573E+00	1000260560	1.33183E+03	1000260560	1.37392E+03
4.73274E+00	1000260560	1.76071E+04	1000260560	1.80750E+04
7.63607E+00	1000260560	4.53793E+01	1000260560	4.54680E+01
1.14628E+00	1000260560	2.48765E+03	1000260560	2.51606E+03
5.27324E+00	1000260560	1.18594E+00	1000260560	1.18594E+00
9.16723E+00	1000260560	1.25681E+03	1000260560	1.38819E+03
1.50481E+00	1000260560	2.29369E+02	1000260560	2.31259E+02
8.05786E+00	1000260560	1.55448E+00	1000260560	1.55448E+00
3.65388E+00	1000260560	1.88010E+00	1000260560	1.88010E+00
7.36994E+00	1000260560	3.67116E+00	1000260560	3.67116E+00
6.22237E+00	1000260560	1.46597E+00	1000260560	1.46597E+00
7.30417E+00	1000260560	1.51997E+04	1000260560	1.58695E+04
5.57529E+00	1000260560	3.01737E+01	1000260560	3.01818E+01
6.56539E+00	1000260560	3.88315E+03	1000260560	4.12672E+03
7.60359E+00	1000260560	5.90357E+02	1000260560	6.35530E+02
7.66548E+00	1000260560	4.64859E+00	1000260560	4.64859E+00
1.89632E+00	1000260560	2.32842E+03	1000260560	2.37312E+03
4.75727E+00	1000260560	3.91295E+01	1000260560	3.91571E+01
6.23660E+00	1000260560	8.03359E+03	1000260560	8.41798E+03
5.39007E+00	1000260560	2.26113E+03	1000260560	2.38911E+03
4.33590E+00	1000260560	1.41720E+03	1000260560	1.48345E+03
5.33159E+00	1000260560	1.65895E+03	1000260560	1.75471E+03
9.13884E+00	1000260560	4.94305E+03	1000260560	5.35525E+03
2.81170E+00	1000260560	4.15759E+00	1000260560	4.15759E+00
7.67540E+00	1000260560	5.56587E+01	1000260560	5.58691E+01
1.94997E+00	1000260560	1.21445E+00	1000260560	1.21445E+00
8.81722E+00	1000260560	1.09470E+03	1000260560	1.20394E+03
7.12271E+00	1000260560	3.04268E+02	1000260560	3.20065E+02
8.65597E+00	1000260560	1.20986E+00	1000260560	1.20986E+00
2.87663E+00	1000260560	1.39935E+00	1000260560	1.39935E+00
3.47736E+00	1000260560	1.91509E+04	1000260560	1.95101E+04
6.65354E+00	1000260560	1.34620E+00	1000260560	1.34620E+00
5.77097E+00	1000260560	5.97235E+02	1000260560	6.31187E+02
5.00982E+00	1000260560	7.88908E+02	1000260560	8.30058E+02
1.92534E+00	1000260560	9.48974E+00	1000260560	9.48974E+00
5.01386E+00	1000260560	1.67938E+03	1000260560	1.77017E+03
3.16999E+00	1000260560	1.68005E+04	1000260560	1.71038E+04
2.37614E+00	1000260560	6.27936E+00	1000260560	6.27936E+00
1.30067E+00	1000260560	3.08357E+02	1000260560	3.11099E+02
9.39309E+00	1000260560	2.23814E+04	1000260560	2.34593E+04
4.73228E+00	1000260560	1.37175E+03	1000260560	1.44207E+03
2.93293E+00	1000260560	2.31570E+01	1000260560	2.31577E+01
3.73375E+00	1000260560	3.43733E+02	1000260560	3.53412E+02
3.62698E+00	1000260560	1.09490E+04	1000260560	1.12179E+04
1.75162E+00	1000260560	1.19627E+03	1000260560	1.21817E+03
4.36527E+00	1000260560	2.17692E+02	1000260560	2.22808E+02
1.54307E-01	1000260560	1.47324E+02	1000260560	1.47400E+02
9.39549E+00	1000260560	5.51005E+00	1000260560	5.51005E+00
4.31258E+00	1000260560	5.81836E+01	1000260560	5.83219E+01
3.32586E+00	1000260560	1.72183E+00	1000260560	1.72183E+00
3.05807E+00	1000260560	3.89077E+03	1000260560	4.00143E+03
9.45725E+00	1000260560	4.20540E+00	1000260560	4.20540E+00
5.98255E+00	1000260560	1.53956E+04	1000260560	1.59455E+04
3.36651E+00	1000260560	4.65511E+00	1000260560	4.65511E+00
9.77261E+00	1000260560	4.06763E+02	1000260560	4.42374E+02
8.50999E+00	1000260560	2.39681E+03	1000260560	2.61553E+03
2.22595E+00	1000260560	2.73769E+01	1000260560	2.73787E+01
4.54022E+00	1000260560	7.33894E+00	1000260560	7.33894E+00
5.22024E+00	1000260560	3.67892E+01	1000260560	3.68112E+01
1.04275E+00	1000260560	3.72549E+00	1000260560	3.72549E+00
2.84362E+00	1000260560	3.60269E+00	1000260560	3.60269E+00
2.88504E+00	1000260560	1.90780E+00	1000260560	1.90780E+00
8.63139E+00	1000260560	1.19878E+01	1000260560	1.19878E+01
1.50786E-01	1000260560	1.45844E+02	1000260560	1.45917E+02
6.76503E+00	1000260560	1.03856E+02	1000260560	1.05311E+02
5.31786E+00	1000260560	8.96109E+03	1000260560	9.31110E+03
9.80671E+00	1000260560	2.81737E+02	1000260560	3.01472E+02
3.37429E+00	1000260560	2.62436E+00	1000260560	2.62436E+00
8.33264E+00	1000260560	1.54696E+03	1000260560	1.69174E+03
7.74653E+00	1000260560	6.63422E+01	1000260560	6.67512E+01
8.98829E-01	1000260560	8.88801E+01	1000260560	8.89994E+01
5.19261E+00	1000260560	8.00546E+00	1000260560	8.00546E+00
8.37181E+00	1000260560	1.58296E+01	1000260560	1.58297E+01
4.64104E+00	1000260560	3.05783E+01	1000260560	3.05855E+01
2.00644E+00	1000260560	1.12256E+02	1000260560	1.12772E+02
7.61201E+00	1000260560	2.31459E+02	1000260560	2.41873E+02
9.19601E+00	1000260560	1.46170E+04	1000260560	1.54476E+04
7.11847E+00	1000260560	1.53505E+01	1000260560	1.53506E+01
4.06409E+00	1000260560	4.73649E+02	1000260560	4.90744E+02
9.72350E+00	1000260560	1.01804E+01	1000260560	1.01804E+01
5.88665E+00	1000260560	7.35198E+03	1000260560	7.69364E+03
4.79014E+00	1000260560	3.47291E+00	1000260560	3.47291E+00
1.66988E+00	1000260560	1.62040E+02	1000260560	1.63077E+02
9.30122E-01	1000260560	6.35779E+01	1000260560	6.36190E+01
1.84433E+00	1000260560	2.33873E+03	1000260560	2.38235E+03
4.64111E+00	1000260560	2.56618E+02	1000260560	2.64041E+02
3.09103E+00	1000260560	9.88265E+03	1000260560	1.00969E+04
4.57331E+00	1000260560	3.45741E+03	1000260560	3.61022E+03
7.47210E+00	1000260560	7.51054E+02	1000260560	8.10826E+02
6.50675E+00	1000260560	9.04500E+02	1000260560	9.68185E+02
7.30613E+00	1000260560	1.47181E+04	1000260560	1.53758E+04
2.10820E+00	1000260560	1.05885E+04	1000260560	1.07404E+04
8.68778E+00	1000260560	1.35993E+02	1000260560	1.39818E+02
4.28836E+00	1000260560	6.03241E+01	1000260560	6.04824E+01
2.45658E+00	1000260560	1.60551E+03	1000260560	1.64702E+03
9.88603E-01	1000260560	4.21797E+02	1000260560	4.25183E+02
4.42648E+00	1000260560	1.72648E+01	1000260560	1.72650E+01
4.73200E+00	1000260560	3.71241E+00	1000260560	3.71241E+00
5.22766E+00	1000260560	1.75302E+04	1000260560	1.80466E+04
4.95613E+00	1000260560	3.42984E+03	1000260560	3.59490E+03
6.72063E+00	1000260560	1.61418E+04	1000260560	1.67785E+04
9.22229E+00	1000260560	1.76439E+03	1000260560	1.94713E+03
7.32364E+00	1000260560	4.61449E+00	1000260560	4.61449E+00
4.86300E+00	1000260560	6.64053E+01	1000260560	6.66601E+01
3.06263E+00	1000260560	4.83187E+02	1000260560	4.96265E+02
3.31665E+00	1000260560	1.45306E+01	1000260560	1.45306E+01
7.07641E+00	1000260560	1.68782E+02	1000260560	1.73837E+02
6.72050E+00	1000260560	4.17923E+00	1000260560	4.17923E+00
6.44655E+00	1000260560	1.31447E+01	1000260560	1.31447E+01
3.35984E+00	1000260560	4.67213E+01	1000260560	4.67651E+01
8.91363E+00	1000260560	2.75642E+03	1000260560	3.01443E+03
1.86893E+00	1000260560	4.94264E+00	1000260560	4.94264E+00
2.97320E+00	1000260560	9.94935E+02	1000260560	1.02591E+03
2.90177E+00	1000260560	1.64890E+01	1000260560	1.64891E+01
2.55648E+00	1000260560	1.53633E+01	1000260560	1.53633E+01
4.54598E+00	1000260560	2.39392E+02	1000260560	2.45782E+02
1.65532E+00	1000260560	3.91818E+01	1000260560	3.91914E+01
5.95125E+00	1000260560	7.48637E+00	1000260560	7.48637E+00
8.70823E+00	1000260560	2.45671E+03	1000260560	2.68561E+03
3.91656E+00	1000260560	2.23894E+04	1000260560	2.28314E+04
6.72024E+00	1000260560	3.17000E+03	1000260560	3.38344E+03
8.43986E+00	1000260560	4.49525E+01	1000260560	4.50468E+01
1.37000E+00	1000260560	3.93437E+02	1000260560	3.97686E+02
2.32029E+00	1000260560	9.20795E+00	1000260560	9.20795E+00
9.56509E+00	1000260560	6.50184E+02	1000260560	7.16195E+02
1.99737E+00	1000260560	5.11103E+01	1000260560	5.11484E+01
6.84789E+00	1000260560	2.30026E+02	1000260560	2.39204E+02
1.81583E+00	1000260560	1.42227E+01	1000260560	1.42227E+01
9.52207E+00	1000260560	4.14265E+02	1000260560	4.49807E+02
8.35566E+00	1000260560	8.73626E+03	1000260560	9.28583E+03
1.64702E-01	1000260560	2.20136E+03	1000260560	2.20500E+03
1.08597E+00	1000260560	3.46129E+02	1000260560	3.48883E+02
8.18145E+00	1000260560	9.16282E+01	1000260560	9.28662E+01
2.24181E+00	1000260560	1.64076E+01	1000260560	1.64077E+01
4.74821E+00	1000260560	2.10241E+01	1000260560	2.10247E+01
4.78064E+00	1000260560	2.07104E+02	1000260560	2.12211E+02
3.20321E+00	1000260560	3.00448E+00	1000260560	3.00448E+00
9.64497E+00	1000260560	3.05401E+01	1000260560	3.05552E+01
8.97527E+00	1000260560	2.14567E+02	1000260560	2.25347E+02
9.21549E+00	1000260560	1.67963E+00	1000260560	1.67963E+00
4.04162E+00	1000260560	1.24629E+04	1000260560	1.27879E+04
3.46906E+00	1000260560	9.62573E+01	1000260560	9.68470E+01
3.41115E-01	1000260560	8.49702E+02	1000260560	8.52584E+02
3.88273E+00	1000260560	2.76508E+00	1000260560	2.76508E+00
1.15396E+00	1000260560	5.54324E+03	1000260560	5.59681E+03
3.34487E+00	1000260560	4.66443E+00	1000260560	4.66443E+00
4.99437E+00	1000260560	1.27737E+03	1000260560	1.34667E+03
5.07516E-01	1000260560	2.40704E+03	1000260560	2.41920E+03
3.26169E+00	1000260560	1.43084E+04	1000260560	1.45924E+04
9.68916E+00	1000260560	4.16085E+01	1000260560	4.16841E+01
8.85030E+00	1000260560	7.24786E+01	1000260560	7.31162E+01
7.95603E+00	1000260560	2.62028E+00	1000260560	2.62028E+00
7.18272E+00	1000260560	3.28581E+00	1000260560	3.28581E+00
7.18575E+00	1000260560	1.37590E+00	1000260560	1.37590E+00
1.38513E+00	1000260560	8.88563E+00	1000260560	8.88563E+00
6.66338E-01	1000260560	5.98051E+00	1000260560	5.98051E+00
6.34973E+00	1000260560	1.75753E+02	1000260560	1.80672E+02
6.86040E+00	1000260560	4.28490E+00	1000260560	4.28490E+00
9.45716E+00	1000260560	1.55668E+04	1000260560	1.64529E+04
8.70660E+00	1000260560	2.62389E+00	1000260560	2.62389E+00
5.05182E+00	1000260560	8.74963E+01	1000260560	8.81504E+01
2.89202E-01	1000260560	4.55004E+02	1000260560	4.56099E+02
6.47351E+00	1000260560	1.32049E+02	1000260560	1.34653E+02
1.68874E+00	1000260560	2.56914E+01	1000260560	2.56922E+01
2.08170E+00	1000260560	1.90290E+04	1000260560	1.92422E+04
6.33831E+00	1000260560	2.72195E+03	1000260560	2.89942E+03
9.46811E+00	1000260560	2.31945E+03	1000260560	2.55834E+03
4.44033E+00	1000260560	9.93234E+00	1000260560	9.93234E+00
2.79090E+00	1000260560	3.80637E+00	1000260560	3.80637E+00
1.59970E-01	1000260560	9.62190E+02	1000260560	9.63744E+02
1.35060E+00	1000260560	2.31249E+01	1000260560	2.31253E+01
5.76788E+00	1000260560	4.97778E+01	1000260560	4.98777E+01
7.07922E+00	1000260560	1.32203E+01	1000260560	1.32203E+01
6.45967E+00	1000260560	1.02285E+03	1000260560	1.09518E+03
2.31634E+00	1000260560	3.49799E+01	1000260560	3.49875E+01
3.31994E+00	1000260560	3.66479E+01	1000260560	3.66616E+01
4.54207E+00	1000260560	4.92235E+02	1000260560	5.12537E+02
8.71663E-02	1000260560	1.01351E+04	1000260560	1.01412E+04
6.57329E+00	1000260560	6.80848E+03	1000260560	7.17228E+03
8.45939E-01	1000260560	2.97422E+02	1000260560	2.99094E+02
3.93863E+00	1000260560	9.47362E+01	1000260560	9.53775E+01
9.29675E+00	1000260560	1.26341E+00	1000260560	1.26341E+00
9.95162E+00	1000260560	5.79688E+01	1000260560	5.82893E+01
7.52074E+00	1000260560	2.07005E+04	1000260560	2.15229E+04
2.13739E+00	1000260560	4.95181E+03	1000260560	5.04384E+03
2.11933E+00	1000260560	1.83791E+03	1000260560	1.87842E+03
6.94998E+00	1000260560	1.53379E+01	1000260560	1.53380E+01
4.88924E+00	1000260560	6.33625E+03	1000260560	6.59133E+03
9.93549E-01	1000260560	2.30753E+04	1000260560	2.31882E+04
5.51265E+00	1000260560	1.59672E+00	1000260560	1.59672E+00
1.96584E+00	1000260560	5.20643E+01	1000260560	5.21047E+01
3.76020E+00	1000260560	5.28028E+01	1000260560	5.28852E+01
7.24460E+00	1000260560	5.91002E+03	1000260560	6.27569E+03
3.57641E+00	1000260560	2.80757E+00	1000260560	2.80757E+00
7.38952E+00	1000260560	1.20698E+02	1000260560	1.23084E+02
5.48750E+00	1000260560	8.12452E+00	1000260560	8.12452E+00
9.84242E+00	1000260560	2.41474E+02	1000260560	2.56472E+02
4.17757E+00	1000260560	1.17107E+01	1000260560	1.17107E+01
1.61267E+00	1000260560	1.16491E+00	1000260560	1.16491E+00
3.94713E+00	1000260560	1.44171E+02	1000260560	1.46090E+02
7.33017E+00	1000260560	3.28800E+03	1000260560	3.52882E+03
6.06992E+00	1000260560	5.31685E+00	1000260560	5.31685E+00
9.26735E+00	1000260560	1.17322E+01	1000260560	1.17322E+01
2.63578E+00	1000260560	9.62105E+02	1000260560	9.88453E+02
6.98380E+00	1000260560	1.35550E+04	1000260560	1.41531E+04
8.43075E+00	1000260560	7.11732E+01	1000260560	7.17437E+01
4.06008E+00	1000260560	1.32212E+01	1000260560	1.32212E+01
2.18588E+00	1000260560	1.55855E+00	1000260560	1.55855E+00
5.33481E+00	1000260560	1.89474E+03	1000260560	2.00304E+03
9.44119E-01	1000260560	9.24175E+02	1000260560	9.33022E+02
3.90013E+00	1000260560	4.88007E+03	1000260560	5.04822E+03
8.98773E+00	1000260560	1.01392E+02	1000260560	1.03227E+02
7.60058E+00	1000260560	1.33603E+04	1000260560	1.40074E+04
1.32524E+00	1000260560	3.87740E+03	1000260560	3.92461E+03
8.30833E+00	1000260560	1.10937E+04	1000260560	1.17278E+04
2.51281E-01	1000260560	8.66484E+03	1000260560	8.68061E+03
9.04541E+00	1000260560	1.09231E+04	1000260560	1.16092E+04
3.72914E+00	1000260560	5.44891E+02	1000260560	5.63823E+02
8.93973E+00	1000260560	9.26667E+02	1000260560	1.01942E+03
9.93439E+00	1000260560	4.39029E+03	1000260560	4.80422E+03
1.63674E+00	1000260560	5.74040E+01	1000260560	5.74535E+01
6.90092E+00	1000260560	3.95954E+00	1000260560	3.95954E+00
6.83524E+00	1000260560	1.21007E+02	1000260560	1.23220E+02
1.67016E+00	1000260560	9.81987E+01	1000260560	9.84960E+01
9.16616E+00	1000260560	2.41700E+00	1000260560	2.41700E+00
1.35521E+00	1000260560	9.78191E+02	1000260560	9.91780E+02
7.57188E+00	1000260560	1.14587E+01	1000260560	1.14587E+01
4.20606E+00	1000260560	1.17055E+01	1000260560	1.17055E+01
4.72283E+00	1000260560	1.12299E+03	1000260560	1.18020E+03
9.05070E+00	1000260560	3.53743E+02	1000260560	3.80079E+02
4.19458E+00	1000260560	5.76194E+00	1000260560	5.76194E+00
5.07040E-01	1000260560	1.87337E+02	1000260560	1.87760E+02
6.17680E+00	1000260560	2.52373E+02	1000260560	2.62140E+02
9.67843E+00	1000260560	1.35266E+00	1000260560	1.35266E+00
2.84338E+00	1000260560	3.63498E+02	1000260560	3.71465E+02
4.60237E+00	1000260560	2.79000E+00	1000260560	2.79000E+00
8.31314E+00	1000260560	4.92123E+03	1000260560	5.29286E+03
4.39107E+00	1000260560	1.07054E+02	1000260560	1.08065E+02
2.90740E+00	1000260560	1.73878E+02	1000260560	1.76004E+02
5.39753E+00	1000260560	1.69028E+02	1000260560	1.72833E+02
3.43164E+00	1000260560	5.97672E+03	1000260560	6.14718E+03
1.17355E+00	1000260560	1.96920E+02	1000260560	1.98012E+02
5.76658E+00	1000260560	1.63191E+04	1000260560	1.68669E+04
5.50718E+00	1000260560	4.56266E+03	1000260560	4.79127E+03
3.29070E+00	1000260560	2.02470E+00	1000260560	2.02470E+00
3.84439E+00	1000260560	1.99818E+02	1000260560	2.03605E+02
1.19917E+00	1000260560	3.34100E+03	1000260560	3.37896E+03
3.18996E+00	1000260560	2.51654E+01	1000260560	2.51669E+01
6.24888E+00	1000260560	1.98502E+02	1000260560	2.04736E+02
6.05350E+00	1000260560	3.40829E+00	1000260560	3.40829E+00
4.37640E+00	1000260560	1.54693E+03	1000260560	1.61976E+03
9.49116E+00	1000260560	2.12400E+01	1000260560	2.12413E+01
9.00488E+00	1000260560	4.62254E+02	1000260560	5.01382E+02
4.21236E+00	1000260560	5.58366E+00	1000260560	5.58366E+00
7.73939E+00	1000260560	4.71236E+02	1000260560	5.05199E+02
6.51287E+00	1000260560	5.13563E+02	1000260560	5.45228E+02
7.24659E+00	1000260560	2.36806E+04	1000260560	2.45328E+04
3.18135E+00	1000260560	9.52575E+00	1000260560	9.52575E+00
8.67207E+00	1000260560	1.05002E+04	1000260560	1.11415E+04
6.57430E+00	1000260560	7.90897E+02	1000260560	8.46134E+02
7.74458E-01	1000260560	1.09128E+01	1000260560	1.09128E+01
3.22480E+00	1000260560	1.02868E+01	1000260560	1.02868E+01
3.77117E+00	1000260560	7.47071E+02	1000260560	7.75632E+02
1.72408E+00	1000260560	1.04262E+00	1000260560	1.04262E+00
4.09300E+00	1000260560	5.75931E+00	1000260560	5.75931E+00
1.29759E-01	1000260560	2.11587E+04	1000260560	2.11727E+04
2.12282E+00	1000260560	4.36207E+01	1000260560	4.36411E+01
2.58999E+00	1000260560	1.46563E+00	1000260560	1.46563E+00
9.73168E+00	1000260560	6.45646E+02	1000260560	7.12369E+02
8.64908E+00	1000260560	2.09088E+02	1000260560	2.18917E+02
1.22091E+00	1000260560	2.16012E+01	1000260560	2.16014E+01
6.49667E+00	1000260560	5.49791E+01	1000260560	5.51482E+01
8.42380E+00	1000260560	6.89824E+02	1000260560	7.51408E+02
3.61397E+00	1000260560	1.17222E+03	1000260560	1.21741E+03
9.88961E+00	1000260560	2.95299E+00	1000260560	2.95299E+00
8.74279E+00	1000260560	6.21413E+03	1000260560	6.67501E+03
3.14729E+00	1000260560	2.48322E+03	1000260560	2.56253E+03
