#	D	ID	E	ID0	E0
#
# D             Trajectory length [1 Mpc]
# ID/ID0/ID1    Particle type (PDG MC numbering scheme)
# E/E0/E1       Energy [1 EeV]
# no index = current, 0 = at source, 1 = at point of creation
#
# CRPropa version: -128-NOTFOUND
#
3.17200E+03	1000010010	2.37361E+21	1000010010	2.37361E+21
2.07813E+03	1000010010	2.91589E+19	1000010010	2.91589E+19
4.79294E+03	1000010010	3.91154E+19	1000010010	3.91154E+19
2.87029E+03	1000010010	2.43359E+21	1000010010	2.43359E+21
2.02051E+03	1000010010	5.48593E+20	1000010010	5.48593E+20
1.26710E+02	1000010010	7.76178E+18	1000010010	7.76178E+18
2.10854E+03	1000010010	2.30525E+21	1000010010	2.30525E+21
2.78706E+02	1000010010	4.39988E+21	1000010010	4.39988E+21
1.44750E+02	1000010010	6.80700E+18	1000010010	6.80700E+18
3.62360E+03	1000010010	3.75735E+20	1000010010	3.75735E+20
6.23202E+03	1000010010	2.71308E+20	1000010010	2.71308E+20
6.39011E+02	1000010010	7.70123E+18	1000010010	7.70123E+18
3.62795E+03	1000010010	7.00620E+18	1000010010	7.00620E+18
7.51012E+03	1000010010	1.91225E+20	1000010010	1.91225E+20
9.50240E+03	1000010010	4.57508E+21	1000010010	4.57508E+21
2.91900E+03	1000010010	1.39433E+21	1000010010	1.39433E+21
3.84903E+03	1000010010	1.22769E+19	1000010010	1.22769E+19
3.17990E+02	1000010010	1.31271E+21	1000010010	1.31271E+21
6.37117E+02	1000010010	8.52766E+18	1000010010	8.52766E+18
2.08651E+03	1000010010	1.96181E+19	1000010010	1.96181E+19
2.98475E+03	1000010010	2.72187E+19	1000010010	2.72187E+19
1.71910E+02	1000010010	2.43902E+21	1000010010	2.43902E+21
8.72126E+02	1000010010	2.34565E+19	1000010010	2.34565E+19
1.52864E+03	1000010010	2.89385E+20	1000010010	2.89385E+20
4.80793E+03	1000010010	2.32482E+19	1000010010	2.32482E+19
2.76606E+03	1000010010	6.19203E+19	1000010010	6.19203E+19
2.45103E+02	1000010010	3.18869E+21	1000010010	3.18869E+21
3.84613E+03	1000010010	2.31535E+20	1000010010	2.31535E+20
1.19225E+03	1000010010	9.00586E+20	1000010010	9.00586E+20
1.16228E+02	1000010010	4.67314E+19	1000010010	4.67314E+19
2.13279E+03	1000010010	4.87279E+19	1000010010	4.87279E+19
4.63907E+03	1000010010	4.11955E+20	1000010010	4.11955E+20
4.96027E+03	1000010010	2.45726E+21	1000010010	2.45726E+21
9.54984E+02	1000010010	1.03131E+21	1000010010	1.03131E+21
3.32033E+03	1000010010	1.60622E+21	1000010010	1.60622E+21
2.12891E+03	1000010010	3.28272E+20	1000010010	3.28272E+20
2.59369E+03	1000010010	6.39826E+18	1000010010	6.39826E+18
9.10930E+03	1000010010	8.63952E+20	1000010010	8.63952E+20
7.25542E+02	1000010010	2.36283E+20	1000010010	2.36283E+20
1.24320E+03	1000010010	4.61986E+19	1000010010	4.61986E+19
3.19252E+02	1000010010	2.13022E+19	1000010010	2.13022E+19
6.48796E+02	1000010010	2.12663E+20	1000010010	2.12663E+20
4.05090E+03	1000010010	3.05044E+20	1000010010	3.05044E+20
1.52443E+03	1000010010	4.30570E+19	1000010010	4.30570E+19
7.25801E+02	1000010010	3.16738E+21	1000010010	3.16738E+21
7.01969E+03	1000010010	3.12775E+20	1000010010	3.12775E+20
5.53525E+03	1000010010	2.38099E+20	1000010010	2.38099E+20
2.35541E+03	1000010010	1.92248E+20	1000010010	1.92248E+20
1.62805E+03	1000010010	2.22130E+21	1000010010	2.22130E+21
2.58775E+03	1000010010	9.84969E+18	1000010010	9.84969E+18
7.76067E+02	1000010010	3.75721E+19	1000010010	3.75721E+19
1.97995E+03	1000010010	3.75251E+20	1000010010	3.75251E+20
4.47366E+03	1000010010	7.10738E+20	1000010010	7.10738E+20
2.06087E+03	1000010010	7.45608E+19	1000010010	7.45608E+19
8.92932E+02	1000010010	1.24985E+20	1000010010	1.24985E+20
6.28316E+02	1000010010	1.69121E+19	1000010010	1.69121E+19
4.24612E+02	1000010010	2.07035E+21	1000010010	2.07035E+21
4.73369E+03	1000010010	1.65057E+19	1000010010	1.65057E+19
9.67057E+02	1000010010	2.72373E+19	1000010010	2.72373E+19
5.25246E+03	1000010010	3.72881E+21	1000010010	3.72881E+21
5.88635E+03	1000010010	1.13349E+21	1000010010	1.13349E+21
1.58102E+03	1000010010	4.28006E+19	1000010010	4.28006E+19
6.16362E+03	1000010010	1.59402E+21	1000010010	1.59402E+21
2.27413E+03	1000010010	2.94547E+19	1000010010	2.94547E+19
2.46746E+03	1000010010	2.13674E+21	1000010010	2.13674E+21
3.67242E+03	1000010010	7.82987E+20	1000010010	7.82987E+20
5.94757E+03	1000010010	4.07367E+19	1000010010	4.07367E+19
1.46673E+03	1000010010	8.86814E+18	1000010010	8.86814E+18
1.72048E+03	1000010010	2.73191E+20	1000010010	2.73191E+20
1.75363E+03	1000010010	1.89928E+20	1000010010	1.89928E+20
6.94194E+02	1000010010	1.08531E+20	1000010010	1.08531E+20
1.68744E+03	1000010010	1.99057E+19	1000010010	1.99057E+19
1.46656E+03	1000010010	3.16637E+19	1000010010	3.16637E+19
1.99158E+03	1000010010	1.10369E+19	1000010010	1.10369E+19
2.90124E+03	1000010010	7.95521E+20	1000010010	7.95521E+20
6.20953E+03	1000010010	5.38995E+19	1000010010	5.38995E+19
4.49972E+03	1000010010	5.26983E+21	1000010010	5.26983E+21
2.29535E+02	1000010010	5.90152E+20	1000010010	5.90152E+20
6.53861E+03	1000010010	2.58842E+20	1000010010	2.58842E+20
2.17227E+03	1000010010	2.40086E+20	1000010010	2.40086E+20
2.02265E+03	1000010010	2.52287E+20	1000010010	2.52287E+20
1.55153E+03	1000010010	7.81224E+20	1000010010	7.81224E+20
3.55477E+03	1000010010	9.77858E+18	1000010010	9.77858E+18
3.44899E+03	1000010010	8.78814E+20	1000010010	8.78814E+20
4.46995E+03	1000010010	4.40030E+19	1000010010	4.40030E+19
8.21238E+03	1000010010	3.96521E+20	1000010010	3.96521E+20
7.77773E+03	1000010010	4.34295E+21	1000010010	4.34295E+21
4.30732E+03	1000010010	5.21080E+21	1000010010	5.21080E+21
8.55139E+02	1000010010	2.72358E+19	1000010010	2.72358E+19
4.00083E+02	1000010010	1.21520E+21	1000010010	1.21520E+21
5.02528E+03	1000010010	5.85393E+21	1000010010	5.85393E+21
8.87057E+02	1000010010	2.86033E+19	1000010010	2.86033E+19
2.43639E+03	1000010010	1.28192E+20	1000010010	1.28192E+20
2.47326E+03	1000010010	6.25250E+20	1000010010	6.25250E+20
3.13417E+03	1000010010	4.80225E+20	1000010010	4.80225E+20
4.97131E+03	1000010010	2.41466E+21	1000010010	2.41466E+21
2.71059E+03	1000010010	4.85260E+20	1000010010	4.85260E+20
2.75987E+03	1000010010	2.18112E+20	1000010010	2.18112E+20
1.58577E+03	1000010010	2.06558E+20	1000010010	2.06558E+20
7.42463E+03	1000010010	6.43927E+20	1000010010	6.43927E+20
7.29753E+03	1000010010	5.32041E+20	1000010010	5.32041E+20
4.66451E+03	1000010010	2.18805E+20	1000010010	2.18805E+20
6.47057E+03	1000010010	7.32800E+19	1000010010	7.32800E+19
6.08485E+03	1000010010	9.65312E+18	1000010010	9.65312E+18
9.12262E+02	1000010010	2.02464E+20	1000010010	2.02464E+20
3.64872E+03	1000010010	1.00907E+21	1000010010	1.00907E+21
3.93072E+03	1000010010	1.45342E+19	1000010010	1.45342E+19
1.79811E+03	1000010010	5.85926E+21	1000010010	5.85926E+21
4.94275E+03	1000010010	2.83137E+20	1000010010	2.83137E+20
3.32980E+02	1000010010	1.70997E+21	1000010010	1.70997E+21
2.78284E+03	1000010010	1.31909E+21	1000010010	1.31909E+21
1.72080E+03	1000010010	3.67308E+20	1000010010	3.67308E+20
7.23974E+03	1000010010	6.78566E+20	1000010010	6.78566E+20
2.45245E+03	1000010010	4.24400E+20	1000010010	4.24400E+20
1.11712E+03	1000010010	3.29993E+20	1000010010	3.29993E+20
1.61619E+02	1000010010	1.19826E+20	1000010010	1.19826E+20
7.27978E+03	1000010010	1.92237E+20	1000010010	1.92237E+20
1.77357E+03	1000010010	5.91492E+19	1000010010	5.91492E+19
5.39695E+03	1000010010	3.26647E+21	1000010010	3.26647E+21
3.83390E+03	1000010010	5.84750E+21	1000010010	5.84750E+21
6.99905E+02	1000010010	1.18861E+19	1000010010	1.18861E+19
5.97590E+03	1000010010	2.45854E+19	1000010010	2.45854E+19
1.16221E+03	1000010010	1.41044E+19	1000010010	1.41044E+19
3.62126E+03	1000010010	2.09668E+20	1000010010	2.09668E+20
5.06629E+03	1000010010	1.21027E+19	1000010010	1.21027E+19
8.43828E+03	1000010010	3.83653E+19	1000010010	3.83653E+19
3.89868E+03	1000010010	9.92791E+18	1000010010	9.92791E+18
3.57208E+03	1000010010	1.05615E+19	1000010010	1.05615E+19
7.33000E+02	1000010010	8.17663E+20	1000010010	8.17663E+20
2.68257E+03	1000010010	2.52457E+21	1000010010	2.52457E+21
1.99017E+03	1000010010	3.50268E+20	1000010010	3.50268E+20
1.61852E+03	1000010010	2.37121E+19	1000010010	2.37121E+19
3.06709E+02	1000010010	1.16771E+20	1000010010	1.16771E+20
5.76652E+03	1000010010	3.32208E+21	1000010010	3.32208E+21
4.30890E+02	1000010010	2.48224E+21	1000010010	2.48224E+21
2.77356E+02	1000010010	2.10273E+21	1000010010	2.10273E+21
8.78489E+03	1000010010	2.13596E+19	1000010010	2.13596E+19
8.61846E+02	1000010010	2.13428E+20	1000010010	2.13428E+20
5.99446E+03	1000010010	8.75532E+19	1000010010	8.75532E+19
5.69433E+03	1000010010	1.02348E+19	1000010010	1.02348E+19
5.05315E+02	1000010010	4.98762E+20	1000010010	4.98762E+20
7.91585E+03	1000010010	1.54870E+20	1000010010	1.54870E+20
7.11268E+02	1000010010	3.05499E+19	1000010010	3.05499E+19
1.79482E+02	1000010010	2.14422E+19	1000010010	2.14422E+19
3.37928E+03	1000010010	1.11450E+19	1000010010	1.11450E+19
5.09120E+03	1000010010	3.46452E+21	1000010010	3.46452E+21
1.49117E+03	1000010010	2.47061E+21	1000010010	2.47061E+21
2.59489E+03	1000010010	2.30543E+20	1000010010	2.30543E+20
1.23671E+03	1000010010	5.11825E+21	1000010010	5.11825E+21
9.68069E+03	1000010010	1.32009E+21	1000010010	1.32009E+21
1.94741E+02	1000010010	5.50079E+19	1000010010	5.50079E+19
4.94110E+02	1000010010	4.85165E+20	1000010010	4.85165E+20
4.53827E+03	1000010010	8.55209E+19	1000010010	8.55209E+19
3.60950E+03	1000010010	1.56273E+19	1000010010	1.56273E+19
3.84350E+02	1000010010	1.97976E+21	1000010010	1.97976E+21
2.05484E+02	1000010010	5.87483E+21	1000010010	5.87483E+21
1.91912E+03	1000010010	1.96461E+19	1000010010	1.96461E+19
5.95740E+03	1000010010	3.10300E+19	1000010010	3.10300E+19
4.93186E+03	1000010010	3.56127E+19	1000010010	3.56127E+19
1.39762E+03	1000010010	8.52179E+19	1000010010	8.52179E+19
4.40614E+02	1000010010	3.03359E+21	1000010010	3.03359E+21
1.40214E+03	1000010010	4.34748E+21	1000010010	4.34748E+21
3.29839E+03	1000010010	1.16473E+20	1000010010	1.16473E+20
1.93360E+03	1000010010	1.40533E+19	1000010010	1.40533E+19
1.34766E+03	1000010010	2.14455E+21	1000010010	2.14455E+21
4.40390E+03	1000010010	1.33797E+20	1000010010	1.33797E+20
3.62025E+03	1000010010	5.49189E+19	1000010010	5.49189E+19
5.43693E+02	1000010010	9.14948E+19	1000010010	9.14948E+19
6.99546E+03	1000010010	1.71222E+20	1000010010	1.71222E+20
2.88587E+03	1000010010	8.15749E+20	1000010010	8.15749E+20
7.80421E+02	1000010010	6.32115E+18	1000010010	6.32115E+18
1.38952E+03	1000010010	9.62194E+20	1000010010	9.62194E+20
1.50691E+03	1000010010	1.59950E+21	1000010010	1.59950E+21
1.49833E+03	1000010010	7.57584E+18	1000010010	7.57584E+18
2.01025E+03	1000010010	2.18638E+19	1000010010	2.18638E+19
3.94839E+03	1000010010	1.01860E+20	1000010010	1.01860E+20
6.48498E+03	1000010010	9.81947E+18	1000010010	9.81947E+18
4.19745E+02	1000010010	1.39305E+21	1000010010	1.39305E+21
3.83857E+03	1000010010	8.80544E+18	1000010010	8.80544E+18
4.38404E+03	1000010010	2.24941E+19	1000010010	2.24941E+19
7.13217E+03	1000010010	1.70799E+19	1000010010	1.70799E+19
3.87186E+03	1000010010	5.06546E+20	1000010010	5.06546E+20
3.94534E+02	1000010010	1.88630E+20	1000010010	1.88630E+20
6.70164E+03	1000010010	1.79162E+21	1000010010	1.79162E+21
5.41315E+03	1000010010	5.38362E+20	1000010010	5.38362E+20
1.29233E+03	1000010010	1.65392E+19	1000010010	1.65392E+19
3.90924E+02	1000010010	1.38147E+21	1000010010	1.38147E+21
1.32285E+03	1000010010	4.91396E+21	1000010010	4.91396E+21
4.86519E+03	1000010010	2.91649E+20	1000010010	2.91649E+20
7.53420E+02	1000010010	2.35816E+20	1000010010	2.35816E+20
2.65122E+03	1000010010	6.64223E+19	1000010010	6.64223E+19
1.39308E+03	1000010010	1.69566E+21	1000010010	1.69566E+21
6.12191E+02	1000010010	4.46915E+20	1000010010	4.46915E+20
2.36513E+02	1000010010	1.67077E+21	1000010010	1.67077E+21
3.31476E+03	1000010010	3.12456E+20	1000010010	3.12456E+20
7.67009E+03	1000010010	8.76003E+19	1000010010	8.76003E+19
1.97329E+03	1000010010	2.23110E+19	1000010010	2.23110E+19
1.77359E+03	1000010010	6.27147E+20	1000010010	6.27147E+20
3.99241E+03	1000010010	8.25090E+19	1000010010	8.25090E+19
5.16768E+03	1000010010	1.84849E+20	1000010010	1.84849E+20
9.00210E+03	1000010010	1.76926E+19	1000010010	1.76926E+19
5.48825E+03	1000010010	2.44070E+21	1000010010	2.44070E+21
9.62959E+02	1000010010	9.53623E+20	1000010010	9.53623E+20
6.19413E+03	1000010010	1.48515E+21	1000010010	1.48515E+21
1.43248E+03	1000010010	1.00993E+20	1000010010	1.00993E+20
8.52515E+03	1000010010	8.58452E+19	1000010010	8.58452E+19
5.39748E+03	1000010010	1.58550E+20	1000010010	1.58550E+20
5.23103E+03	1000010010	2.49584E+20	1000010010	2.49584E+20
5.08263E+03	1000010010	1.98446E+19	1000010010	1.98446E+19
2.93262E+03	1000010010	2.20549E+19	1000010010	2.20549E+19
3.27356E+03	1000010010	2.60344E+19	1000010010	2.60344E+19
2.78702E+03	1000010010	1.88364E+19	1000010010	1.88364E+19
5.98457E+02	1000010010	3.14603E+20	1000010010	3.14603E+20
7.60923E+03	1000010010	1.74597E+19	1000010010	1.74597E+19
1.58559E+03	1000010010	2.49070E+20	1000010010	2.49070E+20
3.49720E+02	1000010010	7.41552E+18	1000010010	7.41552E+18
1.98072E+03	1000010010	3.88476E+20	1000010010	3.88476E+20
5.78809E+03	1000010010	6.79468E+19	1000010010	6.79468E+19
7.36334E+02	1000010010	3.00759E+19	1000010010	3.00759E+19
4.97391E+02	1000010010	7.38868E+18	1000010010	7.38868E+18
3.77793E+03	1000010010	1.74632E+20	1000010010	1.74632E+20
4.56273E+03	1000010010	1.37079E+20	1000010010	1.37079E+20
1.40751E+03	1000010010	2.86114E+19	1000010010	2.86114E+19
8.80801E+02	1000010010	1.66393E+21	1000010010	1.66393E+21
2.95438E+03	1000010010	9.18776E+19	1000010010	9.18776E+19
2.20999E+03	1000010010	4.25157E+19	1000010010	4.25157E+19
7.76227E+03	1000010010	9.35790E+19	1000010010	9.35790E+19
3.80540E+03	1000010010	9.41031E+20	1000010010	9.41031E+20
7.00291E+02	1000010010	2.39669E+21	1000010010	2.39669E+21
1.16587E+03	1000010010	1.50832E+19	1000010010	1.50832E+19
2.96771E+03	1000010010	1.44380E+20	1000010010	1.44380E+20
4.83388E+03	1000010010	2.69362E+20	1000010010	2.69362E+20
8.51840E+03	1000010010	8.19993E+19	1000010010	8.19993E+19
5.32792E+03	1000010010	1.15624E+21	1000010010	1.15624E+21
3.86229E+03	1000010010	6.13939E+19	1000010010	6.13939E+19
9.24819E+03	1000010010	1.29469E+20	1000010010	1.29469E+20
5.37260E+03	1000010010	4.97467E+20	1000010010	4.97467E+20
7.98917E+03	1000010010	2.93682E+19	1000010010	2.93682E+19
1.52840E+03	1000010010	8.67519E+20	1000010010	8.67519E+20
1.74541E+03	1000010010	3.49202E+21	1000010010	3.49202E+21
2.57962E+03	1000010010	1.02171E+20	1000010010	1.02171E+20
2.74641E+02	1000010010	5.02159E+21	1000010010	5.02159E+21
9.58839E+02	1000010010	1.46613E+21	1000010010	1.46613E+21
1.47653E+03	1000010010	3.87987E+19	1000010010	3.87987E+19
2.41019E+03	1000010010	1.44426E+21	1000010010	1.44426E+21
8.84552E+03	1000010010	1.03701E+19	1000010010	1.03701E+19
3.42122E+03	1000010010	9.94322E+18	1000010010	9.94322E+18
3.01883E+02	1000010010	7.22941E+18	1000010010	7.22941E+18
1.09224E+03	1000010010	1.15342E+20	1000010010	1.15342E+20
3.79005E+03	1000010010	3.94913E+20	1000010010	3.94913E+20
3.30298E+03	1000010010	1.40278E+19	1000010010	1.40278E+19
8.83041E+02	1000010010	3.95325E+20	1000010010	3.95325E+20
2.35695E+03	1000010010	7.75216E+19	1000010010	7.75216E+19
4.29630E+03	1000010010	3.19630E+21	1000010010	3.19630E+21
8.51827E+02	1000010010	1.10515E+20	1000010010	1.10515E+20
3.31478E+03	1000010010	1.56428E+19	1000010010	1.56428E+19
6.93967E+03	1000010010	2.81556E+19	1000010010	2.81556E+19
7.34476E+03	1000010010	7.77258E+20	1000010010	7.77258E+20
3.08101E+03	1000010010	5.19653E+20	1000010010	5.19653E+20
7.93841E+03	1000010010	8.94260E+18	1000010010	8.94260E+18
4.21656E+03	1000010010	1.49162E+19	1000010010	1.49162E+19
6.96082E+03	1000010010	1.12410E+20	1000010010	1.12410E+20
1.51355E+03	1000010010	3.98225E+20	1000010010	3.98225E+20
5.21132E+03	1000010010	3.25699E+20	1000010010	3.25699E+20
6.02109E+03	1000010010	3.45318E+19	1000010010	3.45318E+19
3.15424E+03	1000010010	2.05377E+19	1000010010	2.05377E+19
6.07706E+02	1000010010	3.70473E+20	1000010010	3.70473E+20
4.14054E+02	1000010010	2.25790E+20	1000010010	2.25790E+20
1.20194E+02	1000010010	9.33275E+20	1000010010	9.33275E+20
3.94680E+03	1000010010	5.03242E+20	1000010010	5.03242E+20
4.28106E+03	1000010010	6.32553E+18	1000010010	6.32553E+18
9.57920E+02	1000010010	6.56136E+20	1000010010	6.56136E+20
5.19870E+03	1000010010	5.56337E+20	1000010010	5.56337E+20
3.40453E+02	1000010010	1.08083E+21	1000010010	1.08083E+21
3.42779E+03	1000010010	3.79199E+19	1000010010	3.79199E+19
2.35568E+03	1000010010	1.63151E+20	1000010010	1.63151E+20
4.46005E+03	1000010010	4.67457E+21	1000010010	4.67457E+21
1.83755E+03	1000010010	1.65344E+21	1000010010	1.65344E+21
1.55305E+03	1000010010	2.95508E+19	1000010010	2.95508E+19
9.82033E+03	1000010010	1.95347E+20	1000010010	1.95347E+20
5.19788E+03	1000010010	1.75958E+20	1000010010	1.75958E+20
1.36430E+03	1000010010	1.30809E+19	1000010010	1.30809E+19
4.65405E+03	1000010010	5.12984E+19	1000010010	5.12984E+19
1.60648E+02	1000010010	1.94893E+20	1000010010	1.94893E+20
5.44983E+03	1000010010	7.72432E+20	1000010010	7.72432E+20
2.31309E+03	1000010010	9.94488E+20	1000010010	9.94488E+20
5.08701E+03	1000010010	6.49121E+19	1000010010	6.49121E+19
4.27056E+03	1000010010	6.86556E+19	1000010010	6.86556E+19
2.75638E+03	1000010010	3.08741E+20	1000010010	3.08741E+20
2.68127E+02	1000010010	2.58877E+20	1000010010	2.58877E+20
5.61024E+02	1000010010	1.38418E+19	1000010010	1.38418E+19
7.13272E+03	1000010010	4.74498E+21	1000010010	4.74498E+21
6.35845E+03	1000010010	1.31284E+21	1000010010	1.31284E+21
3.43745E+03	1000010010	1.92584E+21	1000010010	1.92584E+21
5.59281E+03	1000010010	2.41098E+20	1000010010	2.41098E+20
2.14141E+03	1000010010	6.70235E+18	1000010010	6.70235E+18
1.63846E+02	1000010010	3.30433E+20	1000010010	3.30433E+20
8.13866E+03	1000010010	1.34678E+21	1000010010	1.34678E+21
1.77381E+03	1000010010	1.19200E+19	1000010010	1.19200E+19
2.26255E+03	1000010010	1.01913E+19	1000010010	1.01913E+19
4.18524E+03	1000010010	2.78418E+20	1000010010	2.78418E+20
5.45505E+03	1000010010	5.64301E+21	1000010010	5.64301E+21
5.86335E+03	1000010010	2.26995E+19	1000010010	2.26995E+19
2.11764E+03	1000010010	8.13059E+18	1000010010	8.13059E+18
8.28877E+03	1000010010	2.12539E+20	1000010010	2.12539E+20
5.74477E+02	1000010010	3.05572E+21	1000010010	3.05572E+21
4.67803E+03	1000010010	3.17536E+19	1000010010	3.17536E+19
4.56697E+03	1000010010	3.42804E+19	1000010010	3.42804E+19
9.94779E+02	1000010010	6.75445E+20	1000010010	6.75445E+20
1.13656E+03	1000010010	1.28502E+19	1000010010	1.28502E+19
6.25492E+03	1000010010	3.25655E+19	1000010010	3.25655E+19
4.44922E+03	1000010010	5.64500E+21	1000010010	5.64500E+21
5.10918E+03	1000010010	5.60893E+19	1000010010	5.60893E+19
7.68177E+02	1000010010	6.40452E+19	1000010010	6.40452E+19
4.21315E+03	1000010010	3.38498E+20	1000010010	3.38498E+20
5.27873E+03	1000010010	2.37356E+19	1000010010	2.37356E+19
1.75745E+03	1000010010	3.32409E+21	1000010010	3.32409E+21
3.28968E+03	1000010010	2.51176E+21	1000010010	2.51176E+21
2.19095E+03	1000010010	3.48218E+21	1000010010	3.48218E+21
5.47933E+02	1000010010	2.66741E+20	1000010010	2.66741E+20
2.36383E+03	1000010010	1.64787E+20	1000010010	1.64787E+20
5.51805E+03	1000010010	3.06977E+20	1000010010	3.06977E+20
8.15932E+03	1000010010	1.77805E+20	1000010010	1.77805E+20
3.74324E+03	1000010010	7.34028E+20	1000010010	7.34028E+20
2.33831E+03	1000010010	1.79525E+20	1000010010	1.79525E+20
3.25279E+03	1000010010	1.13602E+21	1000010010	1.13602E+21
1.60599E+02	1000010010	3.58560E+21	1000010010	3.58560E+21
6.89651E+03	1000010010	5.36558E+19	1000010010	5.36558E+19
3.99518E+02	1000010010	1.00259E+19	1000010010	1.00259E+19
6.23263E+03	1000010010	8.81603E+19	1000010010	8.81603E+19
7.65988E+03	1000010010	6.20408E+20	1000010010	6.20408E+20
7.08720E+03	1000010010	2.11659E+21	1000010010	2.11659E+21
6.56923E+03	1000010010	4.92277E+20	1000010010	4.92277E+20
5.35506E+03	1000010010	7.68478E+19	1000010010	7.68478E+19
7.85474E+03	1000010010	3.30166E+19	1000010010	3.30166E+19
5.51036E+03	1000010010	2.98733E+20	1000010010	2.98733E+20
1.79213E+03	1000010010	5.91892E+19	1000010010	5.91892E+19
4.18630E+03	1000010010	6.98122E+18	1000010010	6.98122E+18
1.80356E+03	1000010010	7.70467E+18	1000010010	7.70467E+18
1.44468E+03	1000010010	1.18110E+21	1000010010	1.18110E+21
6.90200E+02	1000010010	4.63644E+20	1000010010	4.63644E+20
1.33367E+03	1000010010	1.47439E+20	1000010010	1.47439E+20
2.59037E+03	1000010010	3.29179E+20	1000010010	3.29179E+20
1.42847E+03	1000010010	6.74886E+18	1000010010	6.74886E+18
2.15913E+03	1000010010	7.88781E+18	1000010010	7.88781E+18
2.18716E+02	1000010010	7.76384E+20	1000010010	7.76384E+20
5.50360E+03	1000010010	1.24383E+20	1000010010	1.24383E+20
3.73900E+02	1000010010	1.31630E+20	1000010010	1.31630E+20
5.66427E+02	1000010010	1.49420E+19	1000010010	1.49420E+19
3.25489E+03	1000010010	6.80134E+20	1000010010	6.80134E+20
6.46225E+03	1000010010	1.30449E+20	1000010010	1.30449E+20
6.54777E+02	1000010010	5.88316E+21	1000010010	5.88316E+21
2.50741E+03	1000010010	1.00649E+19	1000010010	1.00649E+19
2.89741E+02	1000010010	9.56808E+18	1000010010	9.56808E+18
6.01067E+03	1000010010	8.58225E+18	1000010010	8.58225E+18
4.73062E+03	1000010010	7.10410E+19	1000010010	7.10410E+19
2.60480E+03	1000010010	3.44618E+19	1000010010	3.44618E+19
3.66229E+02	1000010010	3.71678E+21	1000010010	3.71678E+21
2.19060E+03	1000010010	9.90992E+20	1000010010	9.90992E+20
9.44812E+03	1000010010	3.85056E+21	1000010010	3.85056E+21
7.08232E+03	1000010010	2.90479E+21	1000010010	2.90479E+21
3.52483E+03	1000010010	6.57726E+19	1000010010	6.57726E+19
2.60421E+03	1000010010	4.57576E+19	1000010010	4.57576E+19
3.38099E+03	1000010010	2.20516E+20	1000010010	2.20516E+20
4.43182E+02	1000010010	3.62453E+19	1000010010	3.62453E+19
7.67804E+03	1000010010	4.82464E+20	1000010010	4.82464E+20
4.40661E+03	1000010010	6.57234E+20	1000010010	6.57234E+20
9.07022E+03	1000010010	3.97137E+21	1000010010	3.97137E+21
5.79103E+03	1000010010	1.12223E+20	1000010010	1.12223E+20
3.49583E+03	1000010010	2.25239E+20	1000010010	2.25239E+20
8.16488E+03	1000010010	8.23845E+18	1000010010	8.23845E+18
1.61922E+03	1000010010	1.80548E+21	1000010010	1.80548E+21
2.40056E+03	1000010010	7.13147E+19	1000010010	7.13147E+19
1.69806E+03	1000010010	2.89408E+20	1000010010	2.89408E+20
1.12616E+03	1000010010	2.35036E+21	1000010010	2.35036E+21
2.55095E+03	1000010010	1.71616E+20	1000010010	1.71616E+20
3.82907E+03	1000010010	1.12363E+20	1000010010	1.12363E+20
4.76454E+02	1000010010	3.02342E+20	1000010010	3.02342E+20
4.02477E+02	1000010010	6.81095E+18	1000010010	6.81095E+18
8.46983E+02	1000010010	8.05020E+19	1000010010	8.05020E+19
6.15603E+02	1000010010	9.82885E+20	1000010010	9.82885E+20
3.63968E+03	1000010010	1.03390E+20	1000010010	1.03390E+20
2.60127E+03	1000010010	1.35373E+20	1000010010	1.35373E+20
2.48955E+03	1000010010	3.28844E+21	1000010010	3.28844E+21
3.30820E+03	1000010010	4.69288E+19	1000010010	4.69288E+19
3.41038E+03	1000010010	2.25450E+21	1000010010	2.25450E+21
9.43848E+03	1000010010	3.02044E+19	1000010010	3.02044E+19
4.19642E+03	1000010010	4.30024E+21	1000010010	4.30024E+21
1.98437E+03	1000010010	5.66709E+20	1000010010	5.66709E+20
9.24797E+03	1000010010	1.27814E+20	1000010010	1.27814E+20
9.59633E+02	1000010010	1.25717E+19	1000010010	1.25717E+19
2.21769E+03	1000010010	5.04151E+20	1000010010	5.04151E+20
1.41925E+03	1000010010	1.65398E+20	1000010010	1.65398E+20
1.51322E+02	1000010010	2.66120E+20	1000010010	2.66120E+20
9.31227E+03	1000010010	6.99725E+20	1000010010	6.99725E+20
4.05054E+03	1000010010	2.17614E+19	1000010010	2.17614E+19
9.16615E+02	1000010010	3.37845E+20	1000010010	3.37845E+20
1.66095E+03	1000010010	3.88079E+20	1000010010	3.88079E+20
3.66923E+03	1000010010	5.28047E+20	1000010010	5.28047E+20
4.26246E+03	1000010010	4.55985E+21	1000010010	4.55985E+21
1.27973E+02	1000010010	1.70114E+20	1000010010	1.70114E+20
3.21264E+03	1000010010	3.90594E+21	1000010010	3.90594E+21
3.94534E+03	1000010010	1.76767E+21	1000010010	1.76767E+21
4.21825E+03	1000010010	2.15467E+19	1000010010	2.15467E+19
7.02944E+03	1000010010	3.03018E+20	1000010010	3.03018E+20
6.67672E+02	1000010010	5.02315E+21	1000010010	5.02315E+21
1.89418E+03	1000010010	3.25134E+21	1000010010	3.25134E+21
3.61649E+03	1000010010	8.16750E+19	1000010010	8.16750E+19
6.05889E+03	1000010010	2.99312E+21	1000010010	2.99312E+21
3.91717E+03	1000010010	1.54403E+19	1000010010	1.54403E+19
6.82066E+03	1000010010	1.05257E+19	1000010010	1.05257E+19
8.60457E+02	1000010010	5.64501E+20	1000010010	5.64501E+20
1.10706E+03	1000010010	2.77539E+21	1000010010	2.77539E+21
8.18798E+03	1000010010	1.01519E+19	1000010010	1.01519E+19
2.52483E+03	1000010010	5.19187E+19	1000010010	5.19187E+19
3.64091E+03	1000010010	1.26656E+21	1000010010	1.26656E+21
4.69358E+03	1000010010	1.16432E+19	1000010010	1.16432E+19
2.39921E+03	1000010010	2.47538E+21	1000010010	2.47538E+21
7.29676E+02	1000010010	2.62630E+20	1000010010	2.62630E+20
5.46868E+03	1000010010	1.89875E+20	1000010010	1.89875E+20
2.14898E+03	1000010010	2.22218E+21	1000010010	2.22218E+21
1.77447E+02	1000010010	2.96876E+21	1000010010	2.96876E+21
7.27976E+02	1000010010	2.70458E+19	1000010010	2.70458E+19
3.53680E+03	1000010010	8.36490E+18	1000010010	8.36490E+18
8.02484E+03	1000010010	1.14554E+21	1000010010	1.14554E+21
6.50232E+02	1000010010	6.90177E+18	1000010010	6.90177E+18
4.09508E+02	1000010010	7.08907E+18	1000010010	7.08907E+18
7.20574E+03	1000010010	2.02669E+19	1000010010	2.02669E+19
1.94555E+03	1000010010	3.45064E+20	1000010010	3.45064E+20
3.01194E+03	1000010010	1.03906E+21	1000010010	1.03906E+21
2.51219E+03	1000010010	3.01139E+21	1000010010	3.01139E+21
7.19642E+03	1000010010	2.19642E+20	1000010010	2.19642E+20
4.63277E+03	1000010010	5.78091E+19	1000010010	5.78091E+19
6.36158E+02	1000010010	1.06846E+19	1000010010	1.06846E+19
4.36295E+03	1000010010	1.55621E+21	1000010010	1.55621E+21
3.62998E+03	1000010010	1.02089E+20	1000010010	1.02089E+20
9.02533E+03	1000010010	2.08561E+21	1000010010	2.08561E+21
4.07502E+03	1000010010	2.73682E+19	1000010010	2.73682E+19
4.13508E+03	1000010010	2.13796E+19	1000010010	2.13796E+19
3.83257E+03	1000010010	3.44467E+21	1000010010	3.44467E+21
1.85410E+03	1000010010	9.65911E+19	1000010010	9.65911E+19
5.54136E+02	1000010010	3.41312E+19	1000010010	3.41312E+19
4.76757E+03	1000010010	8.95683E+18	1000010010	8.95683E+18
7.55083E+03	1000010010	4.92403E+21	1000010010	4.92403E+21
6.32545E+03	1000010010	1.24186E+20	1000010010	1.24186E+20
1.27009E+02	1000010010	4.19273E+20	1000010010	4.19273E+20
4.40038E+03	1000010010	1.57748E+21	1000010010	1.57748E+21
3.96256E+03	1000010010	2.51621E+20	1000010010	2.51621E+20
4.58776E+02	1000010010	1.78095E+20	1000010010	1.78095E+20
5.32170E+03	1000010010	7.02735E+20	1000010010	7.02735E+20
6.85914E+03	1000010010	3.94746E+19	1000010010	3.94746E+19
3.79611E+02	1000010010	4.48642E+20	1000010010	4.48642E+20
7.95209E+03	1000010010	6.27998E+20	1000010010	6.27998E+20
8.72910E+03	1000010010	1.47813E+20	1000010010	1.47813E+20
3.68846E+02	1000010010	5.91470E+20	1000010010	5.91470E+20
3.79434E+03	1000010010	1.63368E+21	1000010010	1.63368E+21
4.58635E+03	1000010010	1.43516E+19	1000010010	1.43516E+19
3.60866E+03	1000010010	1.49013E+21	1000010010	1.49013E+21
7.22454E+03	1000010010	1.15198E+21	1000010010	1.15198E+21
4.83081E+03	1000010010	2.32235E+20	1000010010	2.32235E+20
6.55179E+02	1000010010	3.76134E+20	1000010010	3.76134E+20
7.41414E+02	1000010010	1.30080E+19	1000010010	1.30080E+19
1.16432E+03	1000010010	4.01229E+21	1000010010	4.01229E+21
3.99261E+03	1000010010	4.18695E+20	1000010010	4.18695E+20
6.90840E+03	1000010010	6.07563E+19	1000010010	6.07563E+19
1.65210E+03	1000010010	2.18283E+21	1000010010	2.18283E+21
7.95922E+03	1000010010	6.31165E+19	1000010010	6.31165E+19
1.06987E+03	1000010010	8.21380E+20	1000010010	8.21380E+20
1.23902E+03	1000010010	8.73619E+20	1000010010	8.73619E+20
1.75122E+03	1000010010	5.24124E+21	1000010010	5.24124E+21
4.82071E+03	1000010010	6.93626E+19	1000010010	6.93626E+19
1.98263E+03	1000010010	6.44961E+20	1000010010	6.44961E+20
1.65727E+02	1000010010	2.31119E+19	1000010010	2.31119E+19
4.63057E+03	1000010010	2.34802E+19	1000010010	2.34802E+19
2.00207E+03	1000010010	3.38724E+21	1000010010	3.38724E+21
7.93665E+03	1000010010	1.71200E+19	1000010010	1.71200E+19
6.39253E+03	1000010010	9.40407E+19	1000010010	9.40407E+19
8.63365E+03	1000010010	2.46470E+19	1000010010	2.46470E+19
3.91716E+03	1000010010	7.90761E+18	1000010010	7.90761E+18
8.57060E+03	1000010010	3.44596E+21	1000010010	3.44596E+21
1.25672E+03	1000010010	4.27343E+19	1000010010	4.27343E+19
6.34139E+03	1000010010	2.34777E+20	1000010010	2.34777E+20
7.78970E+03	1000010010	5.17957E+21	1000010010	5.17957E+21
1.19082E+03	1000010010	4.43379E+21	1000010010	4.43379E+21
1.70289E+03	1000010010	2.98743E+21	1000010010	2.98743E+21
4.88892E+02	1000010010	5.06432E+21	1000010010	5.06432E+21
4.80099E+03	1000010010	3.33060E+20	1000010010	3.33060E+20
3.05882E+02	1000010010	4.98028E+19	1000010010	4.98028E+19
6.33826E+03	1000010010	2.32157E+21	1000010010	2.32157E+21
2.87844E+03	1000010010	5.22684E+19	1000010010	5.22684E+19
6.64225E+03	1000010010	4.44149E+19	1000010010	4.44149E+19
4.51387E+03	1000010010	1.84742E+20	1000010010	1.84742E+20
2.00833E+03	1000010010	1.83065E+19	1000010010	1.83065E+19
3.41504E+03	1000010010	1.31433E+19	1000010010	1.31433E+19
2.13725E+02	1000010010	1.47001E+21	1000010010	1.47001E+21
3.90560E+03	1000010010	1.13562E+19	1000010010	1.13562E+19
2.17538E+03	1000010010	7.54348E+19	1000010010	7.54348E+19
1.95109E+03	1000010010	7.41091E+18	1000010010	7.41091E+18
3.80038E+03	1000010010	1.30680E+21	1000010010	1.30680E+21
3.74240E+03	1000010010	6.99029E+18	1000010010	6.99029E+18
4.07193E+03	1000010010	6.26084E+18	1000010010	6.26084E+18
4.59339E+02	1000010010	3.49422E+20	1000010010	3.49422E+20
7.80747E+02	1000010010	6.09988E+19	1000010010	6.09988E+19
4.89728E+03	1000010010	5.96845E+21	1000010010	5.96845E+21
7.83348E+03	1000010010	7.28417E+19	1000010010	7.28417E+19
4.77247E+03	1000010010	1.44387E+20	1000010010	1.44387E+20
7.82816E+03	1000010010	1.74016E+21	1000010010	1.74016E+21
1.10479E+03	1000010010	1.35216E+21	1000010010	1.35216E+21
4.92691E+03	1000010010	2.85614E+19	1000010010	2.85614E+19
3.10423E+03	1000010010	3.41471E+19	1000010010	3.41471E+19
1.98166E+03	1000010010	4.10763E+21	1000010010	4.10763E+21
9.15468E+03	1000010010	4.28438E+19	1000010010	4.28438E+19
4.78529E+03	1000010010	2.44833E+19	1000010010	2.44833E+19
1.31191E+03	1000010010	1.66834E+19	1000010010	1.66834E+19
7.96741E+03	1000010010	1.51549E+21	1000010010	1.51549E+21
3.69623E+03	1000010010	1.76831E+19	1000010010	1.76831E+19
2.10875E+03	1000010010	1.06404E+20	1000010010	1.06404E+20
2.95386E+03	1000010010	5.96393E+20	1000010010	5.96393E+20
4.65778E+03	1000010010	5.98411E+20	1000010010	5.98411E+20
7.34500E+03	1000010010	2.52455E+20	1000010010	2.52455E+20
5.36010E+03	1000010010	1.12450E+20	1000010010	1.12450E+20
2.97785E+03	1000010010	1.36354E+19	1000010010	1.36354E+19
2.36933E+02	1000010010	1.35198E+21	1000010010	1.35198E+21
6.43367E+03	1000010010	3.97659E+21	1000010010	3.97659E+21
2.87605E+02	1000010010	9.48929E+18	1000010010	9.48929E+18
2.52905E+03	1000010010	2.04862E+19	1000010010	2.04862E+19
2.44569E+03	1000010010	4.00858E+19	1000010010	4.00858E+19
3.71984E+03	1000010010	5.80848E+20	1000010010	5.80848E+20
1.59510E+02	1000010010	2.83550E+19	1000010010	2.83550E+19
4.08353E+03	1000010010	2.09039E+21	1000010010	2.09039E+21
4.64864E+03	1000010010	2.21461E+21	1000010010	2.21461E+21
9.33926E+03	1000010010	2.33499E+20	1000010010	2.33499E+20
1.90849E+03	1000010010	5.36677E+21	1000010010	5.36677E+21
3.12433E+03	1000010010	2.42853E+21	1000010010	2.42853E+21
1.22789E+03	1000010010	2.83985E+21	1000010010	2.83985E+21
5.68873E+02	1000010010	1.16342E+20	1000010010	1.16342E+20
2.07910E+03	1000010010	6.15209E+21	1000010010	6.15209E+21
7.31004E+02	1000010010	5.74002E+21	1000010010	5.74002E+21
2.41580E+03	1000010010	4.60592E+20	1000010010	4.60592E+20
5.02709E+03	1000010010	6.91976E+18	1000010010	6.91976E+18
6.03785E+03	1000010010	2.34218E+21	1000010010	2.34218E+21
4.03060E+03	1000010010	6.63305E+19	1000010010	6.63305E+19
1.04816E+03	1000010010	8.48652E+19	1000010010	8.48652E+19
4.89596E+02	1000010010	9.01918E+20	1000010010	9.01918E+20
2.01233E+03	1000010010	6.25081E+18	1000010010	6.25081E+18
1.47486E+03	1000010010	1.41144E+19	1000010010	1.41144E+19
3.13732E+03	1000010010	9.21062E+20	1000010010	9.21062E+20
1.52604E+03	1000010010	1.72205E+19	1000010010	1.72205E+19
2.17325E+03	1000010010	5.79779E+20	1000010010	5.79779E+20
3.52789E+02	1000010010	3.53633E+19	1000010010	3.53633E+19
5.46711E+03	1000010010	7.12061E+18	1000010010	7.12061E+18
5.65641E+03	1000010010	1.99652E+21	1000010010	1.99652E+21
1.72872E+03	1000010010	5.15325E+19	1000010010	5.15325E+19
6.87693E+03	1000010010	5.43291E+19	1000010010	5.43291E+19
8.54637E+03	1000010010	2.36286E+21	1000010010	2.36286E+21
2.58624E+03	1000010010	3.06379E+21	1000010010	3.06379E+21
9.04298E+02	1000010010	9.62200E+18	1000010010	9.62200E+18
9.06682E+02	1000010010	3.16602E+19	1000010010	3.16602E+19
5.51204E+03	1000010010	7.79387E+19	1000010010	7.79387E+19
2.09500E+03	1000010010	3.44325E+21	1000010010	3.44325E+21
5.54216E+03	1000010010	8.82958E+20	1000010010	8.82958E+20
5.42496E+03	1000010010	7.90759E+18	1000010010	7.90759E+18
3.74102E+03	1000010010	9.13535E+19	1000010010	9.13535E+19
7.90448E+03	1000010010	2.39644E+20	1000010010	2.39644E+20
7.84854E+03	1000010010	2.12546E+19	1000010010	2.12546E+19
5.27580E+03	1000010010	5.15743E+21	1000010010	5.15743E+21
4.25620E+03	1000010010	3.65255E+19	1000010010	3.65255E+19
2.18751E+03	1000010010	9.59998E+20	1000010010	9.59998E+20
3.48852E+03	1000010010	1.68215E+21	1000010010	1.68215E+21
2.45283E+03	1000010010	7.74100E+20	1000010010	7.74100E+20
2.04938E+02	1000010010	9.47412E+19	1000010010	9.47412E+19
3.93195E+03	1000010010	1.22825E+21	1000010010	1.22825E+21
2.08932E+03	1000010010	4.62644E+21	1000010010	4.62644E+21
2.57695E+03	1000010010	3.45600E+20	1000010010	3.45600E+20
5.27685E+02	1000010010	1.13962E+20	1000010010	1.13962E+20
1.30753E+03	1000010010	9.37745E+20	1000010010	9.37745E+20
4.69218E+03	1000010010	3.22163E+21	1000010010	3.22163E+21
8.36618E+03	1000010010	1.31077E+21	1000010010	1.31077E+21
4.06974E+03	1000010010	1.36548E+21	1000010010	1.36548E+21
9.79803E+03	1000010010	4.14158E+20	1000010010	4.14158E+20
1.38676E+03	1000010010	4.17137E+21	1000010010	4.17137E+21
1.07987E+03	1000010010	2.46424E+21	1000010010	2.46424E+21
2.03999E+03	1000010010	4.07417E+21	1000010010	4.07417E+21
3.84719E+03	1000010010	5.62029E+19	1000010010	5.62029E+19
8.19129E+02	1000010010	2.19729E+20	1000010010	2.19729E+20
9.11600E+03	1000010010	9.35639E+18	1000010010	9.35639E+18
2.78653E+03	1000010010	1.26046E+20	1000010010	1.26046E+20
8.49389E+02	1000010010	4.59755E+20	1000010010	4.59755E+20
2.79779E+03	1000010010	1.96231E+19	1000010010	1.96231E+19
7.79922E+03	1000010010	4.13510E+21	1000010010	4.13510E+21
8.21561E+03	1000010010	5.30433E+19	1000010010	5.30433E+19
5.00774E+03	1000010010	3.41091E+20	1000010010	3.41091E+20
1.40939E+03	1000010010	7.28471E+18	1000010010	7.28471E+18
4.20215E+02	1000010010	3.79321E+21	1000010010	3.79321E+21
8.98031E+02	1000010010	9.86929E+19	1000010010	9.86929E+19
5.42617E+03	1000010010	5.28942E+21	1000010010	5.28942E+21
3.80602E+03	1000010010	1.47757E+21	1000010010	1.47757E+21
1.99516E+03	1000010010	8.06312E+18	1000010010	8.06312E+18
2.42647E+02	1000010010	1.32863E+19	1000010010	1.32863E+19
6.87441E+03	1000010010	1.09340E+19	1000010010	1.09340E+19
3.30307E+03	1000010010	9.48540E+18	1000010010	9.48540E+18
5.06999E+03	1000010010	5.12000E+21	1000010010	5.12000E+21
8.82445E+03	1000010010	6.68673E+20	1000010010	6.68673E+20
8.37363E+03	1000010010	3.44912E+19	1000010010	3.44912E+19
3.70183E+03	1000010010	1.94154E+21	1000010010	1.94154E+21
2.36220E+03	1000010010	3.88850E+20	1000010010	3.88850E+20
3.82720E+03	1000010010	5.74034E+19	1000010010	5.74034E+19
5.22581E+02	1000010010	9.07658E+20	1000010010	9.07658E+20
2.34382E+03	1000010010	7.80009E+20	1000010010	7.80009E+20
3.95649E+03	1000010010	7.34194E+20	1000010010	7.34194E+20
5.05876E+02	1000010010	1.68838E+21	1000010010	1.68838E+21
4.33352E+03	1000010010	8.83867E+18	1000010010	8.83867E+18
1.87722E+03	1000010010	1.37677E+19	1000010010	1.37677E+19
1.15236E+03	1000010010	3.16145E+20	1000010010	3.16145E+20
1.73166E+03	1000010010	1.75669E+21	1000010010	1.75669E+21
1.87705E+03	1000010010	9.12788E+20	1000010010	9.12788E+20
6.33994E+03	1000010010	3.08903E+20	1000010010	3.08903E+20
6.76437E+02	1000010010	6.64568E+19	1000010010	6.64568E+19
7.43097E+03	1000010010	6.93369E+19	1000010010	6.93369E+19
3.16864E+03	1000010010	5.76245E+20	1000010010	5.76245E+20
2.64745E+02	1000010010	5.53535E+20	1000010010	5.53535E+20
2.35614E+03	1000010010	8.72894E+18	1000010010	8.72894E+18
3.95978E+02	1000010010	4.99363E+20	1000010010	4.99363E+20
6.00385E+03	1000010010	1.15563E+20	1000010010	1.15563E+20
3.43611E+03	1000010010	2.88567E+21	1000010010	2.88567E+21
4.27615E+02	1000010010	9.25443E+20	1000010010	9.25443E+20
3.29708E+03	1000010010	2.95722E+20	1000010010	2.95722E+20
2.47859E+03	1000010010	1.58107E+21	1000010010	1.58107E+21
3.31200E+03	1000010010	1.23240E+21	1000010010	1.23240E+21
1.22572E+02	1000010010	7.52350E+18	1000010010	7.52350E+18
1.81233E+03	1000010010	9.56395E+19	1000010010	9.56395E+19
1.83804E+03	1000010010	1.04734E+19	1000010010	1.04734E+19
4.76849E+02	1000010010	2.32150E+21	1000010010	2.32150E+21
3.28312E+03	1000010010	9.78857E+19	1000010010	9.78857E+19
2.24610E+03	1000010010	3.88745E+21	1000010010	3.88745E+21
4.07259E+03	1000010010	1.16572E+21	1000010010	1.16572E+21
6.86655E+02	1000010010	9.66970E+18	1000010010	9.66970E+18
2.01577E+03	1000010010	1.75354E+19	1000010010	1.75354E+19
1.00654E+03	1000010010	2.28970E+21	1000010010	2.28970E+21
8.57049E+02	1000010010	5.11036E+21	1000010010	5.11036E+21
5.00233E+03	1000010010	1.00003E+19	1000010010	1.00003E+19
7.39022E+03	1000010010	6.63232E+18	1000010010	6.63232E+18
2.19024E+03	1000010010	3.27373E+20	1000010010	3.27373E+20
2.33331E+03	1000010010	1.43917E+19	1000010010	1.43917E+19
3.09311E+03	1000010010	3.50842E+19	1000010010	3.50842E+19
3.83980E+03	1000010010	1.23692E+21	1000010010	1.23692E+21
4.66971E+03	1000010010	7.48379E+19	1000010010	7.48379E+19
8.13589E+02	1000010010	7.48624E+18	1000010010	7.48624E+18
5.06010E+03	1000010010	4.59445E+21	1000010010	4.59445E+21
2.83327E+02	1000010010	1.27673E+20	1000010010	1.27673E+20
6.80662E+03	1000010010	1.11097E+19	1000010010	1.11097E+19
3.03823E+02	1000010010	1.83211E+19	1000010010	1.83211E+19
1.56257E+03	1000010010	3.82929E+19	1000010010	3.82929E+19
9.25639E+02	1000010010	6.08024E+19	1000010010	6.08024E+19
5.53343E+03	1000010010	2.08827E+21	1000010010	2.08827E+21
5.02169E+03	1000010010	4.90435E+19	1000010010	4.90435E+19
8.38669E+03	1000010010	1.49122E+21	1000010010	1.49122E+21
5.97241E+03	1000010010	7.87028E+19	1000010010	7.87028E+19
9.30020E+03	1000010010	7.23497E+20	1000010010	7.23497E+20
6.03859E+03	1000010010	7.48707E+18	1000010010	7.48707E+18
1.42592E+03	1000010010	3.86535E+21	1000010010	3.86535E+21
7.80166E+03	1000010010	3.30031E+19	1000010010	3.30031E+19
3.54239E+03	1000010010	1.42502E+19	1000010010	1.42502E+19
1.54118E+02	1000010010	2.92548E+20	1000010010	2.92548E+20
2.25491E+03	1000010010	1.07231E+21	1000010010	1.07231E+21
2.27190E+03	1000010010	1.06875E+21	1000010010	1.06875E+21
7.03920E+03	1000010010	1.21048E+21	1000010010	1.21048E+21
7.57712E+03	1000010010	2.79162E+21	1000010010	2.79162E+21
5.89322E+03	1000010010	5.67495E+19	1000010010	5.67495E+19
5.27512E+03	1000010010	2.91737E+19	1000010010	2.91737E+19
1.11573E+03	1000010010	7.59476E+20	1000010010	7.59476E+20
5.09990E+03	1000010010	1.19763E+20	1000010010	1.19763E+20
7.87654E+03	1000010010	3.63887E+19	1000010010	3.63887E+19
5.25526E+03	1000010010	2.41294E+19	1000010010	2.41294E+19
8.13258E+02	1000010010	1.11508E+21	1000010010	1.11508E+21
1.08576E+03	1000010010	4.89377E+19	1000010010	4.89377E+19
3.40270E+03	1000010010	9.23454E+19	1000010010	9.23454E+19
8.36368E+03	1000010010	2.82986E+19	1000010010	2.82986E+19
4.90928E+02	1000010010	6.34095E+19	1000010010	6.34095E+19
4.89206E+02	1000010010	2.11472E+19	1000010010	2.11472E+19
4.07353E+03	1000010010	6.50180E+19	1000010010	6.50180E+19
3.27483E+03	1000010010	5.99897E+20	1000010010	5.99897E+20
2.04750E+03	1000010010	2.98432E+21	1000010010	2.98432E+21
6.97004E+03	1000010010	1.06375E+19	1000010010	1.06375E+19
1.59068E+03	1000010010	7.02759E+20	1000010010	7.02759E+20
1.22096E+03	1000010010	1.61381E+21	1000010010	1.61381E+21
2.05839E+03	1000010010	7.41717E+19	1000010010	7.41717E+19
2.66530E+02	1000010010	1.27753E+19	1000010010	1.27753E+19
2.25491E+03	1000010010	2.47570E+19	1000010010	2.47570E+19
1.78664E+03	1000010010	1.20113E+19	1000010010	1.20113E+19
3.58812E+03	1000010010	7.30308E+20	1000010010	7.30308E+20
1.34627E+03	1000010010	6.38412E+20	1000010010	6.38412E+20
7.16429E+03	1000010010	3.54155E+19	1000010010	3.54155E+19
3.07335E+03	1000010010	3.10721E+20	1000010010	3.10721E+20
1.03629E+03	1000010010	2.85836E+21	1000010010	2.85836E+21
3.62873E+03	1000010010	4.30261E+21	1000010010	4.30261E+21
9.40523E+03	1000010010	1.11977E+20	1000010010	1.11977E+20
1.37762E+03	1000010010	1.60957E+19	1000010010	1.60957E+19
1.93834E+03	1000010010	4.05795E+19	1000010010	4.05795E+19
3.72599E+03	1000010010	2.90907E+20	1000010010	2.90907E+20
4.10795E+02	1000010010	9.76376E+19	1000010010	9.76376E+19
3.37685E+03	1000010010	5.31255E+21	1000010010	5.31255E+21
2.22363E+03	1000010010	1.52069E+20	1000010010	1.52069E+20
1.04304E+03	1000010010	5.65291E+21	1000010010	5.65291E+21
3.66002E+03	1000010010	2.01879E+20	1000010010	2.01879E+20
4.99151E+03	1000010010	7.36111E+20	1000010010	7.36111E+20
2.35510E+03	1000010010	6.73993E+18	1000010010	6.73993E+18
2.70863E+03	1000010010	9.19558E+18	1000010010	9.19558E+18
8.02469E+03	1000010010	6.52486E+20	1000010010	6.52486E+20
8.72964E+02	1000010010	4.90081E+20	1000010010	4.90081E+20
2.86309E+03	1000010010	1.06475E+20	1000010010	1.06475E+20
6.20344E+03	1000010010	3.74619E+21	1000010010	3.74619E+21
4.86566E+03	1000010010	6.42104E+18	1000010010	6.42104E+18
2.50084E+03	1000010010	8.52134E+20	1000010010	8.52134E+20
4.54589E+03	1000010010	3.70653E+21	1000010010	3.70653E+21
8.52475E+03	1000010010	7.84284E+19	1000010010	7.84284E+19
2.00998E+03	1000010010	9.89621E+20	1000010010	9.89621E+20
1.48787E+03	1000010010	8.09021E+20	1000010010	8.09021E+20
6.22909E+02	1000010010	5.34364E+20	1000010010	5.34364E+20
7.18565E+03	1000010010	1.68789E+21	1000010010	1.68789E+21
5.25754E+03	1000010010	1.68618E+19	1000010010	1.68618E+19
2.48986E+03	1000010010	1.61338E+21	1000010010	1.61338E+21
3.60872E+03	1000010010	4.75211E+19	1000010010	4.75211E+19
6.82999E+03	1000010010	3.97061E+19	1000010010	3.97061E+19
3.72442E+03	1000010010	6.62930E+19	1000010010	6.62930E+19
8.32103E+02	1000010010	1.99436E+20	1000010010	1.99436E+20
1.79961E+03	1000010010	1.76775E+21	1000010010	1.76775E+21
4.01112E+03	1000010010	6.25111E+20	1000010010	6.25111E+20
1.76525E+03	1000010010	7.12884E+20	1000010010	7.12884E+20
2.51623E+03	1000010010	2.14638E+21	1000010010	2.14638E+21
2.95925E+03	1000010010	4.24042E+21	1000010010	4.24042E+21
8.51716E+03	1000010010	2.49003E+21	1000010010	2.49003E+21
5.46089E+03	1000010010	4.34381E+19	1000010010	4.34381E+19
1.40832E+03	1000010010	3.88848E+21	1000010010	3.88848E+21
7.28971E+03	1000010010	1.19325E+19	1000010010	1.19325E+19
3.42093E+03	1000010010	4.93336E+20	1000010010	4.93336E+20
2.66922E+03	1000010010	5.91933E+20	1000010010	5.91933E+20
8.06470E+03	1000010010	6.33079E+20	1000010010	6.33079E+20
1.23560E+03	1000010010	4.31106E+21	1000010010	4.31106E+21
4.49820E+03	1000010010	2.96630E+19	1000010010	2.96630E+19
4.29472E+02	1000010010	2.72916E+21	1000010010	2.72916E+21
3.13920E+03	1000010010	1.31748E+20	1000010010	1.31748E+20
5.10717E+03	1000010010	3.85743E+20	1000010010	3.85743E+20
1.40148E+03	1000010010	3.13207E+20	1000010010	3.13207E+20
6.30491E+03	1000010010	4.36245E+21	1000010010	4.36245E+21
2.67870E+03	1000010010	7.03461E+19	1000010010	7.03461E+19
8.36117E+03	1000010010	1.22212E+19	1000010010	1.22212E+19
6.72962E+03	1000010010	1.25374E+20	1000010010	1.25374E+20
3.61163E+02	1000010010	5.00964E+21	1000010010	5.00964E+21
4.23068E+03	1000010010	8.56229E+18	1000010010	8.56229E+18
6.54040E+03	1000010010	3.74540E+21	1000010010	3.74540E+21
1.42664E+03	1000010010	2.52503E+19	1000010010	2.52503E+19
2.49813E+03	1000010010	9.24668E+20	1000010010	9.24668E+20
7.62088E+02	1000010010	1.14514E+19	1000010010	1.14514E+19
4.48957E+03	1000010010	1.11709E+20	1000010010	1.11709E+20
1.55665E+03	1000010010	5.17950E+21	1000010010	5.17950E+21
3.71924E+03	1000010010	6.08585E+19	1000010010	6.08585E+19
4.35061E+03	1000010010	1.64753E+20	1000010010	1.64753E+20
4.20576E+03	1000010010	1.72554E+21	1000010010	1.72554E+21
5.18023E+03	1000010010	6.03007E+21	1000010010	6.03007E+21
3.37638E+03	1000010010	4.34355E+20	1000010010	4.34355E+20
1.54851E+03	1000010010	7.44811E+20	1000010010	7.44811E+20
6.28829E+03	1000010010	5.00709E+21	1000010010	5.00709E+21
7.67749E+02	1000010010	4.82170E+19	1000010010	4.82170E+19
1.39869E+02	1000010010	1.75185E+19	1000010010	1.75185E+19
1.99391E+03	1000010010	6.07280E+19	1000010010	6.07280E+19
9.83927E+03	1000010010	4.35854E+19	1000010010	4.35854E+19
4.04220E+03	1000010010	5.69686E+19	1000010010	5.69686E+19
3.32281E+03	1000010010	2.09014E+19	1000010010	2.09014E+19
1.26492E+03	1000010010	7.99985E+18	1000010010	7.99985E+18
5.79289E+03	1000010010	3.29332E+21	1000010010	3.29332E+21
3.34034E+03	1000010010	7.06977E+19	1000010010	7.06977E+19
3.72087E+02	1000010010	1.86051E+21	1000010010	1.86051E+21
5.52971E+03	1000010010	4.79536E+20	1000010010	4.79536E+20
5.01952E+02	1000010010	2.59007E+20	1000010010	2.59007E+20
9.47274E+02	1000010010	2.66936E+21	1000010010	2.66936E+21
1.41334E+02	1000010010	6.67216E+19	1000010010	6.67216E+19
5.35072E+02	1000010010	1.47825E+20	1000010010	1.47825E+20
1.29179E+03	1000010010	2.94614E+19	1000010010	2.94614E+19
1.47339E+02	1000010010	3.46797E+21	1000010010	3.46797E+21
3.36956E+03	1000010010	6.46811E+19	1000010010	6.46811E+19
3.63193E+03	1000010010	2.49445E+20	1000010010	2.49445E+20
5.21798E+03	1000010010	3.10378E+20	1000010010	3.10378E+20
5.89146E+03	1000010010	1.05105E+21	1000010010	1.05105E+21
4.65782E+03	1000010010	7.34240E+18	1000010010	7.34240E+18
3.76428E+03	1000010010	3.73005E+19	1000010010	3.73005E+19
4.09980E+03	1000010010	4.66849E+20	1000010010	4.66849E+20
1.89170E+03	1000010010	3.53103E+20	1000010010	3.53103E+20
1.40296E+03	1000010010	3.61770E+21	1000010010	3.61770E+21
3.69829E+03	1000010010	7.52641E+20	1000010010	7.52641E+20
4.04415E+03	1000010010	1.08007E+19	1000010010	1.08007E+19
5.54158E+03	1000010010	3.50718E+19	1000010010	3.50718E+19
4.78993E+02	1000010010	1.32405E+20	1000010010	1.32405E+20
7.77501E+03	1000010010	4.35731E+21	1000010010	4.35731E+21
1.81080E+03	1000010010	1.55098E+20	1000010010	1.55098E+20
3.60154E+02	1000010010	1.51107E+21	1000010010	1.51107E+21
1.94379E+03	1000010010	1.26870E+19	1000010010	1.26870E+19
2.96601E+03	1000010010	1.27527E+21	1000010010	1.27527E+21
4.06011E+03	1000010010	3.37688E+20	1000010010	3.37688E+20
3.69588E+03	1000010010	2.44852E+20	1000010010	2.44852E+20
4.02097E+02	1000010010	1.13971E+19	1000010010	1.13971E+19
1.10860E+03	1000010010	1.31240E+21	1000010010	1.31240E+21
2.93306E+03	1000010010	2.97013E+21	1000010010	2.97013E+21
3.82797E+02	1000010010	1.96061E+20	1000010010	1.96061E+20
6.08036E+03	1000010010	5.04510E+19	1000010010	5.04510E+19
1.62312E+03	1000010010	1.63318E+21	1000010010	1.63318E+21
2.89141E+03	1000010010	5.36583E+21	1000010010	5.36583E+21
3.25912E+03	1000010010	2.02794E+21	1000010010	2.02794E+21
5.22381E+03	1000010010	1.62115E+20	1000010010	1.62115E+20
6.94687E+02	1000010010	7.82531E+18	1000010010	7.82531E+18
1.53978E+03	1000010010	3.73193E+19	1000010010	3.73193E+19
6.28297E+03	1000010010	3.79913E+19	1000010010	3.79913E+19
1.62506E+03	1000010010	4.86326E+19	1000010010	4.86326E+19
7.13554E+03	1000010010	1.17891E+21	1000010010	1.17891E+21
1.25650E+03	1000010010	6.83564E+19	1000010010	6.83564E+19
6.58364E+03	1000010010	2.01226E+20	1000010010	2.01226E+20
6.57411E+03	1000010010	6.23772E+20	1000010010	6.23772E+20
6.07191E+03	1000010010	1.07871E+19	1000010010	1.07871E+19
1.33639E+03	1000010010	3.47185E+21	1000010010	3.47185E+21
8.59907E+02	1000010010	4.87714E+21	1000010010	4.87714E+21
1.26950E+03	1000010010	2.47790E+20	1000010010	2.47790E+20
3.65831E+03	1000010010	5.54175E+20	1000010010	5.54175E+20
2.71335E+02	1000010010	3.95516E+21	1000010010	3.95516E+21
7.07468E+03	1000010010	4.89092E+21	1000010010	4.89092E+21
1.59293E+03	1000010010	7.23448E+20	1000010010	7.23448E+20
4.35757E+03	1000010010	8.68839E+18	1000010010	8.68839E+18
2.09050E+03	1000010010	5.37953E+19	1000010010	5.37953E+19
5.02365E+03	1000010010	1.07099E+21	1000010010	1.07099E+21
1.22501E+03	1000010010	1.51078E+19	1000010010	1.51078E+19
6.86895E+02	1000010010	1.40103E+20	1000010010	1.40103E+20
9.37445E+03	1000010010	3.47796E+21	1000010010	3.47796E+21
7.37651E+03	1000010010	2.15280E+21	1000010010	2.15280E+21
7.85169E+03	1000010010	1.87414E+20	1000010010	1.87414E+20
3.07816E+03	1000010010	1.51191E+20	1000010010	1.51191E+20
1.42595E+03	1000010010	7.44384E+19	1000010010	7.44384E+19
5.33787E+02	1000010010	1.07987E+20	1000010010	1.07987E+20
2.04422E+02	1000010010	7.41775E+18	1000010010	7.41775E+18
3.11691E+03	1000010010	5.24220E+19	1000010010	5.24220E+19
2.74821E+03	1000010010	5.41384E+21	1000010010	5.41384E+21
1.00452E+03	1000010010	9.95750E+20	1000010010	9.95750E+20
4.96504E+03	1000010010	4.19938E+19	1000010010	4.19938E+19
4.59498E+03	1000010010	8.81004E+18	1000010010	8.81004E+18
5.94628E+03	1000010010	3.84778E+19	1000010010	3.84778E+19
2.05601E+03	1000010010	8.10143E+19	1000010010	8.10143E+19
6.47557E+03	1000010010	3.80656E+20	1000010010	3.80656E+20
7.45246E+03	1000010010	3.86798E+19	1000010010	3.86798E+19
4.04353E+03	1000010010	1.55849E+19	1000010010	1.55849E+19
5.79670E+02	1000010010	2.07925E+21	1000010010	2.07925E+21
3.65936E+03	1000010010	1.70558E+20	1000010010	1.70558E+20
1.07812E+03	1000010010	5.72154E+19	1000010010	5.72154E+19
7.50998E+02	1000010010	2.10075E+20	1000010010	2.10075E+20
3.17581E+02	1000010010	1.08352E+21	1000010010	1.08352E+21
1.70290E+03	1000010010	3.75057E+20	1000010010	3.75057E+20
3.01499E+02	1000010010	6.58675E+19	1000010010	6.58675E+19
4.32686E+03	1000010010	2.91726E+20	1000010010	2.91726E+20
5.95177E+03	1000010010	1.50392E+20	1000010010	1.50392E+20
3.85220E+03	1000010010	4.79666E+20	1000010010	4.79666E+20
3.63005E+03	1000010010	1.26575E+19	1000010010	1.26575E+19
7.63875E+02	1000010010	4.89480E+20	1000010010	4.89480E+20
1.55956E+03	1000010010	1.95735E+21	1000010010	1.95735E+21
4.06735E+03	1000010010	2.39564E+19	1000010010	2.39564E+19
2.42952E+03	1000010010	9.26841E+18	1000010010	9.26841E+18
6.00361E+03	1000010010	5.71460E+20	1000010010	5.71460E+20
1.13535E+03	1000010010	1.25460E+21	1000010010	1.25460E+21
1.03402E+03	1000010010	5.60135E+19	1000010010	5.60135E+19
1.56303E+03	1000010010	3.26531E+21	1000010010	3.26531E+21
1.22028E+03	1000010010	3.29765E+19	1000010010	3.29765E+19
1.03246E+03	1000010010	5.75424E+21	1000010010	5.75424E+21
5.43828E+02	1000010010	5.72633E+21	1000010010	5.72633E+21
2.48680E+03	1000010010	3.05552E+19	1000010010	3.05552E+19
8.55469E+02	1000010010	6.68508E+18	1000010010	6.68508E+18
9.20592E+02	1000010010	1.11871E+20	1000010010	1.11871E+20
3.18488E+02	1000010010	1.93189E+21	1000010010	1.93189E+21
5.90733E+03	1000010010	3.01323E+19	1000010010	3.01323E+19
8.10143E+03	1000010010	3.85792E+20	1000010010	3.85792E+20
4.71571E+03	1000010010	4.78894E+21	1000010010	4.78894E+21
1.84712E+03	1000010010	2.11460E+19	1000010010	2.11460E+19
3.26263E+03	1000010010	4.35949E+19	1000010010	4.35949E+19
5.07298E+03	1000010010	2.11148E+21	1000010010	2.11148E+21
3.49964E+03	1000010010	5.82260E+19	1000010010	5.82260E+19
6.66388E+02	1000010010	7.46313E+19	1000010010	7.46313E+19
6.15111E+02	1000010010	1.16900E+20	1000010010	1.16900E+20
5.40405E+03	1000010010	5.89494E+20	1000010010	5.89494E+20
1.50191E+03	1000010010	1.28312E+19	1000010010	1.28312E+19
1.22305E+03	1000010010	2.14198E+21	1000010010	2.14198E+21
3.45938E+02	1000010010	5.51774E+21	1000010010	5.51774E+21
7.83484E+03	1000010010	1.69317E+19	1000010010	1.69317E+19
8.71908E+02	1000010010	1.96634E+20	1000010010	1.96634E+20
5.54495E+02	1000010010	6.16942E+21	1000010010	6.16942E+21
5.87520E+02	1000010010	1.62613E+20	1000010010	1.62613E+20
4.98289E+03	1000010010	3.09362E+21	1000010010	3.09362E+21
4.88332E+03	1000010010	3.46802E+21	1000010010	3.46802E+21
4.89553E+02	1000010010	2.92225E+20	1000010010	2.92225E+20
3.97852E+03	1000010010	1.68335E+19	1000010010	1.68335E+19
3.20004E+03	1000010010	1.48670E+21	1000010010	1.48670E+21
2.28759E+03	1000010010	1.91034E+20	1000010010	1.91034E+20
1.43755E+03	1000010010	2.34232E+21	1000010010	2.34232E+21
4.78693E+03	1000010010	1.78070E+20	1000010010	1.78070E+20
3.63958E+02	1000010010	4.64155E+20	1000010010	4.64155E+20
4.69586E+03	1000010010	4.55829E+20	1000010010	4.55829E+20
9.00359E+02	1000010010	1.84153E+20	1000010010	1.84153E+20
2.35342E+03	1000010010	3.03508E+19	1000010010	3.03508E+19
4.92712E+03	1000010010	1.15518E+20	1000010010	1.15518E+20
1.42484E+03	1000010010	2.93966E+19	1000010010	2.93966E+19
8.11679E+03	1000010010	1.94469E+19	1000010010	1.94469E+19
6.74826E+02	1000010010	2.28538E+20	1000010010	2.28538E+20
8.38191E+03	1000010010	3.71640E+21	1000010010	3.71640E+21
8.22511E+02	1000010010	1.88835E+21	1000010010	1.88835E+21
5.01835E+03	1000010010	6.58135E+18	1000010010	6.58135E+18
1.11159E+03	1000010010	7.75665E+20	1000010010	7.75665E+20
3.02868E+03	1000010010	3.37804E+20	1000010010	3.37804E+20
5.88250E+02	1000010010	1.04223E+19	1000010010	1.04223E+19
1.45087E+03	1000010010	5.22577E+20	1000010010	5.22577E+20
2.01824E+02	1000010010	5.95778E+19	1000010010	5.95778E+19
1.48078E+03	1000010010	2.16434E+20	1000010010	2.16434E+20
3.84844E+03	1000010010	1.62075E+21	1000010010	1.62075E+21
2.69151E+03	1000010010	9.13654E+18	1000010010	9.13654E+18
8.08009E+03	1000010010	2.86745E+20	1000010010	2.86745E+20
1.82404E+03	1000010010	1.81332E+21	1000010010	1.81332E+21
5.44111E+03	1000010010	1.43754E+21	1000010010	1.43754E+21
7.48487E+02	1000010010	1.25501E+21	1000010010	1.25501E+21
1.53244E+03	1000010010	3.50591E+20	1000010010	3.50591E+20
2.86436E+03	1000010010	1.53519E+21	1000010010	1.53519E+21
4.12500E+03	1000010010	2.79027E+20	1000010010	2.79027E+20
4.06554E+03	1000010010	1.54235E+21	1000010010	1.54235E+21
4.74497E+02	1000010010	2.89468E+20	1000010010	2.89468E+20
2.32993E+03	1000010010	8.53387E+18	1000010010	8.53387E+18
2.32636E+02	1000010010	8.93075E+18	1000010010	8.93075E+18
1.85989E+03	1000010010	1.37496E+19	1000010010	1.37496E+19
4.93301E+02	1000010010	2.12712E+21	1000010010	2.12712E+21
1.06968E+03	1000010010	1.51053E+19	1000010010	1.51053E+19
4.20836E+03	1000010010	2.90437E+20	1000010010	2.90437E+20
4.52246E+03	1000010010	7.69475E+19	1000010010	7.69475E+19
9.61429E+02	1000010010	2.47213E+20	1000010010	2.47213E+20
1.01257E+03	1000010010	4.76775E+20	1000010010	4.76775E+20
1.57910E+03	1000010010	6.61960E+20	1000010010	6.61960E+20
4.07486E+03	1000010010	1.86043E+20	1000010010	1.86043E+20
5.74136E+03	1000010010	2.07832E+19	1000010010	2.07832E+19
2.60406E+02	1000010010	5.75499E+21	1000010010	5.75499E+21
2.75969E+03	1000010010	3.79691E+19	1000010010	3.79691E+19
1.41260E+03	1000010010	8.80908E+19	1000010010	8.80908E+19
6.74165E+02	1000010010	9.14215E+20	1000010010	9.14215E+20
7.83410E+02	1000010010	6.92339E+20	1000010010	6.92339E+20
8.64825E+03	1000010010	1.53329E+21	1000010010	1.53329E+21
1.71082E+03	1000010010	8.97753E+18	1000010010	8.97753E+18
4.06357E+03	1000010010	2.08373E+20	1000010010	2.08373E+20
4.44493E+03	1000010010	4.16187E+20	1000010010	4.16187E+20
7.79530E+02	1000010010	6.66453E+18	1000010010	6.66453E+18
8.11665E+03	1000010010	3.16693E+21	1000010010	3.16693E+21
4.04525E+03	1000010010	3.97821E+21	1000010010	3.97821E+21
3.88942E+03	1000010010	6.05122E+19	1000010010	6.05122E+19
4.85722E+03	1000010010	1.37719E+19	1000010010	1.37719E+19
8.77769E+02	1000010010	4.34683E+20	1000010010	4.34683E+20
6.42057E+03	1000010010	2.05993E+21	1000010010	2.05993E+21
3.55968E+03	1000010010	4.15040E+20	1000010010	4.15040E+20
8.69598E+03	1000010010	5.49972E+20	1000010010	5.49972E+20
9.56363E+03	1000010010	2.22414E+20	1000010010	2.22414E+20
6.74240E+02	1000010010	7.37281E+20	1000010010	7.37281E+20
1.14580E+02	1000010010	3.08429E+20	1000010010	3.08429E+20
3.70958E+03	1000010010	1.85388E+21	1000010010	1.85388E+21
1.96423E+03	1000010010	3.03822E+21	1000010010	3.03822E+21
1.72922E+03	1000010010	2.02571E+20	1000010010	2.02571E+20
8.32855E+02	1000010010	9.11926E+19	1000010010	9.11926E+19
2.20756E+03	1000010010	1.85944E+21	1000010010	1.85944E+21
3.01293E+03	1000010010	1.66949E+21	1000010010	1.66949E+21
1.23638E+03	1000010010	1.29457E+21	1000010010	1.29457E+21
4.06239E+03	1000010010	5.37704E+20	1000010010	5.37704E+20
8.62225E+03	1000010010	3.47486E+20	1000010010	3.47486E+20
1.87579E+03	1000010010	6.97465E+18	1000010010	6.97465E+18
2.97361E+03	1000010010	9.10413E+18	1000010010	9.10413E+18
4.73018E+02	1000010010	1.65175E+21	1000010010	1.65175E+21
5.12297E+03	1000010010	3.56664E+21	1000010010	3.56664E+21
4.86108E+02	1000010010	3.94062E+20	1000010010	3.94062E+20
6.61878E+02	1000010010	2.53287E+19	1000010010	2.53287E+19
2.93137E+03	1000010010	3.41933E+20	1000010010	3.41933E+20
2.35173E+03	1000010010	2.59798E+21	1000010010	2.59798E+21
7.44126E+02	1000010010	6.78389E+19	1000010010	6.78389E+19
3.69773E+03	1000010010	5.03927E+20	1000010010	5.03927E+20
8.93858E+02	1000010010	1.38677E+19	1000010010	1.38677E+19
5.71076E+02	1000010010	7.45376E+18	1000010010	7.45376E+18
7.99724E+02	1000010010	2.88291E+20	1000010010	2.88291E+20
6.96860E+03	1000010010	2.14996E+20	1000010010	2.14996E+20
1.25310E+03	1000010010	2.25538E+21	1000010010	2.25538E+21
3.01210E+02	1000010010	1.81124E+20	1000010010	1.81124E+20
7.91323E+02	1000010010	2.51498E+20	1000010010	2.51498E+20
3.75924E+03	1000010010	2.80718E+21	1000010010	2.80718E+21
4.16077E+03	1000010010	1.48943E+19	1000010010	1.48943E+19
6.46134E+03	1000010010	2.26739E+19	1000010010	2.26739E+19
4.46518E+03	1000010010	6.45335E+18	1000010010	6.45335E+18
1.89613E+03	1000010010	4.55041E+20	1000010010	4.55041E+20
1.81663E+02	1000010010	7.44704E+18	1000010010	7.44704E+18
1.87214E+03	1000010010	6.99096E+20	1000010010	6.99096E+20
4.21238E+02	1000010010	3.28113E+20	1000010010	3.28113E+20
4.78394E+02	1000010010	1.34252E+21	1000010010	1.34252E+21
9.52039E+03	1000010010	1.70339E+20	1000010010	1.70339E+20
2.50476E+03	1000010010	1.11601E+21	1000010010	1.11601E+21
3.26403E+03	1000010010	1.45432E+20	1000010010	1.45432E+20
2.68265E+03	1000010010	3.74309E+21	1000010010	3.74309E+21
2.05218E+03	1000010010	2.93615E+20	1000010010	2.93615E+20
2.49040E+03	1000010010	1.33241E+19	1000010010	1.33241E+19
