#	D	ID	E	ID0	E0
#
# D             Trajectory length [1 Mpc]
# ID/ID0/ID1    Particle type (PDG MC numbering scheme)
# E/E0/E1       Energy [1 EeV]
# no index = current, 0 = at source, 1 = at point of creation
#
# CRPropa version: -128-NOTFOUND
#
1.31127E+00	1000010010	3.40135E+19	1000010010	3.40135E+19
3.39933E+00	1000010010	5.30040E+20	1000010010	5.30040E+20
9.96744E+00	1000010010	1.60126E+19	1000010010	1.60126E+19
1.78050E+00	1000010010	5.22118E+21	1000010010	5.22118E+21
9.27977E+00	1000010010	3.51853E+21	1000010010	3.51853E+21
3.88344E+00	1000010010	4.27968E+21	1000010010	4.27968E+21
8.42716E+00	1000010010	1.15622E+20	1000010010	1.15622E+20
5.98921E+00	1000010010	1.25300E+19	1000010010	1.25300E+19
3.30459E+00	1000010010	1.91804E+19	1000010010	1.91804E+19
5.06779E+00	1000010010	2.21924E+21	1000010010	2.21924E+21
3.73837E+00	1000010010	3.77964E+21	1000010010	3.77964E+21
9.03583E-01	1000010010	8.19772E+20	1000010010	8.19772E+20
5.43979E+00	1000010010	1.84771E+21	1000010010	1.84771E+21
3.68975E+00	1000010010	1.19538E+21	1000010010	1.19538E+21
5.68802E+00	1000010010	2.97811E+21	1000010010	2.97811E+21
2.67513E+00	1000010010	4.02570E+20	1000010010	4.02570E+20
2.78987E+00	1000010010	1.84956E+21	1000010010	1.84956E+21
2.96360E+00	1000010010	7.22080E+20	1000010010	7.22080E+20
2.73563E+00	1000010010	4.94152E+19	1000010010	4.94152E+19
3.43133E+00	1000010010	1.86516E+21	1000010010	1.86516E+21
6.60300E+00	1000010010	2.93989E+21	1000010010	2.93989E+21
2.49063E-02	1000010010	2.02090E+21	1000010010	2.02090E+21
1.20566E+00	1000010010	1.32068E+20	1000010010	1.32068E+20
7.89546E+00	1000010010	3.15277E+21	1000010010	3.15277E+21
5.72269E+00	1000010010	1.85911E+20	1000010010	1.85911E+20
7.83075E+00	1000010010	1.48058E+20	1000010010	1.48058E+20
3.22689E+00	1000010010	9.12024E+18	1000010010	9.12024E+18
2.95322E+00	1000010010	1.24848E+19	1000010010	1.24848E+19
1.83491E-02	1000010010	1.39272E+21	1000010010	1.39272E+21
6.80221E+00	1000010010	7.89236E+18	1000010010	7.89236E+18
4.10315E+00	1000010010	6.73427E+20	1000010010	6.73427E+20
2.28862E+00	1000010010	6.69871E+18	1000010010	6.69871E+18
8.02185E+00	1000010010	1.84335E+21	1000010010	1.84335E+21
9.06547E+00	1000010010	1.14599E+21	1000010010	1.14599E+21
4.89732E-01	1000010010	3.38746E+21	1000010010	3.38746E+21
9.09299E+00	1000010010	7.17658E+20	1000010010	7.17658E+20
5.87629E+00	1000010010	1.67464E+20	1000010010	1.67464E+20
6.73666E+00	1000010010	2.05872E+19	1000010010	2.05872E+19
3.02485E+00	1000010010	1.18819E+19	1000010010	1.18819E+19
3.07945E+00	1000010010	1.05726E+19	1000010010	1.05726E+19
6.44268E+00	1000010010	1.27879E+20	1000010010	1.27879E+20
2.33554E+00	1000010010	1.75838E+20	1000010010	1.75838E+20
1.92263E-01	1000010010	2.03234E+21	1000010010	2.03234E+21
9.51730E+00	1000010010	8.11133E+19	1000010010	8.11133E+19
1.46309E+00	1000010010	2.43817E+20	1000010010	2.43817E+20
8.88597E+00	1000010010	3.39146E+21	1000010010	3.39146E+21
8.41935E+00	1000010010	2.62338E+19	1000010010	2.62338E+19
9.85017E+00	1000010010	1.45499E+20	1000010010	1.45499E+20
4.43983E+00	1000010010	2.86167E+21	1000010010	2.86167E+21
7.43000E+00	1000010010	1.62579E+20	1000010010	1.62579E+20
3.02816E+00	1000010010	2.79456E+19	1000010010	2.79456E+19
6.94254E+00	1000010010	3.46105E+19	1000010010	3.46105E+19
3.30281E-01	1000010010	3.83329E+19	1000010010	3.83329E+19
1.93507E+00	1000010010	3.55895E+19	1000010010	3.55895E+19
1.00384E-01	1000010010	6.60736E+18	1000010010	6.60736E+18
2.18843E-01	1000010010	1.54232E+19	1000010010	1.54232E+19
7.74197E+00	1000010010	5.68658E+21	1000010010	5.68658E+21
8.22184E+00	1000010010	1.07258E+20	1000010010	1.07258E+20
4.07160E+00	1000010010	4.48813E+21	1000010010	4.48813E+21
4.73914E+00	1000010010	9.26144E+19	1000010010	9.26144E+19
8.89605E+00	1000010010	1.15014E+19	1000010010	1.15014E+19
7.47339E+00	1000010010	1.36572E+19	1000010010	1.36572E+19
8.43735E+00	1000010010	3.31261E+21	1000010010	3.31261E+21
9.67696E+00	1000010010	9.05676E+19	1000010010	9.05676E+19
1.82022E+00	1000010010	6.00498E+21	1000010010	6.00498E+21
8.81760E+00	1000010010	1.97961E+19	1000010010	1.97961E+19
8.01998E+00	1000010010	8.69678E+18	1000010010	8.69678E+18
1.49418E+00	1000010010	5.68842E+19	1000010010	5.68842E+19
1.21482E+00	1000010010	4.90102E+20	1000010010	4.90102E+20
4.25242E-01	1000010010	2.56817E+19	1000010010	2.56817E+19
1.56863E+00	1000010010	1.50551E+19	1000010010	1.50551E+19
6.35677E+00	1000010010	4.55878E+20	1000010010	4.55878E+20
7.04042E+00	1000010010	1.07607E+21	1000010010	1.07607E+21
8.58646E+00	1000010010	1.83698E+20	1000010010	1.83698E+20
9.21890E+00	1000010010	8.27219E+18	1000010010	8.27219E+18
4.40891E+00	1000010010	1.89010E+20	1000010010	1.89010E+20
7.00013E+00	1000010010	1.72318E+20	1000010010	1.72318E+20
2.14376E+00	1000010010	1.78201E+19	1000010010	1.78201E+19
8.29252E+00	1000010010	6.58791E+19	1000010010	6.58791E+19
5.44504E+00	1000010010	5.16655E+19	1000010010	5.16655E+19
9.85944E+00	1000010010	9.72171E+20	1000010010	9.72171E+20
1.08030E+00	1000010010	5.00218E+21	1000010010	5.00218E+21
7.00533E+00	1000010010	6.63927E+20	1000010010	6.63927E+20
4.95329E-01	1000010010	8.57862E+18	1000010010	8.57862E+18
4.83902E+00	1000010010	1.85873E+20	1000010010	1.85873E+20
7.75854E-01	1000010010	1.21755E+19	1000010010	1.21755E+19
8.82691E+00	1000010010	1.33614E+19	1000010010	1.33614E+19
1.23963E+00	1000010010	3.64919E+20	1000010010	3.64919E+20
4.16994E+00	1000010010	6.87502E+20	1000010010	6.87502E+20
2.26519E+00	1000010010	1.60839E+20	1000010010	1.60839E+20
3.01909E+00	1000010010	1.05590E+20	1000010010	1.05590E+20
2.60277E+00	1000010010	6.07977E+20	1000010010	6.07977E+20
4.54288E+00	1000010010	9.16950E+18	1000010010	9.16950E+18
7.74765E+00	1000010010	1.98667E+19	1000010010	1.98667E+19
3.72199E+00	1000010010	8.74649E+19	1000010010	8.74649E+19
3.57832E+00	1000010010	3.51717E+20	1000010010	3.51717E+20
1.06305E+00	1000010010	2.69523E+19	1000010010	2.69523E+19
2.85091E+00	1000010010	2.11575E+21	1000010010	2.11575E+21
1.06477E+00	1000010010	1.44917E+19	1000010010	1.44917E+19
8.56792E+00	1000010010	4.81862E+19	1000010010	4.81862E+19
6.74242E+00	1000010010	5.94865E+20	1000010010	5.94865E+20
8.05622E+00	1000010010	1.09388E+19	1000010010	1.09388E+19
9.48198E+00	1000010010	3.72605E+21	1000010010	3.72605E+21
2.11419E+00	1000010010	1.30338E+21	1000010010	1.30338E+21
2.22657E+00	1000010010	1.07270E+21	1000010010	1.07270E+21
4.85970E+00	1000010010	3.14263E+19	1000010010	3.14263E+19
8.14408E+00	1000010010	3.85567E+20	1000010010	3.85567E+20
7.73100E+00	1000010010	5.61880E+20	1000010010	5.61880E+20
4.25396E+00	1000010010	1.60697E+20	1000010010	1.60697E+20
3.51228E+00	1000010010	2.98264E+19	1000010010	2.98264E+19
4.03631E-01	1000010010	5.21560E+20	1000010010	5.21560E+20
3.17712E+00	1000010010	2.90886E+20	1000010010	2.90886E+20
3.33238E+00	1000010010	1.83951E+21	1000010010	1.83951E+21
7.91773E+00	1000010010	1.06125E+19	1000010010	1.06125E+19
3.59058E+00	1000010010	9.81749E+19	1000010010	9.81749E+19
6.87358E+00	1000010010	6.12950E+20	1000010010	6.12950E+20
1.85022E+00	1000010010	2.56516E+21	1000010010	2.56516E+21
7.20372E+00	1000010010	1.25726E+19	1000010010	1.25726E+19
5.69543E+00	1000010010	3.21935E+21	1000010010	3.21935E+21
3.87093E+00	1000010010	5.65717E+20	1000010010	5.65717E+20
6.13462E+00	1000010010	2.02472E+19	1000010010	2.02472E+19
1.80067E+00	1000010010	5.49209E+19	1000010010	5.49209E+19
3.39820E+00	1000010010	3.97058E+20	1000010010	3.97058E+20
7.19982E+00	1000010010	1.49218E+20	1000010010	1.49218E+20
1.05146E+00	1000010010	1.33074E+19	1000010010	1.33074E+19
5.81919E+00	1000010010	1.77637E+21	1000010010	1.77637E+21
2.61518E+00	1000010010	3.25297E+21	1000010010	3.25297E+21
9.74090E+00	1000010010	5.40916E+19	1000010010	5.40916E+19
3.23216E+00	1000010010	4.49003E+20	1000010010	4.49003E+20
9.25353E+00	1000010010	2.43429E+21	1000010010	2.43429E+21
2.89501E+00	1000010010	8.17498E+18	1000010010	8.17498E+18
2.02873E-01	1000010010	3.13083E+19	1000010010	3.13083E+19
5.15156E+00	1000010010	2.38391E+19	1000010010	2.38391E+19
3.30979E-01	1000010010	1.00991E+19	1000010010	1.00991E+19
4.81675E+00	1000010010	4.26051E+21	1000010010	4.26051E+21
5.13575E+00	1000010010	5.61738E+19	1000010010	5.61738E+19
4.24948E+00	1000010010	9.61019E+18	1000010010	9.61019E+18
2.97239E+00	1000010010	2.96195E+20	1000010010	2.96195E+20
3.36711E+00	1000010010	4.11024E+19	1000010010	4.11024E+19
5.58202E+00	1000010010	1.02497E+20	1000010010	1.02497E+20
7.46303E+00	1000010010	6.15322E+21	1000010010	6.15322E+21
3.65241E+00	1000010010	1.96261E+21	1000010010	1.96261E+21
7.66941E+00	1000010010	3.56124E+19	1000010010	3.56124E+19
2.64616E+00	1000010010	3.98558E+21	1000010010	3.98558E+21
3.21350E+00	1000010010	3.89112E+20	1000010010	3.89112E+20
1.32893E+00	1000010010	2.18718E+21	1000010010	2.18718E+21
3.25267E+00	1000010010	2.76623E+20	1000010010	2.76623E+20
8.23942E+00	1000010010	2.70844E+21	1000010010	2.70844E+21
3.27889E+00	1000010010	4.37672E+21	1000010010	4.37672E+21
9.70230E+00	1000010010	3.62868E+20	1000010010	3.62868E+20
3.05516E+00	1000010010	2.96229E+19	1000010010	2.96229E+19
8.57055E+00	1000010010	1.90031E+20	1000010010	1.90031E+20
2.57519E+00	1000010010	2.95659E+20	1000010010	2.95659E+20
2.14329E+00	1000010010	2.06324E+20	1000010010	2.06324E+20
5.18184E+00	1000010010	1.42953E+19	1000010010	1.42953E+19
2.64269E+00	1000010010	9.20152E+19	1000010010	9.20152E+19
8.96004E+00	1000010010	4.93250E+21	1000010010	4.93250E+21
2.45600E+00	1000010010	7.60140E+18	1000010010	7.60140E+18
3.46523E+00	1000010010	4.88390E+20	1000010010	4.88390E+20
1.30406E+00	1000010010	9.19656E+20	1000010010	9.19656E+20
3.67694E+00	1000010010	1.00845E+21	1000010010	1.00845E+21
6.68361E+00	1000010010	1.16484E+21	1000010010	1.16484E+21
9.17672E+00	1000010010	6.12873E+19	1000010010	6.12873E+19
9.78090E+00	1000010010	4.58038E+20	1000010010	4.58038E+20
4.26342E+00	1000010010	1.33757E+20	1000010010	1.33757E+20
1.25238E+00	1000010010	3.81778E+19	1000010010	3.81778E+19
2.80502E+00	1000010010	4.78819E+20	1000010010	4.78819E+20
6.79944E+00	1000010010	4.41194E+19	1000010010	4.41194E+19
2.60468E+00	1000010010	5.00684E+21	1000010010	5.00684E+21
4.43795E+00	1000010010	2.37117E+19	1000010010	2.37117E+19
2.49066E+00	1000010010	8.76565E+19	1000010010	8.76565E+19
8.72758E-01	1000010010	4.12327E+19	1000010010	4.12327E+19
8.46662E+00	1000010010	1.47441E+20	1000010010	1.47441E+20
1.66388E+00	1000010010	1.54642E+19	1000010010	1.54642E+19
2.69821E+00	1000010010	5.44366E+20	1000010010	5.44366E+20
1.67390E-01	1000010010	1.60012E+20	1000010010	1.60012E+20
7.81888E+00	1000010010	1.84675E+21	1000010010	1.84675E+21
7.86530E+00	1000010010	2.53710E+21	1000010010	2.53710E+21
2.68466E+00	1000010010	9.28618E+20	1000010010	9.28618E+20
1.52719E+00	1000010010	2.24236E+19	1000010010	2.24236E+19
5.52130E+00	1000010010	9.42353E+18	1000010010	9.42353E+18
7.15831E+00	1000010010	3.38274E+19	1000010010	3.38274E+19
4.20724E+00	1000010010	2.76496E+19	1000010010	2.76496E+19
3.53630E+00	1000010010	1.82002E+21	1000010010	1.82002E+21
2.09857E+00	1000010010	6.35048E+18	1000010010	6.35048E+18
4.99884E+00	1000010010	7.69054E+18	1000010010	7.69054E+18
8.83064E+00	1000010010	3.34555E+20	1000010010	3.34555E+20
2.99116E-01	1000010010	8.20627E+18	1000010010	8.20627E+18
8.27095E+00	1000010010	9.23249E+18	1000010010	9.23249E+18
7.80635E+00	1000010010	7.16566E+18	1000010010	7.16566E+18
6.29055E+00	1000010010	1.14891E+21	1000010010	1.14891E+21
5.46974E-01	1000010010	9.38406E+20	1000010010	9.38406E+20
3.81526E+00	1000010010	1.63355E+21	1000010010	1.63355E+21
2.23358E+00	1000010010	4.68801E+21	1000010010	4.68801E+21
2.96468E+00	1000010010	1.52766E+20	1000010010	1.52766E+20
5.47177E+00	1000010010	6.03449E+20	1000010010	6.03449E+20
9.13573E+00	1000010010	3.29537E+20	1000010010	3.29537E+20
8.47811E+00	1000010010	1.62223E+20	1000010010	1.62223E+20
6.02657E+00	1000010010	1.45406E+20	1000010010	1.45406E+20
3.22226E+00	1000010010	9.89067E+18	1000010010	9.89067E+18
1.37395E+00	1000010010	3.06042E+20	1000010010	3.06042E+20
2.07575E+00	1000010010	1.64543E+21	1000010010	1.64543E+21
6.47241E+00	1000010010	1.91879E+20	1000010010	1.91879E+20
7.78193E+00	1000010010	3.04162E+20	1000010010	3.04162E+20
6.79386E+00	1000010010	3.22012E+21	1000010010	3.22012E+21
6.53332E+00	1000010010	1.04201E+19	1000010010	1.04201E+19
5.38965E+00	1000010010	6.66312E+19	1000010010	6.66312E+19
5.14575E+00	1000010010	9.87751E+19	1000010010	9.87751E+19
5.83600E+00	1000010010	2.08299E+21	1000010010	2.08299E+21
2.05741E+00	1000010010	1.51381E+20	1000010010	1.51381E+20
3.70588E+00	1000010010	2.32480E+19	1000010010	2.32480E+19
2.79747E+00	1000010010	9.73678E+20	1000010010	9.73678E+20
3.12655E+00	1000010010	6.81986E+19	1000010010	6.81986E+19
2.08130E+00	1000010010	2.10359E+20	1000010010	2.10359E+20
3.72558E+00	1000010010	1.33592E+19	1000010010	1.33592E+19
5.97109E+00	1000010010	2.78843E+20	1000010010	2.78843E+20
8.04515E+00	1000010010	1.55101E+21	1000010010	1.55101E+21
9.57589E+00	1000010010	1.68592E+21	1000010010	1.68592E+21
3.79333E+00	1000010010	1.35150E+19	1000010010	1.35150E+19
2.42100E+00	1000010010	1.32822E+21	1000010010	1.32822E+21
5.28677E+00	1000010010	6.27076E+19	1000010010	6.27076E+19
9.22150E+00	1000010010	1.16190E+20	1000010010	1.16190E+20
6.58581E+00	1000010010	4.95175E+20	1000010010	4.95175E+20
5.62546E+00	1000010010	1.35398E+19	1000010010	1.35398E+19
8.07841E+00	1000010010	1.49833E+21	1000010010	1.49833E+21
1.18571E+00	1000010010	1.98764E+20	1000010010	1.98764E+20
1.91119E+00	1000010010	1.46765E+19	1000010010	1.46765E+19
5.91991E+00	1000010010	3.26432E+20	1000010010	3.26432E+20
6.97485E+00	1000010010	7.76062E+18	1000010010	7.76062E+18
6.62319E+00	1000010010	9.94326E+19	1000010010	9.94326E+19
7.01956E+00	1000010010	4.88620E+20	1000010010	4.88620E+20
1.17360E-01	1000010010	1.45995E+19	1000010010	1.45995E+19
7.29266E+00	1000010010	6.00607E+20	1000010010	6.00607E+20
9.51637E+00	1000010010	4.80862E+21	1000010010	4.80862E+21
7.62345E+00	1000010010	9.13947E+20	1000010010	9.13947E+20
6.91066E+00	1000010010	4.30010E+19	1000010010	4.30010E+19
5.88322E+00	1000010010	1.51662E+21	1000010010	1.51662E+21
4.80264E+00	1000010010	2.20131E+21	1000010010	2.20131E+21
7.21322E-01	1000010010	1.07116E+20	1000010010	1.07116E+20
4.68369E+00	1000010010	1.15964E+20	1000010010	1.15964E+20
8.60074E+00	1000010010	5.57487E+21	1000010010	5.57487E+21
6.85511E+00	1000010010	5.00516E+19	1000010010	5.00516E+19
8.85959E+00	1000010010	3.13002E+21	1000010010	3.13002E+21
5.33994E+00	1000010010	3.73560E+20	1000010010	3.73560E+20
9.21121E+00	1000010010	1.00276E+20	1000010010	1.00276E+20
8.90829E+00	1000010010	2.53355E+19	1000010010	2.53355E+19
8.66208E+00	1000010010	1.82799E+19	1000010010	1.82799E+19
9.45654E-01	1000010010	1.64590E+20	1000010010	1.64590E+20
6.68680E+00	1000010010	2.98470E+21	1000010010	2.98470E+21
2.53986E+00	1000010010	1.06249E+19	1000010010	1.06249E+19
2.06808E+00	1000010010	1.90718E+19	1000010010	1.90718E+19
6.83803E+00	1000010010	1.51679E+21	1000010010	1.51679E+21
1.46190E+00	1000010010	5.33352E+19	1000010010	5.33352E+19
7.71880E+00	1000010010	2.69897E+20	1000010010	2.69897E+20
5.61656E-01	1000010010	9.93762E+18	1000010010	9.93762E+18
4.46936E+00	1000010010	2.45592E+20	1000010010	2.45592E+20
1.06120E+00	1000010010	5.07837E+19	1000010010	5.07837E+19
4.92479E+00	1000010010	5.20091E+20	1000010010	5.20091E+20
3.51713E+00	1000010010	3.07037E+20	1000010010	3.07037E+20
2.42590E-01	1000010010	5.07861E+19	1000010010	5.07861E+19
7.83426E+00	1000010010	9.63311E+19	1000010010	9.63311E+19
4.93869E+00	1000010010	2.25491E+20	1000010010	2.25491E+20
6.23589E+00	1000010010	5.24820E+20	1000010010	5.24820E+20
9.25739E+00	1000010010	1.32445E+20	1000010010	1.32445E+20
3.90702E+00	1000010010	1.63014E+21	1000010010	1.63014E+21
9.59091E+00	1000010010	5.52315E+20	1000010010	5.52315E+20
4.17866E+00	1000010010	2.96614E+20	1000010010	2.96614E+20
2.06218E+00	1000010010	3.23881E+21	1000010010	3.23881E+21
6.89431E+00	1000010010	5.07829E+20	1000010010	5.07829E+20
6.56653E+00	1000010010	2.37343E+20	1000010010	2.37343E+20
1.29855E+00	1000010010	1.82335E+21	1000010010	1.82335E+21
9.83137E+00	1000010010	1.09005E+20	1000010010	1.09005E+20
2.72195E+00	1000010010	1.11472E+20	1000010010	1.11472E+20
7.12271E+00	1000010010	1.30457E+20	1000010010	1.30457E+20
4.43814E+00	1000010010	1.33160E+19	1000010010	1.33160E+19
5.68396E+00	1000010010	9.81291E+19	1000010010	9.81291E+19
8.51011E+00	1000010010	4.38035E+20	1000010010	4.38035E+20
9.51940E+00	1000010010	2.66968E+20	1000010010	2.66968E+20
5.04679E+00	1000010010	1.71909E+21	1000010010	1.71909E+21
8.46609E+00	1000010010	7.03014E+20	1000010010	7.03014E+20
8.42787E-01	1000010010	7.16932E+20	1000010010	7.16932E+20
8.55150E+00	1000010010	1.05179E+19	1000010010	1.05179E+19
5.49766E+00	1000010010	4.96454E+20	1000010010	4.96454E+20
9.35351E+00	1000010010	1.18395E+21	1000010010	1.18395E+21
8.42376E+00	1000010010	5.90499E+19	1000010010	5.90499E+19
8.85224E+00	1000010010	7.74530E+20	1000010010	7.74530E+20
7.69774E+00	1000010010	2.45512E+19	1000010010	2.45512E+19
1.26589E+00	1000010010	9.20430E+19	1000010010	9.20430E+19
1.12113E+00	1000010010	1.42233E+20	1000010010	1.42233E+20
3.63277E+00	1000010010	5.87597E+19	1000010010	5.87597E+19
2.84284E+00	1000010010	1.71551E+19	1000010010	1.71551E+19
3.61711E-02	1000010010	8.41821E+20	1000010010	8.41821E+20
3.90695E-01	1000010010	1.95253E+21	1000010010	1.95253E+21
8.37771E+00	1000010010	1.36648E+19	1000010010	1.36648E+19
9.75209E+00	1000010010	3.21220E+21	1000010010	3.21220E+21
2.47706E+00	1000010010	6.08120E+20	1000010010	6.08120E+20
1.26197E+00	1000010010	5.30359E+19	1000010010	5.30359E+19
9.10379E+00	1000010010	5.77755E+19	1000010010	5.77755E+19
2.27983E+00	1000010010	1.47935E+20	1000010010	1.47935E+20
5.96565E+00	1000010010	3.00803E+21	1000010010	3.00803E+21
9.06080E+00	1000010010	1.90233E+21	1000010010	1.90233E+21
2.82236E+00	1000010010	6.11524E+21	1000010010	6.11524E+21
1.17102E+00	1000010010	1.37297E+21	1000010010	1.37297E+21
5.77519E-01	1000010010	6.89782E+20	1000010010	6.89782E+20
2.71585E+00	1000010010	5.10764E+19	1000010010	5.10764E+19
5.32625E+00	1000010010	9.09212E+18	1000010010	9.09212E+18
4.25475E+00	1000010010	8.08496E+18	1000010010	8.08496E+18
5.75994E+00	1000010010	1.21116E+19	1000010010	1.21116E+19
6.25957E+00	1000010010	3.62166E+21	1000010010	3.62166E+21
5.98167E+00	1000010010	4.68350E+19	1000010010	4.68350E+19
4.35981E+00	1000010010	3.34354E+21	1000010010	3.34354E+21
3.11314E+00	1000010010	3.15496E+21	1000010010	3.15496E+21
5.42344E-01	1000010010	2.88763E+21	1000010010	2.88763E+21
5.51967E+00	1000010010	6.22663E+21	1000010010	6.22663E+21
3.92045E+00	1000010010	1.67679E+21	1000010010	1.67679E+21
1.01473E-01	1000010010	2.17880E+19	1000010010	2.17880E+19
2.61985E+00	1000010010	5.89988E+21	1000010010	5.89988E+21
2.35813E+00	1000010010	2.17550E+20	1000010010	2.17550E+20
3.44172E+00	1000010010	1.34985E+20	1000010010	1.34985E+20
2.35473E+00	1000010010	8.06860E+20	1000010010	8.06860E+20
3.09529E+00	1000010010	9.28165E+18	1000010010	9.28165E+18
7.79418E+00	1000010010	5.11278E+20	1000010010	5.11278E+20
9.36933E+00	1000010010	2.81555E+20	1000010010	2.81555E+20
6.13386E+00	1000010010	3.99194E+20	1000010010	3.99194E+20
9.93349E+00	1000010010	2.00404E+20	1000010010	2.00404E+20
8.85035E+00	1000010010	1.47457E+19	1000010010	1.47457E+19
7.82078E+00	1000010010	1.33248E+21	1000010010	1.33248E+21
9.69571E+00	1000010010	1.12052E+20	1000010010	1.12052E+20
4.01291E+00	1000010010	1.17547E+21	1000010010	1.17547E+21
5.67049E+00	1000010010	4.73657E+20	1000010010	4.73657E+20
1.14254E+00	1000010010	5.60509E+21	1000010010	5.60509E+21
6.98757E+00	1000010010	5.54907E+19	1000010010	5.54907E+19
3.10151E+00	1000010010	3.38470E+19	1000010010	3.38470E+19
4.70249E+00	1000010010	4.35581E+21	1000010010	4.35581E+21
5.16331E+00	1000010010	7.92932E+18	1000010010	7.92932E+18
3.43345E-01	1000010010	1.71387E+19	1000010010	1.71387E+19
3.53090E-01	1000010010	3.29606E+20	1000010010	3.29606E+20
7.65751E+00	1000010010	3.95351E+19	1000010010	3.95351E+19
9.90161E+00	1000010010	4.58269E+20	1000010010	4.58269E+20
4.60024E+00	1000010010	1.20273E+20	1000010010	1.20273E+20
5.74238E+00	1000010010	4.46181E+19	1000010010	4.46181E+19
2.46514E+00	1000010010	3.07461E+20	1000010010	3.07461E+20
2.65948E+00	1000010010	6.30361E+20	1000010010	6.30361E+20
7.64576E+00	1000010010	2.03106E+19	1000010010	2.03106E+19
5.13580E+00	1000010010	1.43113E+21	1000010010	1.43113E+21
6.39836E+00	1000010010	4.62112E+20	1000010010	4.62112E+20
1.25899E+00	1000010010	1.64182E+19	1000010010	1.64182E+19
5.77076E+00	1000010010	1.23716E+21	1000010010	1.23716E+21
8.61505E+00	1000010010	1.03388E+20	1000010010	1.03388E+20
5.13202E+00	1000010010	2.01782E+19	1000010010	2.01782E+19
9.19912E+00	1000010010	8.87699E+19	1000010010	8.87699E+19
1.24358E+00	1000010010	2.09196E+19	1000010010	2.09196E+19
8.56441E+00	1000010010	1.72261E+19	1000010010	1.72261E+19
5.77676E+00	1000010010	1.12147E+19	1000010010	1.12147E+19
3.35149E+00	1000010010	4.01761E+20	1000010010	4.01761E+20
5.61782E+00	1000010010	2.39669E+21	1000010010	2.39669E+21
9.47770E+00	1000010010	9.45415E+19	1000010010	9.45415E+19
6.14017E+00	1000010010	2.56870E+21	1000010010	2.56870E+21
7.17315E+00	1000010010	1.65846E+19	1000010010	1.65846E+19
7.49989E+00	1000010010	9.53231E+19	1000010010	9.53231E+19
5.23534E+00	1000010010	1.87738E+19	1000010010	1.87738E+19
9.39705E+00	1000010010	7.44834E+18	1000010010	7.44834E+18
9.13865E-01	1000010010	3.24864E+19	1000010010	3.24864E+19
6.38410E+00	1000010010	3.04138E+20	1000010010	3.04138E+20
9.45850E+00	1000010010	9.19658E+18	1000010010	9.19658E+18
8.19382E+00	1000010010	4.89961E+20	1000010010	4.89961E+20
9.07931E+00	1000010010	5.54445E+19	1000010010	5.54445E+19
7.41367E+00	1000010010	2.40468E+19	1000010010	2.40468E+19
3.88515E+00	1000010010	1.31760E+20	1000010010	1.31760E+20
3.05239E+00	1000010010	9.66658E+20	1000010010	9.66658E+20
7.71398E+00	1000010010	2.95348E+21	1000010010	2.95348E+21
9.72288E+00	1000010010	4.25159E+21	1000010010	4.25159E+21
2.98371E+00	1000010010	4.14034E+19	1000010010	4.14034E+19
5.34539E-01	1000010010	2.68977E+21	1000010010	2.68977E+21
3.25000E+00	1000010010	2.41780E+19	1000010010	2.41780E+19
5.93702E+00	1000010010	1.47605E+20	1000010010	1.47605E+20
6.04485E+00	1000010010	3.04333E+19	1000010010	3.04333E+19
5.88802E-01	1000010010	1.19728E+19	1000010010	1.19728E+19
7.47573E+00	1000010010	1.92997E+19	1000010010	1.92997E+19
9.60048E+00	1000010010	9.73680E+18	1000010010	9.73680E+18
1.83558E+00	1000010010	7.60806E+18	1000010010	7.60806E+18
2.01459E+00	1000010010	1.59329E+19	1000010010	1.59329E+19
5.97479E+00	1000010010	5.18958E+19	1000010010	5.18958E+19
4.24151E+00	1000010010	7.20878E+18	1000010010	7.20878E+18
6.19854E+00	1000010010	5.96826E+21	1000010010	5.96826E+21
6.29973E+00	1000010010	8.94775E+19	1000010010	8.94775E+19
3.82523E+00	1000010010	1.22810E+19	1000010010	1.22810E+19
7.07745E+00	1000010010	1.24535E+21	1000010010	1.24535E+21
6.78498E+00	1000010010	7.48946E+19	1000010010	7.48946E+19
8.98423E-01	1000010010	9.00507E+18	1000010010	9.00507E+18
3.43729E+00	1000010010	3.61337E+19	1000010010	3.61337E+19
7.63578E+00	1000010010	3.14240E+19	1000010010	3.14240E+19
5.95208E+00	1000010010	2.87616E+19	1000010010	2.87616E+19
6.40619E+00	1000010010	3.43708E+21	1000010010	3.43708E+21
8.01412E+00	1000010010	8.88196E+20	1000010010	8.88196E+20
4.45041E+00	1000010010	2.44051E+19	1000010010	2.44051E+19
2.88255E+00	1000010010	5.05065E+20	1000010010	5.05065E+20
6.33258E+00	1000010010	1.41745E+19	1000010010	1.41745E+19
3.56228E+00	1000010010	2.18651E+19	1000010010	2.18651E+19
1.92956E+00	1000010010	1.40197E+19	1000010010	1.40197E+19
2.60686E+00	1000010010	1.87559E+20	1000010010	1.87559E+20
8.18651E+00	1000010010	1.15554E+20	1000010010	1.15554E+20
6.75402E+00	1000010010	4.91506E+20	1000010010	4.91506E+20
5.87462E+00	1000010010	2.47625E+21	1000010010	2.47625E+21
4.73093E+00	1000010010	1.71563E+20	1000010010	1.71563E+20
4.15271E+00	1000010010	8.29538E+19	1000010010	8.29538E+19
3.61113E-01	1000010010	5.25361E+19	1000010010	5.25361E+19
6.45713E+00	1000010010	4.68648E+21	1000010010	4.68648E+21
5.58074E+00	1000010010	9.57271E+20	1000010010	9.57271E+20
6.37084E+00	1000010010	1.08622E+20	1000010010	1.08622E+20
2.49302E-01	1000010010	2.49621E+19	1000010010	2.49621E+19
6.99890E+00	1000010010	2.27323E+20	1000010010	2.27323E+20
4.93966E+00	1000010010	1.35652E+20	1000010010	1.35652E+20
3.87797E-01	1000010010	2.70187E+20	1000010010	2.70187E+20
6.10751E+00	1000010010	3.93634E+20	1000010010	3.93634E+20
8.36907E-01	1000010010	3.23880E+21	1000010010	3.23880E+21
7.24017E+00	1000010010	7.42773E+18	1000010010	7.42773E+18
5.30743E+00	1000010010	7.00808E+19	1000010010	7.00808E+19
2.20325E+00	1000010010	4.15413E+19	1000010010	4.15413E+19
2.59637E+00	1000010010	5.55358E+19	1000010010	5.55358E+19
4.80199E+00	1000010010	2.36546E+19	1000010010	2.36546E+19
7.66308E+00	1000010010	1.22307E+20	1000010010	1.22307E+20
6.98169E+00	1000010010	5.79866E+20	1000010010	5.79866E+20
6.91250E+00	1000010010	2.13356E+20	1000010010	2.13356E+20
4.66543E+00	1000010010	6.00577E+19	1000010010	6.00577E+19
7.61104E+00	1000010010	5.91682E+20	1000010010	5.91682E+20
9.22187E+00	1000010010	1.08400E+20	1000010010	1.08400E+20
2.89196E+00	1000010010	1.79485E+19	1000010010	1.79485E+19
2.70483E+00	1000010010	2.52855E+21	1000010010	2.52855E+21
1.31663E+00	1000010010	1.65217E+20	1000010010	1.65217E+20
9.58988E+00	1000010010	3.26060E+19	1000010010	3.26060E+19
3.01665E+00	1000010010	6.53874E+18	1000010010	6.53874E+18
9.28683E+00	1000010010	1.62642E+20	1000010010	1.62642E+20
4.01483E+00	1000010010	3.62993E+21	1000010010	3.62993E+21
4.24238E+00	1000010010	2.84758E+21	1000010010	2.84758E+21
1.68921E+00	1000010010	4.12192E+21	1000010010	4.12192E+21
6.36508E+00	1000010010	4.72338E+21	1000010010	4.72338E+21
2.05630E-01	1000010010	8.53008E+19	1000010010	8.53008E+19
5.62978E+00	1000010010	1.08023E+20	1000010010	1.08023E+20
8.20584E+00	1000010010	5.41739E+21	1000010010	5.41739E+21
4.67612E+00	1000010010	4.85144E+20	1000010010	4.85144E+20
4.10312E-01	1000010010	2.56773E+20	1000010010	2.56773E+20
9.85946E+00	1000010010	5.62250E+19	1000010010	5.62250E+19
4.49090E+00	1000010010	1.40935E+19	1000010010	1.40935E+19
2.94290E-01	1000010010	3.02712E+19	1000010010	3.02712E+19
9.66083E-01	1000010010	9.41879E+18	1000010010	9.41879E+18
8.81419E+00	1000010010	3.91740E+20	1000010010	3.91740E+20
4.32016E+00	1000010010	2.28064E+20	1000010010	2.28064E+20
3.97322E+00	1000010010	1.46711E+19	1000010010	1.46711E+19
7.21249E+00	1000010010	3.03366E+19	1000010010	3.03366E+19
8.25471E+00	1000010010	2.41020E+21	1000010010	2.41020E+21
2.88737E+00	1000010010	3.95864E+21	1000010010	3.95864E+21
3.84035E+00	1000010010	1.11920E+20	1000010010	1.11920E+20
2.73517E+00	1000010010	5.95208E+21	1000010010	5.95208E+21
9.84677E+00	1000010010	1.36279E+19	1000010010	1.36279E+19
3.19819E+00	1000010010	2.57591E+20	1000010010	2.57591E+20
7.80083E-01	1000010010	3.16844E+21	1000010010	3.16844E+21
7.27839E-01	1000010010	2.94604E+21	1000010010	2.94604E+21
8.04486E+00	1000010010	5.47682E+19	1000010010	5.47682E+19
2.51843E+00	1000010010	5.67115E+21	1000010010	5.67115E+21
5.78358E+00	1000010010	2.42735E+21	1000010010	2.42735E+21
7.39427E+00	1000010010	1.00507E+20	1000010010	1.00507E+20
6.17213E+00	1000010010	1.30848E+21	1000010010	1.30848E+21
3.02743E+00	1000010010	1.42507E+19	1000010010	1.42507E+19
6.35933E+00	1000010010	2.42941E+21	1000010010	2.42941E+21
2.45065E+00	1000010010	1.20207E+20	1000010010	1.20207E+20
5.71789E+00	1000010010	9.35267E+19	1000010010	9.35267E+19
5.95793E+00	1000010010	7.99948E+18	1000010010	7.99948E+18
9.18030E+00	1000010010	5.69650E+21	1000010010	5.69650E+21
6.84354E+00	1000010010	1.62799E+20	1000010010	1.62799E+20
5.53209E-01	1000010010	1.29105E+21	1000010010	1.29105E+21
8.60776E+00	1000010010	3.10920E+21	1000010010	3.10920E+21
8.20652E-01	1000010010	2.31827E+21	1000010010	2.31827E+21
1.93302E+00	1000010010	1.39070E+20	1000010010	1.39070E+20
3.27868E+00	1000010010	1.27948E+20	1000010010	1.27948E+20
2.51273E-01	1000010010	1.91546E+21	1000010010	1.91546E+21
1.96879E+00	1000010010	3.54767E+21	1000010010	3.54767E+21
2.14026E+00	1000010010	2.01908E+21	1000010010	2.01908E+21
1.07703E-01	1000010010	5.45160E+19	1000010010	5.45160E+19
9.35060E+00	1000010010	1.32531E+21	1000010010	1.32531E+21
6.56309E+00	1000010010	1.62764E+19	1000010010	1.62764E+19
1.57717E+00	1000010010	2.48709E+19	1000010010	2.48709E+19
9.82399E+00	1000010010	2.14370E+21	1000010010	2.14370E+21
5.07805E+00	1000010010	2.37435E+19	1000010010	2.37435E+19
4.99376E+00	1000010010	9.35417E+19	1000010010	9.35417E+19
8.17818E+00	1000010010	3.54743E+21	1000010010	3.54743E+21
7.37257E+00	1000010010	4.30064E+19	1000010010	4.30064E+19
5.11167E-02	1000010010	1.47003E+19	1000010010	1.47003E+19
8.97051E+00	1000010010	3.70070E+20	1000010010	3.70070E+20
8.32052E+00	1000010010	2.52024E+20	1000010010	2.52024E+20
4.86746E+00	1000010010	3.44892E+19	1000010010	3.44892E+19
3.25129E+00	1000010010	1.13163E+20	1000010010	1.13163E+20
1.02366E+00	1000010010	7.09171E+19	1000010010	7.09171E+19
7.93054E+00	1000010010	3.70995E+20	1000010010	3.70995E+20
1.89578E+00	1000010010	1.37273E+21	1000010010	1.37273E+21
5.53207E-01	1000010010	8.08370E+20	1000010010	8.08370E+20
3.89379E+00	1000010010	1.29849E+19	1000010010	1.29849E+19
6.03517E+00	1000010010	3.48034E+19	1000010010	3.48034E+19
1.30752E+00	1000010010	1.92291E+21	1000010010	1.92291E+21
5.88294E+00	1000010010	5.93730E+20	1000010010	5.93730E+20
8.06088E+00	1000010010	3.61383E+20	1000010010	3.61383E+20
3.36575E+00	1000010010	1.89090E+20	1000010010	1.89090E+20
6.41156E+00	1000010010	5.42012E+21	1000010010	5.42012E+21
3.49611E+00	1000010010	5.19708E+21	1000010010	5.19708E+21
8.77647E+00	1000010010	4.15038E+19	1000010010	4.15038E+19
5.80191E+00	1000010010	1.69001E+20	1000010010	1.69001E+20
9.85226E-01	1000010010	1.45641E+21	1000010010	1.45641E+21
4.56157E+00	1000010010	5.07076E+19	1000010010	5.07076E+19
6.27727E+00	1000010010	4.85770E+21	1000010010	4.85770E+21
7.64329E+00	1000010010	6.48926E+20	1000010010	6.48926E+20
2.86823E+00	1000010010	5.85760E+20	1000010010	5.85760E+20
7.19648E-01	1000010010	1.86465E+21	1000010010	1.86465E+21
1.69308E+00	1000010010	5.41784E+19	1000010010	5.41784E+19
2.12974E+00	1000010010	1.92223E+20	1000010010	1.92223E+20
5.99643E+00	1000010010	9.01678E+20	1000010010	9.01678E+20
7.91562E+00	1000010010	1.48348E+20	1000010010	1.48348E+20
4.24666E+00	1000010010	2.60460E+19	1000010010	2.60460E+19
5.34686E+00	1000010010	1.56374E+20	1000010010	1.56374E+20
3.91301E+00	1000010010	1.02257E+19	1000010010	1.02257E+19
9.95463E+00	1000010010	5.64219E+21	1000010010	5.64219E+21
3.30269E+00	1000010010	5.77349E+19	1000010010	5.77349E+19
8.34917E+00	1000010010	1.34079E+19	1000010010	1.34079E+19
4.52061E+00	1000010010	7.37144E+19	1000010010	7.37144E+19
6.55887E+00	1000010010	9.15510E+18	1000010010	9.15510E+18
8.04594E+00	1000010010	6.22492E+21	1000010010	6.22492E+21
3.90927E+00	1000010010	1.25904E+21	1000010010	1.25904E+21
4.95277E+00	1000010010	2.12463E+21	1000010010	2.12463E+21
1.17580E+00	1000010010	1.84785E+20	1000010010	1.84785E+20
5.00376E+00	1000010010	1.66973E+19	1000010010	1.66973E+19
5.61242E+00	1000010010	2.00974E+20	1000010010	2.00974E+20
7.51781E+00	1000010010	6.29376E+19	1000010010	6.29376E+19
8.64309E+00	1000010010	6.16373E+19	1000010010	6.16373E+19
2.36608E+00	1000010010	8.38366E+20	1000010010	8.38366E+20
3.91313E+00	1000010010	1.71976E+21	1000010010	1.71976E+21
4.34045E+00	1000010010	8.30054E+18	1000010010	8.30054E+18
9.99335E+00	1000010010	2.82993E+19	1000010010	2.82993E+19
2.09570E-01	1000010010	7.11651E+20	1000010010	7.11651E+20
1.94765E+00	1000010010	6.56306E+20	1000010010	6.56306E+20
3.29228E+00	1000010010	1.02703E+19	1000010010	1.02703E+19
2.73818E+00	1000010010	1.72126E+20	1000010010	1.72126E+20
5.42863E+00	1000010010	8.59425E+18	1000010010	8.59425E+18
5.68102E+00	1000010010	1.25096E+21	1000010010	1.25096E+21
3.26902E+00	1000010010	3.76344E+20	1000010010	3.76344E+20
9.34095E+00	1000010010	7.80905E+19	1000010010	7.80905E+19
1.58599E+00	1000010010	2.11439E+20	1000010010	2.11439E+20
8.02676E+00	1000010010	1.34682E+19	1000010010	1.34682E+19
6.85364E+00	1000010010	3.43839E+19	1000010010	3.43839E+19
8.93903E+00	1000010010	1.51352E+19	1000010010	1.51352E+19
9.66299E+00	1000010010	6.17395E+19	1000010010	6.17395E+19
9.59009E+00	1000010010	6.70317E+18	1000010010	6.70317E+18
5.81770E+00	1000010010	5.94747E+21	1000010010	5.94747E+21
8.27720E+00	1000010010	1.15901E+19	1000010010	1.15901E+19
6.52489E+00	1000010010	2.54078E+20	1000010010	2.54078E+20
1.48919E-01	1000010010	1.96595E+21	1000010010	1.96595E+21
2.87197E+00	1000010010	6.11616E+21	1000010010	6.11616E+21
8.84199E+00	1000010010	3.44369E+21	1000010010	3.44369E+21
3.37762E+00	1000010010	4.90856E+19	1000010010	4.90856E+19
9.67378E+00	1000010010	3.92965E+21	1000010010	3.92965E+21
5.13970E+00	1000010010	3.13086E+21	1000010010	3.13086E+21
7.17185E+00	1000010010	2.38940E+21	1000010010	2.38940E+21
1.19239E+00	1000010010	1.22907E+21	1000010010	1.22907E+21
3.30674E+00	1000010010	1.93499E+21	1000010010	1.93499E+21
6.19319E+00	1000010010	1.17230E+19	1000010010	1.17230E+19
5.25656E+00	1000010010	3.57691E+19	1000010010	3.57691E+19
7.46580E+00	1000010010	4.51163E+20	1000010010	4.51163E+20
9.69203E-01	1000010010	4.25124E+21	1000010010	4.25124E+21
5.15383E-01	1000010010	1.77205E+21	1000010010	1.77205E+21
7.80329E+00	1000010010	4.62422E+20	1000010010	4.62422E+20
3.44077E+00	1000010010	5.93448E+20	1000010010	5.93448E+20
8.54271E+00	1000010010	2.62486E+21	1000010010	2.62486E+21
1.24222E+00	1000010010	5.41954E+20	1000010010	5.41954E+20
1.65330E+00	1000010010	1.52817E+19	1000010010	1.52817E+19
1.15042E+00	1000010010	4.10632E+19	1000010010	4.10632E+19
2.18105E+00	1000010010	1.88514E+20	1000010010	1.88514E+20
4.05047E+00	1000010010	1.81807E+21	1000010010	1.81807E+21
6.00108E+00	1000010010	3.04908E+20	1000010010	3.04908E+20
3.04950E+00	1000010010	2.13259E+21	1000010010	2.13259E+21
4.90555E+00	1000010010	1.25245E+20	1000010010	1.25245E+20
9.13068E+00	1000010010	2.04326E+20	1000010010	2.04326E+20
2.72739E+00	1000010010	6.26110E+19	1000010010	6.26110E+19
9.73465E+00	1000010010	1.85586E+20	1000010010	1.85586E+20
8.94258E-01	1000010010	1.99191E+20	1000010010	1.99191E+20
4.17424E+00	1000010010	2.70452E+20	1000010010	2.70452E+20
4.51083E+00	1000010010	9.58692E+18	1000010010	9.58692E+18
3.58604E+00	1000010010	1.52968E+20	1000010010	1.52968E+20
4.67470E+00	1000010010	9.42829E+19	1000010010	9.42829E+19
1.05560E+00	1000010010	2.09825E+20	1000010010	2.09825E+20
4.35235E+00	1000010010	2.30862E+19	1000010010	2.30862E+19
2.88577E+00	1000010010	4.18897E+21	1000010010	4.18897E+21
5.45759E+00	1000010010	1.53830E+20	1000010010	1.53830E+20
1.89071E+00	1000010010	2.74446E+21	1000010010	2.74446E+21
2.00899E+00	1000010010	6.51698E+20	1000010010	6.51698E+20
5.63416E-02	1000010010	7.19362E+19	1000010010	7.19362E+19
6.13219E+00	1000010010	8.06623E+18	1000010010	8.06623E+18
2.34401E+00	1000010010	1.18608E+19	1000010010	1.18608E+19
8.44086E+00	1000010010	7.66619E+18	1000010010	7.66619E+18
4.74646E-01	1000010010	1.13869E+20	1000010010	1.13869E+20
7.63555E+00	1000010010	3.43154E+20	1000010010	3.43154E+20
4.74714E+00	1000010010	2.75363E+20	1000010010	2.75363E+20
1.62954E+00	1000010010	2.34110E+20	1000010010	2.34110E+20
5.82419E+00	1000010010	2.83619E+21	1000010010	2.83619E+21
6.46851E+00	1000010010	5.51619E+20	1000010010	5.51619E+20
3.98348E+00	1000010010	1.02780E+21	1000010010	1.02780E+21
1.79260E+00	1000010010	1.05401E+19	1000010010	1.05401E+19
6.87634E+00	1000010010	3.03401E+21	1000010010	3.03401E+21
7.84396E-01	1000010010	5.46189E+20	1000010010	5.46189E+20
9.75076E+00	1000010010	1.17106E+21	1000010010	1.17106E+21
1.59712E+00	1000010010	1.24689E+21	1000010010	1.24689E+21
3.56692E+00	1000010010	8.71608E+18	1000010010	8.71608E+18
5.00369E+00	1000010010	2.71793E+19	1000010010	2.71793E+19
4.69797E+00	1000010010	2.14235E+20	1000010010	2.14235E+20
8.21679E+00	1000010010	3.14467E+21	1000010010	3.14467E+21
7.64289E+00	1000010010	9.09487E+18	1000010010	9.09487E+18
1.55472E+00	1000010010	6.88509E+19	1000010010	6.88509E+19
8.87889E+00	1000010010	3.18479E+19	1000010010	3.18479E+19
4.71273E+00	1000010010	3.94486E+19	1000010010	3.94486E+19
1.96391E+00	1000010010	1.88540E+19	1000010010	1.88540E+19
1.63055E+00	1000010010	2.91836E+20	1000010010	2.91836E+20
9.23854E+00	1000010010	3.28719E+20	1000010010	3.28719E+20
4.53613E+00	1000010010	5.44891E+19	1000010010	5.44891E+19
3.24739E+00	1000010010	1.60580E+19	1000010010	1.60580E+19
3.31950E+00	1000010010	3.10188E+20	1000010010	3.10188E+20
9.35650E+00	1000010010	7.82222E+20	1000010010	7.82222E+20
1.39362E+00	1000010010	2.06527E+19	1000010010	2.06527E+19
1.49819E+00	1000010010	1.33294E+19	1000010010	1.33294E+19
5.40047E+00	1000010010	1.81092E+20	1000010010	1.81092E+20
4.99638E+00	1000010010	3.26137E+21	1000010010	3.26137E+21
4.81190E+00	1000010010	1.90866E+19	1000010010	1.90866E+19
2.87145E+00	1000010010	3.58402E+19	1000010010	3.58402E+19
2.92162E+00	1000010010	2.28858E+20	1000010010	2.28858E+20
9.37015E+00	1000010010	2.04971E+20	1000010010	2.04971E+20
4.02205E-01	1000010010	5.12801E+21	1000010010	5.12801E+21
2.39778E+00	1000010010	3.03024E+20	1000010010	3.03024E+20
4.21610E+00	1000010010	1.87696E+20	1000010010	1.87696E+20
5.83203E+00	1000010010	3.58096E+21	1000010010	3.58096E+21
2.13228E+00	1000010010	1.15571E+19	1000010010	1.15571E+19
2.13272E+00	1000010010	7.12421E+19	1000010010	7.12421E+19
8.46460E+00	1000010010	3.19051E+21	1000010010	3.19051E+21
9.49996E+00	1000010010	5.97697E+19	1000010010	5.97697E+19
2.76138E+00	1000010010	1.74352E+21	1000010010	1.74352E+21
9.26601E+00	1000010010	3.49211E+20	1000010010	3.49211E+20
7.80010E+00	1000010010	5.01509E+19	1000010010	5.01509E+19
1.65917E+00	1000010010	3.17279E+19	1000010010	3.17279E+19
3.37750E+00	1000010010	2.83640E+21	1000010010	2.83640E+21
5.01529E+00	1000010010	3.40622E+20	1000010010	3.40622E+20
6.74528E+00	1000010010	2.58520E+19	1000010010	2.58520E+19
8.78981E+00	1000010010	1.79808E+19	1000010010	1.79808E+19
9.59284E+00	1000010010	1.52568E+19	1000010010	1.52568E+19
2.23470E-01	1000010010	1.89834E+21	1000010010	1.89834E+21
2.99538E+00	1000010010	4.72825E+21	1000010010	4.72825E+21
1.94236E+00	1000010010	5.32596E+20	1000010010	5.32596E+20
2.56282E+00	1000010010	7.86922E+18	1000010010	7.86922E+18
2.70257E+00	1000010010	3.54354E+21	1000010010	3.54354E+21
5.02594E+00	1000010010	2.32041E+21	1000010010	2.32041E+21
8.16634E+00	1000010010	1.27120E+20	1000010010	1.27120E+20
8.73897E-01	1000010010	5.76467E+20	1000010010	5.76467E+20
6.45809E+00	1000010010	2.24216E+20	1000010010	2.24216E+20
4.49430E+00	1000010010	1.06869E+21	1000010010	1.06869E+21
7.64621E+00	1000010010	3.90323E+19	1000010010	3.90323E+19
4.90130E+00	1000010010	6.57851E+18	1000010010	6.57851E+18
5.41013E+00	1000010010	3.63449E+21	1000010010	3.63449E+21
1.99475E+00	1000010010	2.54883E+19	1000010010	2.54883E+19
9.52926E+00	1000010010	1.01680E+21	1000010010	1.01680E+21
2.24033E+00	1000010010	1.29425E+20	1000010010	1.29425E+20
5.33507E+00	1000010010	1.94531E+19	1000010010	1.94531E+19
9.48955E+00	1000010010	5.70269E+21	1000010010	5.70269E+21
9.87680E+00	1000010010	4.49543E+20	1000010010	4.49543E+20
2.22189E+00	1000010010	4.91570E+20	1000010010	4.91570E+20
8.89731E+00	1000010010	2.86359E+21	1000010010	2.86359E+21
4.53723E+00	1000010010	3.67220E+20	1000010010	3.67220E+20
6.60087E+00	1000010010	4.77044E+19	1000010010	4.77044E+19
5.89886E+00	1000010010	1.17659E+21	1000010010	1.17659E+21
7.68894E+00	1000010010	1.77468E+20	1000010010	1.77468E+20
2.26138E+00	1000010010	2.20743E+20	1000010010	2.20743E+20
1.58373E+00	1000010010	2.36274E+20	1000010010	2.36274E+20
1.32353E+00	1000010010	9.42901E+18	1000010010	9.42901E+18
9.18439E+00	1000010010	8.43055E+20	1000010010	8.43055E+20
2.84149E+00	1000010010	2.20895E+20	1000010010	2.20895E+20
8.02803E+00	1000010010	2.84495E+21	1000010010	2.84495E+21
8.08287E+00	1000010010	1.45244E+19	1000010010	1.45244E+19
5.28036E+00	1000010010	1.00083E+19	1000010010	1.00083E+19
9.38356E+00	1000010010	8.22037E+20	1000010010	8.22037E+20
3.34147E+00	1000010010	4.78582E+20	1000010010	4.78582E+20
9.95984E+00	1000010010	5.17250E+20	1000010010	5.17250E+20
7.12520E+00	1000010010	9.95356E+20	1000010010	9.95356E+20
2.49623E+00	1000010010	1.05975E+20	1000010010	1.05975E+20
9.06851E+00	1000010010	4.26252E+19	1000010010	4.26252E+19
7.45413E-01	1000010010	5.72998E+20	1000010010	5.72998E+20
9.79162E+00	1000010010	1.25715E+19	1000010010	1.25715E+19
9.55244E+00	1000010010	7.38233E+18	1000010010	7.38233E+18
6.84512E+00	1000010010	1.55876E+19	1000010010	1.55876E+19
8.93748E+00	1000010010	1.34560E+20	1000010010	1.34560E+20
9.02710E+00	1000010010	2.86355E+21	1000010010	2.86355E+21
7.06341E+00	1000010010	3.43748E+20	1000010010	3.43748E+20
6.19001E+00	1000010010	8.47572E+19	1000010010	8.47572E+19
2.18215E+00	1000010010	1.71359E+21	1000010010	1.71359E+21
1.68370E+00	1000010010	1.95219E+19	1000010010	1.95219E+19
8.00896E+00	1000010010	7.22994E+20	1000010010	7.22994E+20
1.67868E-01	1000010010	1.87563E+21	1000010010	1.87563E+21
6.83377E+00	1000010010	1.42912E+19	1000010010	1.42912E+19
3.09445E+00	1000010010	3.91683E+19	1000010010	3.91683E+19
9.11171E+00	1000010010	1.76681E+21	1000010010	1.76681E+21
1.74817E-01	1000010010	3.77199E+20	1000010010	3.77199E+20
7.06823E+00	1000010010	1.82103E+20	1000010010	1.82103E+20
3.26480E-02	1000010010	1.21892E+19	1000010010	1.21892E+19
7.55035E+00	1000010010	7.07814E+18	1000010010	7.07814E+18
1.21994E+00	1000010010	2.82471E+20	1000010010	2.82471E+20
3.94683E+00	1000010010	9.48320E+18	1000010010	9.48320E+18
3.68991E+00	1000010010	7.77880E+18	1000010010	7.77880E+18
1.50985E+00	1000010010	1.29837E+19	1000010010	1.29837E+19
5.85006E+00	1000010010	3.38137E+19	1000010010	3.38137E+19
8.54958E-01	1000010010	5.71220E+21	1000010010	5.71220E+21
1.91057E+00	1000010010	3.34283E+19	1000010010	3.34283E+19
6.86924E+00	1000010010	3.41838E+20	1000010010	3.41838E+20
3.94796E+00	1000010010	1.76919E+19	1000010010	1.76919E+19
6.85033E+00	1000010010	1.15715E+21	1000010010	1.15715E+21
8.66547E+00	1000010010	8.92356E+20	1000010010	8.92356E+20
7.11467E+00	1000010010	1.36075E+19	1000010010	1.36075E+19
8.13433E+00	1000010010	3.13387E+19	1000010010	3.13387E+19
2.28757E+00	1000010010	2.42692E+19	1000010010	2.42692E+19
3.50372E-01	1000010010	1.29636E+21	1000010010	1.29636E+21
8.51047E+00	1000010010	6.88515E+18	1000010010	6.88515E+18
6.68821E+00	1000010010	9.09190E+19	1000010010	9.09190E+19
5.06203E+00	1000010010	8.73483E+19	1000010010	8.73483E+19
6.57850E+00	1000010010	2.04775E+21	1000010010	2.04775E+21
7.60320E+00	1000010010	1.03227E+19	1000010010	1.03227E+19
3.80585E+00	1000010010	2.26717E+21	1000010010	2.26717E+21
3.58048E+00	1000010010	7.18051E+19	1000010010	7.18051E+19
6.28675E+00	1000010010	3.46948E+21	1000010010	3.46948E+21
9.11614E+00	1000010010	1.17616E+19	1000010010	1.17616E+19
8.55621E+00	1000010010	5.06856E+21	1000010010	5.06856E+21
9.21740E+00	1000010010	1.71664E+21	1000010010	1.71664E+21
2.34807E+00	1000010010	2.27119E+21	1000010010	2.27119E+21
2.55349E+00	1000010010	5.26675E+20	1000010010	5.26675E+20
1.98499E+00	1000010010	6.18597E+21	1000010010	6.18597E+21
3.79578E-01	1000010010	3.19595E+20	1000010010	3.19595E+20
3.03982E+00	1000010010	4.36532E+21	1000010010	4.36532E+21
6.85667E+00	1000010010	4.61601E+21	1000010010	4.61601E+21
1.88513E+00	1000010010	6.27396E+20	1000010010	6.27396E+20
7.29702E+00	1000010010	4.79313E+19	1000010010	4.79313E+19
5.40315E-01	1000010010	4.35291E+19	1000010010	4.35291E+19
4.87789E+00	1000010010	5.71170E+19	1000010010	5.71170E+19
1.92214E+00	1000010010	2.72474E+19	1000010010	2.72474E+19
8.33857E-01	1000010010	1.88546E+21	1000010010	1.88546E+21
2.84088E+00	1000010010	1.22011E+20	1000010010	1.22011E+20
8.28372E-01	1000010010	5.19674E+20	1000010010	5.19674E+20
2.94839E+00	1000010010	2.91263E+19	1000010010	2.91263E+19
2.92861E+00	1000010010	1.51496E+19	1000010010	1.51496E+19
4.98721E+00	1000010010	1.30260E+21	1000010010	1.30260E+21
1.02834E+00	1000010010	6.84510E+19	1000010010	6.84510E+19
9.64502E+00	1000010010	1.02959E+20	1000010010	1.02959E+20
2.52715E+00	1000010010	3.26120E+20	1000010010	3.26120E+20
7.09980E+00	1000010010	9.28117E+18	1000010010	9.28117E+18
2.78728E+00	1000010010	2.83853E+21	1000010010	2.83853E+21
7.54628E+00	1000010010	7.10123E+18	1000010010	7.10123E+18
4.39340E+00	1000010010	3.61330E+21	1000010010	3.61330E+21
1.29405E+00	1000010010	6.95823E+20	1000010010	6.95823E+20
1.18048E+00	1000010010	4.42186E+20	1000010010	4.42186E+20
2.86504E+00	1000010010	2.10422E+20	1000010010	2.10422E+20
9.51995E+00	1000010010	2.51185E+21	1000010010	2.51185E+21
6.48605E+00	1000010010	3.00271E+20	1000010010	3.00271E+20
1.35454E+00	1000010010	2.58445E+19	1000010010	2.58445E+19
2.10947E+00	1000010010	1.48305E+21	1000010010	1.48305E+21
6.44942E+00	1000010010	2.69765E+21	1000010010	2.69765E+21
6.74960E+00	1000010010	2.21145E+21	1000010010	2.21145E+21
9.88409E+00	1000010010	9.93868E+19	1000010010	9.93868E+19
6.87441E+00	1000010010	5.48911E+20	1000010010	5.48911E+20
2.44040E+00	1000010010	1.78701E+20	1000010010	1.78701E+20
9.26785E+00	1000010010	1.52884E+21	1000010010	1.52884E+21
9.84129E+00	1000010010	1.36773E+19	1000010010	1.36773E+19
2.65302E+00	1000010010	1.41940E+19	1000010010	1.41940E+19
7.21037E+00	1000010010	3.16094E+20	1000010010	3.16094E+20
2.93647E+00	1000010010	4.19682E+19	1000010010	4.19682E+19
8.82076E+00	1000010010	4.85641E+20	1000010010	4.85641E+20
1.91009E+00	1000010010	8.15191E+19	1000010010	8.15191E+19
2.22811E+00	1000010010	3.43454E+20	1000010010	3.43454E+20
6.91482E+00	1000010010	3.42482E+19	1000010010	3.42482E+19
9.98614E-01	1000010010	7.24178E+19	1000010010	7.24178E+19
1.25073E+00	1000010010	4.85341E+20	1000010010	4.85341E+20
6.04128E+00	1000010010	2.05640E+19	1000010010	2.05640E+19
6.27180E+00	1000010010	1.43971E+20	1000010010	1.43971E+20
5.72643E+00	1000010010	2.30431E+20	1000010010	2.30431E+20
8.07470E+00	1000010010	4.93847E+20	1000010010	4.93847E+20
4.34776E+00	1000010010	8.12045E+19	1000010010	8.12045E+19
3.32081E-01	1000010010	2.04573E+19	1000010010	2.04573E+19
7.76558E+00	1000010010	2.07081E+19	1000010010	2.07081E+19
8.36084E+00	1000010010	4.49174E+19	1000010010	4.49174E+19
2.14846E+00	1000010010	5.46219E+20	1000010010	5.46219E+20
9.01998E+00	1000010010	9.04739E+20	1000010010	9.04739E+20
8.63603E+00	1000010010	2.31229E+21	1000010010	2.31229E+21
2.06716E+00	1000010010	2.81428E+20	1000010010	2.81428E+20
5.55960E+00	1000010010	7.71060E+20	1000010010	7.71060E+20
8.58359E+00	1000010010	1.66311E+20	1000010010	1.66311E+20
6.42189E-01	1000010010	3.50574E+19	1000010010	3.50574E+19
5.61290E+00	1000010010	1.01672E+19	1000010010	1.01672E+19
6.65983E+00	1000010010	5.39495E+21	1000010010	5.39495E+21
5.58363E+00	1000010010	8.39603E+20	1000010010	8.39603E+20
6.60246E+00	1000010010	5.78133E+21	1000010010	5.78133E+21
1.30906E+00	1000010010	2.85169E+20	1000010010	2.85169E+20
7.71976E-01	1000010010	1.06345E+21	1000010010	1.06345E+21
8.10814E+00	1000010010	3.16473E+20	1000010010	3.16473E+20
6.94697E+00	1000010010	1.94110E+20	1000010010	1.94110E+20
5.38006E+00	1000010010	2.96777E+20	1000010010	2.96777E+20
4.11105E+00	1000010010	1.53821E+20	1000010010	1.53821E+20
1.08234E+00	1000010010	6.05202E+21	1000010010	6.05202E+21
2.70032E+00	1000010010	7.95058E+19	1000010010	7.95058E+19
2.57164E+00	1000010010	4.12097E+20	1000010010	4.12097E+20
9.70304E+00	1000010010	7.97901E+20	1000010010	7.97901E+20
3.97916E+00	1000010010	3.23614E+20	1000010010	3.23614E+20
5.54767E+00	1000010010	2.31766E+20	1000010010	2.31766E+20
5.88228E+00	1000010010	7.08708E+18	1000010010	7.08708E+18
7.89260E+00	1000010010	3.39726E+21	1000010010	3.39726E+21
4.13439E+00	1000010010	4.14901E+19	1000010010	4.14901E+19
7.85442E+00	1000010010	2.85003E+20	1000010010	2.85003E+20
6.64177E+00	1000010010	3.07650E+19	1000010010	3.07650E+19
6.66997E+00	1000010010	6.61321E+20	1000010010	6.61321E+20
1.74560E+00	1000010010	6.01315E+19	1000010010	6.01315E+19
4.78967E+00	1000010010	5.02231E+19	1000010010	5.02231E+19
7.67317E+00	1000010010	7.07312E+18	1000010010	7.07312E+18
5.15396E-01	1000010010	6.27173E+20	1000010010	6.27173E+20
5.05944E+00	1000010010	1.29237E+19	1000010010	1.29237E+19
7.63840E+00	1000010010	9.58468E+18	1000010010	9.58468E+18
2.76335E+00	1000010010	2.98780E+21	1000010010	2.98780E+21
4.11184E+00	1000010010	5.39770E+21	1000010010	5.39770E+21
6.19506E+00	1000010010	1.45883E+21	1000010010	1.45883E+21
6.29866E+00	1000010010	1.06751E+21	1000010010	1.06751E+21
1.68870E+00	1000010010	2.15914E+21	1000010010	2.15914E+21
8.62295E+00	1000010010	1.28222E+19	1000010010	1.28222E+19
1.35414E+00	1000010010	3.12240E+21	1000010010	3.12240E+21
9.40374E+00	1000010010	6.18490E+21	1000010010	6.18490E+21
3.86331E+00	1000010010	9.10269E+20	1000010010	9.10269E+20
3.23376E+00	1000010010	5.31387E+19	1000010010	5.31387E+19
6.13356E-01	1000010010	4.70581E+19	1000010010	4.70581E+19
2.90846E-01	1000010010	3.16065E+19	1000010010	3.16065E+19
8.17262E-02	1000010010	4.30981E+20	1000010010	4.30981E+20
4.95847E+00	1000010010	6.18323E+19	1000010010	6.18323E+19
3.67101E+00	1000010010	1.02758E+20	1000010010	1.02758E+20
8.36338E+00	1000010010	1.03618E+21	1000010010	1.03618E+21
3.52647E+00	1000010010	2.96856E+19	1000010010	2.96856E+19
9.59780E+00	1000010010	1.45457E+19	1000010010	1.45457E+19
7.21937E+00	1000010010	5.48084E+19	1000010010	5.48084E+19
6.26310E+00	1000010010	2.37188E+21	1000010010	2.37188E+21
5.47721E+00	1000010010	1.33451E+20	1000010010	1.33451E+20
5.26892E+00	1000010010	3.78309E+19	1000010010	3.78309E+19
3.54323E-01	1000010010	3.10073E+19	1000010010	3.10073E+19
2.87693E+00	1000010010	2.67722E+19	1000010010	2.67722E+19
1.68516E+00	1000010010	1.31565E+21	1000010010	1.31565E+21
2.14498E+00	1000010010	1.17283E+19	1000010010	1.17283E+19
4.91331E-01	1000010010	3.63413E+19	1000010010	3.63413E+19
7.48089E+00	1000010010	3.32796E+21	1000010010	3.32796E+21
7.57507E+00	1000010010	1.67423E+21	1000010010	1.67423E+21
6.22844E+00	1000010010	2.23810E+21	1000010010	2.23810E+21
2.47535E+00	1000010010	8.24522E+18	1000010010	8.24522E+18
3.83768E+00	1000010010	1.13101E+19	1000010010	1.13101E+19
5.09936E+00	1000010010	4.62516E+20	1000010010	4.62516E+20
4.65388E+00	1000010010	2.56043E+20	1000010010	2.56043E+20
4.05891E-01	1000010010	3.22117E+19	1000010010	3.22117E+19
1.88705E+00	1000010010	4.52051E+19	1000010010	4.52051E+19
2.94004E+00	1000010010	2.92684E+21	1000010010	2.92684E+21
7.16487E+00	1000010010	6.38410E+18	1000010010	6.38410E+18
2.80062E+00	1000010010	1.90056E+19	1000010010	1.90056E+19
8.94879E+00	1000010010	3.50737E+19	1000010010	3.50737E+19
4.93031E+00	1000010010	1.49074E+19	1000010010	1.49074E+19
1.75874E+00	1000010010	1.03161E+21	1000010010	1.03161E+21
8.85428E+00	1000010010	1.84170E+21	1000010010	1.84170E+21
5.50962E+00	1000010010	9.31687E+19	1000010010	9.31687E+19
3.48945E+00	1000010010	4.81253E+21	1000010010	4.81253E+21
3.47938E+00	1000010010	7.85817E+20	1000010010	7.85817E+20
6.02609E+00	1000010010	3.95972E+21	1000010010	3.95972E+21
4.99344E+00	1000010010	4.35446E+21	1000010010	4.35446E+21
2.90144E-01	1000010010	2.19784E+19	1000010010	2.19784E+19
8.25074E+00	1000010010	1.99627E+21	1000010010	1.99627E+21
2.83232E+00	1000010010	2.14295E+19	1000010010	2.14295E+19
7.42612E+00	1000010010	5.73954E+20	1000010010	5.73954E+20
1.30797E+00	1000010010	5.99498E+21	1000010010	5.99498E+21
7.69547E+00	1000010010	1.59151E+21	1000010010	1.59151E+21
4.86460E+00	1000010010	1.85777E+21	1000010010	1.85777E+21
2.17099E+00	1000010010	6.63984E+20	1000010010	6.63984E+20
2.79323E+00	1000010010	4.81142E+20	1000010010	4.81142E+20
4.05383E+00	1000010010	9.35309E+19	1000010010	9.35309E+19
5.36618E+00	1000010010	7.25565E+20	1000010010	7.25565E+20
2.74647E+00	1000010010	1.16166E+20	1000010010	1.16166E+20
5.12146E+00	1000010010	1.09107E+19	1000010010	1.09107E+19
2.87206E+00	1000010010	5.96051E+20	1000010010	5.96051E+20
4.29595E+00	1000010010	1.51375E+20	1000010010	1.51375E+20
7.81927E+00	1000010010	1.53681E+21	1000010010	1.53681E+21
3.63445E+00	1000010010	1.78243E+19	1000010010	1.78243E+19
4.96313E+00	1000010010	8.56074E+19	1000010010	8.56074E+19
4.56013E+00	1000010010	1.06217E+19	1000010010	1.06217E+19
1.14413E+00	1000010010	1.32487E+19	1000010010	1.32487E+19
4.85018E+00	1000010010	2.04434E+20	1000010010	2.04434E+20
3.76287E+00	1000010010	2.42496E+21	1000010010	2.42496E+21
8.71843E+00	1000010010	9.96763E+20	1000010010	9.96763E+20
6.00937E+00	1000010010	4.42584E+20	1000010010	4.42584E+20
2.79145E+00	1000010010	1.91108E+21	1000010010	1.91108E+21
3.24177E+00	1000010010	1.33032E+21	1000010010	1.33032E+21
2.46221E+00	1000010010	4.23343E+21	1000010010	4.23343E+21
9.47936E+00	1000010010	1.30105E+19	1000010010	1.30105E+19
7.98305E+00	1000010010	3.59659E+20	1000010010	3.59659E+20
2.26159E+00	1000010010	1.99371E+20	1000010010	1.99371E+20
7.79056E+00	1000010010	3.01511E+21	1000010010	3.01511E+21
3.56984E+00	1000010010	3.24254E+20	1000010010	3.24254E+20
6.22682E+00	1000010010	4.64488E+21	1000010010	4.64488E+21
7.10148E+00	1000010010	1.04104E+21	1000010010	1.04104E+21
6.83986E+00	1000010010	3.33234E+19	1000010010	3.33234E+19
3.20530E-01	1000010010	9.93141E+20	1000010010	9.93141E+20
5.89068E+00	1000010010	9.66450E+18	1000010010	9.66450E+18
3.01616E+00	1000010010	2.75667E+21	1000010010	2.75667E+21
3.80643E+00	1000010010	2.49154E+19	1000010010	2.49154E+19
9.22795E+00	1000010010	1.25731E+19	1000010010	1.25731E+19
9.91767E-01	1000010010	1.53398E+21	1000010010	1.53398E+21
2.07226E+00	1000010010	2.10465E+21	1000010010	2.10465E+21
5.97236E+00	1000010010	1.53871E+21	1000010010	1.53871E+21
6.92517E+00	1000010010	1.78120E+21	1000010010	1.78120E+21
8.04695E+00	1000010010	1.32249E+19	1000010010	1.32249E+19
4.16912E+00	1000010010	5.06362E+21	1000010010	5.06362E+21
7.80754E+00	1000010010	4.39405E+21	1000010010	4.39405E+21
6.80429E-01	1000010010	1.06276E+21	1000010010	1.06276E+21
2.02468E+00	1000010010	3.62842E+21	1000010010	3.62842E+21
9.13835E+00	1000010010	3.00844E+19	1000010010	3.00844E+19
8.45174E+00	1000010010	9.06337E+18	1000010010	9.06337E+18
9.22729E+00	1000010010	1.31774E+21	1000010010	1.31774E+21
2.42889E+00	1000010010	1.10499E+21	1000010010	1.10499E+21
5.54345E+00	1000010010	2.47446E+20	1000010010	2.47446E+20
9.02306E+00	1000010010	1.15600E+21	1000010010	1.15600E+21
3.64895E+00	1000010010	1.82199E+19	1000010010	1.82199E+19
7.83698E+00	1000010010	2.67626E+20	1000010010	2.67626E+20
9.00148E+00	1000010010	2.62669E+21	1000010010	2.62669E+21
2.88001E+00	1000010010	9.73944E+19	1000010010	9.73944E+19
6.65662E+00	1000010010	8.66562E+19	1000010010	8.66562E+19
1.88019E+00	1000010010	6.67360E+19	1000010010	6.67360E+19
4.89363E+00	1000010010	1.84771E+21	1000010010	1.84771E+21
6.15297E-01	1000010010	1.62224E+20	1000010010	1.62224E+20
4.26903E+00	1000010010	3.37792E+21	1000010010	3.37792E+21
1.84971E-02	1000010010	6.24991E+20	1000010010	6.24991E+20
5.07352E+00	1000010010	2.14887E+21	1000010010	2.14887E+21
8.25911E+00	1000010010	6.48729E+18	1000010010	6.48729E+18
6.47860E+00	1000010010	5.71393E+20	1000010010	5.71393E+20
3.50163E+00	1000010010	1.54594E+20	1000010010	1.54594E+20
3.31720E+00	1000010010	8.98618E+18	1000010010	8.98618E+18
3.86636E+00	1000010010	2.25977E+19	1000010010	2.25977E+19
6.89772E-01	1000010010	1.24434E+19	1000010010	1.24434E+19
7.16206E+00	1000010010	2.90084E+21	1000010010	2.90084E+21
3.07292E+00	1000010010	1.75202E+20	1000010010	1.75202E+20
1.89079E+00	1000010010	5.19928E+20	1000010010	5.19928E+20
7.56039E+00	1000010010	3.70052E+19	1000010010	3.70052E+19
1.81783E+00	1000010010	1.37192E+21	1000010010	1.37192E+21
3.37484E+00	1000010010	2.31372E+19	1000010010	2.31372E+19
6.97137E+00	1000010010	9.44472E+19	1000010010	9.44472E+19
4.84790E+00	1000010010	6.17526E+21	1000010010	6.17526E+21
2.72546E+00	1000010010	1.36673E+19	1000010010	1.36673E+19
8.67167E+00	1000010010	1.34817E+20	1000010010	1.34817E+20
4.36799E+00	1000010010	1.44187E+19	1000010010	1.44187E+19
1.85175E-01	1000010010	2.88776E+19	1000010010	2.88776E+19
9.90247E+00	1000010010	3.68186E+20	1000010010	3.68186E+20
3.30909E+00	1000010010	1.11364E+19	1000010010	1.11364E+19
1.69747E+00	1000010010	5.14427E+21	1000010010	5.14427E+21
9.79893E+00	1000010010	8.63875E+20	1000010010	8.63875E+20
1.56554E+00	1000010010	5.59217E+21	1000010010	5.59217E+21
1.90532E+00	1000010010	2.28031E+20	1000010010	2.28031E+20
3.05187E+00	1000010010	1.58251E+21	1000010010	1.58251E+21
4.05525E+00	1000010010	5.27839E+20	1000010010	5.27839E+20
5.46579E-01	1000010010	5.65591E+21	1000010010	5.65591E+21
3.53008E+00	1000010010	1.42855E+21	1000010010	1.42855E+21
7.24938E+00	1000010010	3.95055E+21	1000010010	3.95055E+21
2.16242E+00	1000010010	3.32655E+19	1000010010	3.32655E+19
7.39918E+00	1000010010	9.88068E+20	1000010010	9.88068E+20
5.16922E+00	1000010010	2.14097E+19	1000010010	2.14097E+19
1.91188E+00	1000010010	1.61504E+20	1000010010	1.61504E+20
9.87505E+00	1000010010	1.83185E+20	1000010010	1.83185E+20
3.48602E+00	1000010010	1.66344E+21	1000010010	1.66344E+21
7.04155E+00	1000010010	2.34443E+20	1000010010	2.34443E+20
4.11980E+00	1000010010	2.30188E+19	1000010010	2.30188E+19
1.44568E+00	1000010010	1.06519E+20	1000010010	1.06519E+20
3.05201E-01	1000010010	2.58725E+21	1000010010	2.58725E+21
8.38449E+00	1000010010	1.24727E+19	1000010010	1.24727E+19
8.04859E+00	1000010010	6.69640E+20	1000010010	6.69640E+20
3.21174E+00	1000010010	1.93327E+20	1000010010	1.93327E+20
9.72655E+00	1000010010	8.81118E+19	1000010010	8.81118E+19
8.63003E+00	1000010010	5.66523E+21	1000010010	5.66523E+21
3.05252E+00	1000010010	7.61718E+19	1000010010	7.61718E+19
2.24868E+00	1000010010	6.84019E+20	1000010010	6.84019E+20
9.42904E+00	1000010010	1.94154E+19	1000010010	1.94154E+19
1.62257E+00	1000010010	2.74813E+21	1000010010	2.74813E+21
2.40924E+00	1000010010	1.34944E+21	1000010010	1.34944E+21
8.75248E+00	1000010010	5.50334E+19	1000010010	5.50334E+19
2.94081E-01	1000010010	9.73659E+20	1000010010	9.73659E+20
2.11917E+00	1000010010	2.78410E+21	1000010010	2.78410E+21
4.55178E+00	1000010010	4.18916E+21	1000010010	4.18916E+21
5.85538E+00	1000010010	8.94577E+18	1000010010	8.94577E+18
5.97423E+00	1000010010	1.24415E+21	1000010010	1.24415E+21
4.53628E+00	1000010010	8.92300E+18	1000010010	8.92300E+18
7.49474E+00	1000010010	6.74890E+19	1000010010	6.74890E+19
3.37758E+00	1000010010	6.90945E+20	1000010010	6.90945E+20
7.10714E+00	1000010010	2.73915E+21	1000010010	2.73915E+21
5.56048E+00	1000010010	7.87267E+18	1000010010	7.87267E+18
6.93360E+00	1000010010	5.00019E+20	1000010010	5.00019E+20
6.14559E+00	1000010010	3.22842E+19	1000010010	3.22842E+19
6.10632E+00	1000010010	4.95154E+21	1000010010	4.95154E+21
4.03057E+00	1000010010	1.39396E+21	1000010010	1.39396E+21
