#	D	ID	E	ID0	E0
#
# D             Trajectory length [1 Mpc]
# ID/ID0/ID1    Particle type (PDG MC numbering scheme)
# E/E0/E1       Energy [1 EeV]
# no index = current, 0 = at source, 1 = at point of creation
#
# CRPropa version: -128-NOTFOUND
#
2.38694E+00	1000260560	3.42248E+02	1000260560	3.42248E+02
1.99969E+00	1000260560	1.30779E+01	1000260560	1.30779E+01
6.42249E+00	1000260560	1.63680E+00	1000260560	1.63680E+00
7.84299E+00	1000260560	5.26563E+00	1000260560	5.26563E+00
1.36893E-01	1000260560	6.38654E+01	1000260560	6.38654E+01
9.03489E+00	1000260560	1.66574E+04	1000260560	1.66574E+04
3.86539E+00	1000260560	3.31736E+00	1000260560	3.31736E+00
8.96262E+00	1000260560	4.61758E+00	1000260560	4.61758E+00
8.51290E+00	1000260560	9.99703E+00	1000260560	9.99703E+00
2.50504E+00	1000260560	4.81778E+01	1000260560	4.81778E+01
5.11547E+00	1000260560	1.27453E+00	1000260560	1.27453E+00
9.51807E+00	1000260560	1.85668E+02	1000260560	1.85668E+02
9.72152E+00	1000260560	4.53722E+01	1000260560	4.53722E+01
3.78074E+00	1000260560	3.39610E+01	1000260560	3.39610E+01
1.42043E-01	1000260560	3.77795E+03	1000260560	3.77795E+03
4.26421E+00	1000260560	2.93403E+00	1000260560	2.93403E+00
4.96975E+00	1000260560	3.81220E+00	1000260560	3.81220E+00
8.97190E+00	1000260560	8.55000E+03	1000260560	8.55000E+03
3.93983E+00	1000260560	4.17396E+00	1000260560	4.17396E+00
2.95629E+00	1000260560	6.64669E+01	1000260560	6.64669E+01
3.98501E+00	1000260560	1.01767E+03	1000260560	1.01767E+03
1.49673E+00	1000260560	3.36458E+03	1000260560	3.36458E+03
7.58121E+00	1000260560	3.63376E+00	1000260560	3.63376E+00
4.58939E+00	1000260560	2.85911E+03	1000260560	2.85911E+03
5.62173E+00	1000260550	8.26006E+02	1000260560	8.41024E+02
1.19868E+00	1000260560	5.96891E+02	1000260560	5.96891E+02
5.62173E+00	1000010010	1.49976E+01	1000260560	8.41024E+02
9.92668E-01	1000260560	5.61065E+03	1000260560	5.61065E+03
6.27910E+00	1000260560	2.49461E+04	1000260560	2.49461E+04
8.30940E+00	1000260560	1.41395E+01	1000260560	1.41395E+01
5.70017E+00	1000260560	5.06941E+00	1000260560	5.06941E+00
9.18250E+00	1000260560	2.76907E+01	1000260560	2.76907E+01
2.24861E+00	1000260560	1.96411E+01	1000260560	1.96411E+01
9.81024E+00	1000260560	1.43836E+03	1000260560	1.43836E+03
8.80149E+00	1000260560	8.68165E+03	1000260560	8.68165E+03
7.78903E-01	1000260560	1.02758E+01	1000260560	1.02758E+01
7.24150E+00	1000260560	1.10450E+00	1000260560	1.10450E+00
6.78160E+00	1000260560	1.10072E+00	1000260560	1.10072E+00
8.67309E+00	1000260560	6.06657E+00	1000260560	6.06657E+00
9.06203E+00	1000260560	5.80381E+00	1000260560	5.80381E+00
9.24356E-01	1000260560	2.49048E+01	1000260560	2.49048E+01
3.86856E+00	1000260560	1.73920E+03	1000260560	1.73920E+03
3.87575E+00	1000260560	1.99763E+04	1000260560	1.99763E+04
7.33199E+00	1000260560	1.13926E+03	1000260560	1.13926E+03
6.79734E+00	1000260560	3.50403E+01	1000260560	3.50403E+01
6.08994E+00	1000260560	3.09098E+03	1000260560	3.09098E+03
4.48109E+00	1000260560	2.53394E+00	1000260560	2.53394E+00
1.45791E+00	1000260560	2.76265E+01	1000260560	2.76265E+01
1.99119E+00	1000260560	3.22784E+03	1000260560	3.22784E+03
3.81110E+00	1000260560	2.10125E+00	1000260560	2.10125E+00
9.30976E+00	1000260560	7.58573E+03	1000260560	7.58573E+03
5.34416E+00	1000260560	1.34628E+00	1000260560	1.34628E+00
1.25935E+00	1000260560	5.84019E+03	1000260560	5.84019E+03
4.21651E+00	1000260560	1.39356E+01	1000260560	1.39356E+01
2.20965E+00	1000260560	8.19035E+02	1000260560	8.19035E+02
8.50934E+00	1000260560	6.38536E+03	1000260560	6.38536E+03
6.23814E+00	1000260560	1.70040E+01	1000260560	1.70040E+01
1.25489E+00	1000260560	4.52471E+00	1000260560	4.52471E+00
9.19570E+00	1000260560	2.37754E+01	1000260560	2.37754E+01
9.07977E-01	1000260560	9.54721E+03	1000260560	9.54721E+03
1.51312E-01	1000260560	5.95649E+03	1000260560	5.95649E+03
5.37097E+00	1000260560	6.90649E+02	1000260560	6.90649E+02
6.32268E+00	1000260560	1.41849E+03	1000260560	1.41849E+03
8.57135E-01	1000260560	2.20704E+01	1000260560	2.20704E+01
9.87454E+00	1000260560	6.55165E+00	1000260560	6.55165E+00
5.00497E+00	1000260560	2.09005E+02	1000260560	2.09005E+02
3.03472E+00	1000260560	6.04773E+01	1000260560	6.04773E+01
6.58634E+00	1000250530	6.34550E+01	1000260560	6.70468E+01
7.29013E+00	1000260560	1.53315E+02	1000260560	1.53315E+02
4.31161E-01	1000260560	6.01732E+02	1000260560	6.01732E+02
9.22442E+00	1000260560	6.42948E+00	1000260560	6.42948E+00
1.96077E+00	1000260560	6.02233E+02	1000260560	6.02233E+02
4.54921E+00	1000260560	8.85963E+01	1000260560	8.85963E+01
6.58634E+00	1000010010	1.19562E+00	1000260560	6.70468E+01
6.58634E+00	1000010010	1.19562E+00	1000260560	6.70468E+01
6.58634E+00	1000010010	1.19726E+00	1000260560	6.70468E+01
7.84186E+00	1000260560	1.75379E+04	1000260560	1.75379E+04
3.08373E+00	1000260550	1.91625E+02	1000260560	1.95110E+02
4.76413E+00	1000260560	2.02372E+03	1000260560	2.02372E+03
3.08373E+00	1000010010	3.47930E+00	1000260560	1.95110E+02
4.02699E+00	1000260560	6.71424E+01	1000260560	6.71424E+01
8.68467E+00	1000260560	1.89959E+01	1000260560	1.89959E+01
1.40763E-01	1000260560	4.87360E+00	1000260560	4.87360E+00
3.06087E+00	1000260550	6.23672E+01	1000260560	6.35012E+01
5.07688E+00	1000260560	1.53321E+00	1000260560	1.53321E+00
3.06087E+00	1000010010	1.13239E+00	1000260560	6.35012E+01
4.21920E+00	1000260560	8.03242E+03	1000260560	8.03242E+03
8.08035E+00	1000260560	1.25006E+03	1000260560	1.25006E+03
5.60980E+00	1000260560	1.37517E+01	1000260560	1.37517E+01
8.10240E+00	1000260560	9.13679E+03	1000260560	9.13679E+03
6.76205E+00	1000260560	8.79657E+02	1000260560	8.79657E+02
6.62193E+00	1000260560	2.34939E+04	1000260560	2.34939E+04
1.65550E+00	1000260560	2.41762E+04	1000260560	2.41762E+04
6.02682E+00	1000260560	5.95865E+00	1000260560	5.95865E+00
2.24320E-01	1000260560	2.81418E+00	1000260560	2.81418E+00
3.64238E+00	1000260560	5.17818E+03	1000260560	5.17818E+03
8.01850E+00	1000260560	1.00501E+03	1000260560	1.00501E+03
7.96831E+00	1000260560	4.32281E+00	1000260560	4.32281E+00
2.68875E+00	1000260560	1.99852E+00	1000260560	1.99852E+00
5.61897E+00	1000260560	6.67632E+00	1000260560	6.67632E+00
1.65626E+00	1000260560	1.43806E+01	1000260560	1.43806E+01
4.94091E+00	1000260560	1.56446E+01	1000260560	1.56446E+01
2.02454E+00	1000260560	1.97583E+02	1000260560	1.97583E+02
4.49083E+00	1000260560	1.95446E+03	1000260560	1.95446E+03
8.34895E+00	1000260560	1.13869E+03	1000260560	1.13869E+03
7.10506E+00	1000260560	4.52540E+00	1000260560	4.52540E+00
9.46185E-02	1000260560	1.01625E+00	1000260560	1.01625E+00
5.19760E+00	1000260560	4.49585E+03	1000260560	4.49585E+03
3.72966E+00	1000260560	5.05741E+03	1000260560	5.05741E+03
1.32801E+00	1000260560	1.55709E+03	1000260560	1.55709E+03
2.19957E+00	1000260560	2.96397E+03	1000260560	2.96397E+03
6.58320E+00	1000260560	9.65858E+03	1000260560	9.65858E+03
1.57074E-01	1000260560	4.86690E+01	1000260560	4.86690E+01
3.26015E+00	1000260560	1.28441E+00	1000260560	1.28441E+00
3.14502E+00	1000260560	2.45032E+00	1000260560	2.45032E+00
7.38846E-01	1000260560	9.06942E+03	1000260560	9.06942E+03
9.61395E+00	1000260560	2.42204E+02	1000260560	2.42204E+02
5.43201E+00	1000260560	1.02238E+03	1000260560	1.02238E+03
6.62776E+00	1000260560	5.65650E+03	1000260560	5.65650E+03
3.24659E+00	1000250530	3.79398E+03	1000260560	4.00873E+03
4.36992E+00	1000260560	1.78412E+00	1000260560	1.78412E+00
1.57844E+00	1000260560	1.26976E+03	1000260560	1.26976E+03
3.24659E+00	1000010010	7.14860E+01	1000260560	4.00873E+03
9.20866E+00	1000260560	2.05959E+00	1000260560	2.05959E+00
3.24659E+00	1000010010	7.14860E+01	1000260560	4.00873E+03
5.05422E+00	1000260560	1.65622E+03	1000260560	1.65622E+03
3.24659E+00	1000010010	7.15845E+01	1000260560	4.00873E+03
3.26820E+00	1000260560	6.43181E+03	1000260560	6.43181E+03
1.40047E+00	1000260560	2.35690E+02	1000260560	2.35690E+02
4.94658E+00	1000260560	3.80271E+03	1000260560	3.80271E+03
1.21813E-02	1000260560	4.41808E+02	1000260560	4.41808E+02
6.35186E+00	1000260560	4.26452E+01	1000260560	4.26452E+01
5.66737E+00	1000260560	3.39605E+03	1000260560	3.39605E+03
1.14178E+00	1000260560	1.59320E+00	1000260560	1.59320E+00
9.31203E+00	1000260560	3.71844E+03	1000260560	3.71844E+03
7.37795E+00	1000260560	3.62298E+02	1000260560	3.62298E+02
7.75640E+00	1000260560	6.73628E+01	1000260560	6.73628E+01
7.56225E+00	1000260560	3.36374E+01	1000260560	3.36374E+01
1.58897E+00	1000260560	7.15973E+02	1000260560	7.15973E+02
8.05021E+00	1000260560	1.31903E+01	1000260560	1.31903E+01
4.45193E+00	1000260560	6.52248E+02	1000260560	6.52248E+02
8.62614E+00	1000260560	5.43127E+03	1000260560	5.43127E+03
4.95067E+00	1000260560	4.64544E+02	1000260560	4.64544E+02
4.97822E+00	1000260560	4.24616E+03	1000260560	4.24616E+03
2.85874E+00	1000260560	4.64147E+01	1000260560	4.64147E+01
7.01299E+00	1000260560	2.03589E+04	1000260560	2.03589E+04
7.90255E-01	1000260560	2.25392E+01	1000260560	2.25392E+01
1.77876E+00	1000260560	1.94303E+02	1000260560	1.94303E+02
9.82110E-01	1000260560	1.04194E+02	1000260560	1.04194E+02
3.15923E+00	1000260560	1.81198E+00	1000260560	1.81198E+00
9.12989E+00	1000260560	1.37814E+01	1000260560	1.37814E+01
6.45498E-01	1000260560	4.41052E+00	1000260560	4.41052E+00
5.15234E+00	1000260560	2.23041E+02	1000260560	2.23041E+02
4.48603E+00	1000260560	6.16278E+00	1000260560	6.16278E+00
6.34877E+00	1000260560	2.51969E+01	1000260560	2.51969E+01
8.17530E+00	1000260560	8.96362E+01	1000260560	8.96362E+01
8.44579E+00	1000260560	7.84379E+01	1000260560	7.84379E+01
6.08214E+00	1000260560	6.16689E+03	1000260560	6.16689E+03
3.19001E+00	1000260560	2.08649E+02	1000260560	2.08649E+02
1.19979E-01	1000260560	1.05826E+03	1000260560	1.05826E+03
6.96900E+00	1000260560	1.25546E+00	1000260560	1.25546E+00
5.40127E+00	1000260540	8.85006E+02	1000260560	9.17784E+02
5.40127E+00	1000010010	1.63664E+01	1000260560	9.17784E+02
4.75135E+00	1000260560	1.44044E+01	1000260560	1.44044E+01
3.78956E-01	1000260560	1.26423E+01	1000260560	1.26423E+01
5.40127E+00	1000010010	1.63664E+01	1000260560	9.17784E+02
2.26683E-01	1000260560	6.77883E+02	1000260560	6.77883E+02
8.56589E+00	1000260560	5.40700E+03	1000260560	5.40700E+03
6.60759E+00	1000260560	2.33026E+03	1000260560	2.33026E+03
1.30381E+00	1000260560	5.67848E+03	1000260560	5.67848E+03
2.49896E+00	1000260560	9.92229E+01	1000260560	9.92229E+01
4.60156E+00	1000260560	1.24957E+04	1000260560	1.24957E+04
1.68228E+00	1000260560	8.71453E+00	1000260560	8.71453E+00
3.07784E+00	1000260560	7.78371E+03	1000260560	7.78371E+03
4.35732E+00	1000260560	7.06765E+00	1000260560	7.06765E+00
3.55530E-01	1000260560	9.71218E+01	1000260560	9.71218E+01
3.22171E+00	1000260560	1.50173E+00	1000260560	1.50173E+00
2.69752E+00	1000260560	6.04001E+00	1000260560	6.04001E+00
9.28224E-01	1000260560	1.69703E+02	1000260560	1.69703E+02
5.85975E+00	1000260560	5.21025E+02	1000260560	5.21025E+02
6.61120E+00	1000260560	1.78513E+00	1000260560	1.78513E+00
6.63653E+00	1000260560	7.29710E+02	1000260560	7.29710E+02
7.40183E+00	1000260560	2.62715E+00	1000260560	2.62715E+00
8.66032E+00	1000260560	1.84087E+04	1000260560	1.84087E+04
2.55922E-01	1000260560	1.40006E+03	1000260560	1.40006E+03
8.58082E+00	1000260560	2.74044E+03	1000260560	2.74044E+03
2.66512E+00	1000260560	5.02376E+02	1000260560	5.02376E+02
2.33809E-01	1000260560	4.11075E+03	1000260560	4.11075E+03
2.87294E+00	1000260560	1.68237E+01	1000260560	1.68237E+01
6.67310E-01	1000260560	6.01182E+03	1000260560	6.01182E+03
2.32786E-01	1000260560	1.52939E+03	1000260560	1.52939E+03
9.15101E-01	1000260560	3.58233E+01	1000260560	3.58233E+01
1.17692E-01	1000260560	1.69843E+01	1000260560	1.69843E+01
6.64684E+00	1000260560	3.20850E+00	1000260560	3.20850E+00
3.10996E+00	1000260560	9.34604E+02	1000260560	9.34604E+02
3.17705E+00	1000260560	1.51866E+01	1000260560	1.51866E+01
6.52377E+00	1000260560	1.99471E+02	1000260560	1.99471E+02
8.87699E+00	1000260560	1.07175E+01	1000260560	1.07175E+01
1.70262E+00	1000260560	1.24352E+02	1000260560	1.24352E+02
4.97883E+00	1000260560	3.58685E+00	1000260560	3.58685E+00
5.09709E+00	1000260560	1.22301E+02	1000260560	1.22301E+02
1.05445E+00	1000260560	9.19997E+00	1000260560	9.19997E+00
5.53646E+00	1000260560	2.26165E+03	1000260560	2.26165E+03
9.24521E+00	1000260560	1.48059E+00	1000260560	1.48059E+00
9.50196E+00	1000260560	1.67810E+04	1000260560	1.67810E+04
6.56561E+00	1000260560	4.67607E+02	1000260560	4.67607E+02
9.72684E+00	1000260560	1.46314E+01	1000260560	1.46314E+01
9.23168E+00	1000260560	4.98353E+01	1000260560	4.98353E+01
5.88270E+00	1000260560	1.39095E+03	1000260560	1.39095E+03
7.31958E+00	1000260560	1.31464E+01	1000260560	1.31464E+01
2.89386E+00	1000260560	2.58435E+01	1000260560	2.58435E+01
8.60506E+00	1000260560	8.73308E+03	1000260560	8.73308E+03
3.13449E+00	1000260560	3.33053E+03	1000260560	3.33053E+03
4.82811E+00	1000260560	5.62780E+00	1000260560	5.62780E+00
2.60871E+00	1000260560	1.95260E+00	1000260560	1.95260E+00
3.95212E+00	1000260540	3.21098E+02	1000260560	3.32990E+02
9.89198E+00	1000260560	1.29874E+01	1000260560	1.29874E+01
3.95212E+00	1000010010	5.93807E+00	1000260560	3.32990E+02
1.53061E+00	1000260560	1.45839E+01	1000260560	1.45839E+01
3.95212E+00	1000010010	5.93807E+00	1000260560	3.32990E+02
3.12113E+00	1000260560	2.03621E+03	1000260560	2.03621E+03
7.34194E+00	1000260560	5.29969E+02	1000260560	5.29969E+02
5.84787E+00	1000260560	3.70460E+02	1000260560	3.70460E+02
5.52920E+00	1000260560	7.66699E+03	1000260560	7.66699E+03
1.13042E+00	1000260560	1.20885E+03	1000260560	1.20885E+03
1.52533E+00	1000260560	8.78039E+00	1000260560	8.78039E+00
2.09369E+00	1000260560	5.50997E+00	1000260560	5.50997E+00
6.87996E+00	1000260560	1.47806E+00	1000260560	1.47806E+00
6.24341E+00	1000260560	3.17232E+01	1000260560	3.17232E+01
7.84281E-01	1000260560	4.40646E+00	1000260560	4.40646E+00
9.31044E+00	1000260560	3.23067E+03	1000260560	3.23067E+03
6.57551E+00	1000260560	1.44974E+03	1000260560	1.44974E+03
4.71351E+00	1000260560	1.66762E+04	1000260560	1.66762E+04
7.61012E+00	1000250540	8.49727E+02	1000260560	8.81198E+02
8.91642E+00	1000260560	1.58713E+01	1000260560	1.58713E+01
7.61012E+00	1000010010	1.57140E+01	1000260560	8.81198E+02
7.61012E+00	1000010010	1.57357E+01	1000260560	8.81198E+02
9.35376E+00	1000260560	1.69664E+00	1000260560	1.69664E+00
8.40062E+00	1000260560	7.86266E+02	1000260560	7.86266E+02
8.61308E+00	1000260560	3.35703E+00	1000260560	3.35703E+00
8.34452E+00	1000260550	8.61272E+02	1000260560	8.76932E+02
7.94969E+00	1000260560	1.00957E+00	1000260560	1.00957E+00
3.08218E+00	1000260560	1.02171E+00	1000260560	1.02171E+00
5.64113E+00	1000260560	2.29633E+00	1000260560	2.29633E+00
9.41754E+00	1000260560	8.67113E+02	1000260560	8.67113E+02
8.34452E+00	1000010010	1.56379E+01	1000260560	8.76932E+02
7.97395E-01	1000260560	1.14632E+04	1000260560	1.14632E+04
1.23755E+00	1000260560	3.55467E+02	1000260560	3.55467E+02
1.26814E+00	1000260560	8.21980E+01	1000260560	8.21980E+01
8.48503E+00	1000250550	1.97085E+02	1000260560	2.00669E+02
8.48503E+00	1000010010	3.58337E+00	1000260560	2.00669E+02
3.45377E+00	1000260560	1.28137E+04	1000260560	1.28137E+04
1.41208E+00	1000260560	4.11949E+03	1000260560	4.11949E+03
9.57827E+00	1000260550	3.84554E+03	1000260560	3.91546E+03
3.69980E+00	1000260560	2.08129E+02	1000260560	2.08129E+02
5.21872E+00	1000260560	1.00848E+03	1000260560	1.00848E+03
9.57827E+00	1000010010	6.98227E+01	1000260560	3.91546E+03
7.91219E-01	1000260560	2.49399E+00	1000260560	2.49399E+00
8.41426E+00	1000260560	3.25975E+01	1000260560	3.25975E+01
1.79241E+00	1000260560	7.72015E+00	1000260560	7.72015E+00
1.83478E+00	1000260560	2.11243E+01	1000260560	2.11243E+01
8.22368E+00	1000260560	9.35499E+01	1000260560	9.35499E+01
6.01705E+00	1000260560	1.62231E+04	1000260560	1.62231E+04
2.03857E+00	1000260560	3.85342E+00	1000260560	3.85342E+00
6.28234E+00	1000260560	1.47237E+03	1000260560	1.47237E+03
7.51197E+00	1000260560	1.00306E+00	1000260560	1.00306E+00
1.96745E+00	1000260560	6.42008E+03	1000260560	6.42008E+03
7.12283E+00	1000260560	7.29311E+03	1000260560	7.29311E+03
9.40971E+00	1000260560	1.25110E+04	1000260560	1.25110E+04
9.12046E+00	1000260560	5.21162E+03	1000260560	5.21162E+03
5.75182E-01	1000260560	2.44604E+00	1000260560	2.44604E+00
8.42724E+00	1000260560	1.00257E+00	1000260560	1.00257E+00
7.43438E+00	1000260560	4.62915E+01	1000260560	4.62915E+01
9.67517E+00	1000260560	2.90846E+02	1000260560	2.90846E+02
9.69631E+00	1000260550	1.67182E+02	1000260560	1.70222E+02
6.99808E+00	1000260560	2.06202E+00	1000260560	2.06202E+00
6.12948E+00	1000260560	1.70974E+04	1000260560	1.70974E+04
8.01406E+00	1000260560	2.40359E+00	1000260560	2.40359E+00
9.59270E+00	1000260560	2.93151E+03	1000260560	2.93151E+03
9.69631E+00	1000010010	3.03549E+00	1000260560	1.70222E+02
9.91808E+00	1000260560	4.97585E+00	1000260560	4.97585E+00
7.52486E+00	1000260550	4.39413E+02	1000260560	4.47403E+02
4.54852E+00	1000260560	3.00762E+00	1000260560	3.00762E+00
6.83808E+00	1000260560	1.91250E+03	1000260560	1.91250E+03
7.52486E+00	1000010010	7.97834E+00	1000260560	4.47403E+02
6.00706E+00	1000260560	7.96221E+03	1000260560	7.96221E+03
1.10622E+00	1000260560	7.25332E+00	1000260560	7.25332E+00
6.39538E+00	1000260560	1.19551E+04	1000260560	1.19551E+04
2.48813E+00	1000260560	2.52998E+03	1000260560	2.52998E+03
9.36003E+00	1000260560	2.21271E+01	1000260560	2.21271E+01
5.91166E+00	1000260560	4.15856E+00	1000260560	4.15856E+00
9.35042E+00	1000260560	5.27953E+03	1000260560	5.27953E+03
3.17209E+00	1000260560	4.88927E+00	1000260560	4.88927E+00
1.45199E+00	1000260560	1.67444E+03	1000260560	1.67444E+03
3.88114E+00	1000260560	2.26250E+00	1000260560	2.26250E+00
3.20432E+00	1000260560	9.73936E+01	1000260560	9.73936E+01
9.74320E+00	1000260560	1.62027E+00	1000260560	1.62027E+00
7.63833E+00	1000260560	3.93199E+00	1000260560	3.93199E+00
5.78300E+00	1000260560	2.97797E+01	1000260560	2.97797E+01
2.05113E+00	1000260560	6.09968E+02	1000260560	6.09968E+02
1.29556E+00	1000260560	9.65054E+01	1000260560	9.65054E+01
4.55440E+00	1000260550	2.96883E+02	1000260560	3.02281E+02
4.55440E+00	1000010010	5.39044E+00	1000260560	3.02281E+02
2.42238E+00	1000260560	1.09235E+03	1000260560	1.09235E+03
4.82052E+00	1000260560	7.26050E+02	1000260560	7.26050E+02
2.40852E+00	1000260560	1.01217E+01	1000260560	1.01217E+01
4.96581E+00	1000260560	3.25978E+00	1000260560	3.25978E+00
9.07188E+00	1000260560	1.36875E+03	1000260560	1.36875E+03
5.91141E+00	1000260560	2.38530E+04	1000260560	2.38530E+04
7.06973E+00	1000260560	7.61187E+03	1000260560	7.61187E+03
1.03574E+00	1000260560	3.67518E+03	1000260560	3.67518E+03
1.36062E+00	1000260560	1.27711E+02	1000260560	1.27711E+02
2.99499E+00	1000260560	2.89587E+01	1000260560	2.89587E+01
5.19979E+00	1000260560	3.77948E+00	1000260560	3.77948E+00
3.30421E+00	1000260560	2.91610E+03	1000260560	2.91610E+03
7.68124E+00	1000260560	2.01162E+03	1000260560	2.01162E+03
4.15333E+00	1000260560	2.71986E+00	1000260560	2.71986E+00
5.44292E+00	1000260560	2.69816E+02	1000260560	2.69816E+02
5.93295E+00	1000260560	9.96451E+02	1000260560	9.96451E+02
3.99430E+00	1000260560	3.16332E+03	1000260560	3.16332E+03
7.15424E+00	1000260540	4.75221E+02	1000260560	4.92822E+02
9.77508E+00	1000260560	5.36263E+02	1000260560	5.36263E+02
6.51164E+00	1000260560	4.88634E+03	1000260560	4.88634E+03
7.15424E+00	1000010010	8.78827E+00	1000260560	4.92822E+02
7.15424E+00	1000010010	8.78827E+00	1000260560	4.92822E+02
6.71543E+00	1000260560	1.46407E+00	1000260560	1.46407E+00
1.20709E+00	1000260560	5.35464E+02	1000260560	5.35464E+02
6.43417E+00	1000260560	7.32992E+03	1000260560	7.32992E+03
1.60724E+00	1000260560	1.10145E+00	1000260560	1.10145E+00
6.22405E-01	1000260560	5.84015E+03	1000260560	5.84015E+03
5.30307E+00	1000260560	2.29046E+00	1000260560	2.29046E+00
9.68658E+00	1000260560	6.15717E+00	1000260560	6.15717E+00
4.36806E+00	1000260560	3.70944E+01	1000260560	3.70944E+01
1.62810E+00	1000260560	2.94729E+00	1000260560	2.94729E+00
1.08606E+00	1000260560	6.84709E+02	1000260560	6.84709E+02
2.23198E+00	1000260560	1.40474E+03	1000260560	1.40474E+03
3.38042E+00	1000260560	1.32747E+04	1000260560	1.32747E+04
9.66899E+00	1000260560	4.04732E+00	1000260560	4.04732E+00
8.63358E+00	1000260560	5.97331E+00	1000260560	5.97331E+00
4.74234E+00	1000260560	7.64185E+02	1000260560	7.64185E+02
8.00248E+00	1000260560	1.87485E+04	1000260560	1.87485E+04
1.09007E+00	1000260560	2.01604E+02	1000260560	2.01604E+02
3.73449E+00	1000260560	6.10993E+02	1000260560	6.10993E+02
2.50251E+00	1000260560	2.94515E+03	1000260560	2.94515E+03
2.62289E+00	1000260560	4.19642E+00	1000260560	4.19642E+00
5.35466E+00	1000260560	3.66736E+00	1000260560	3.66736E+00
6.60268E+00	1000260560	8.41547E+02	1000260560	8.41547E+02
4.91732E+00	1000260560	1.85589E+04	1000260560	1.85589E+04
8.64302E+00	1000260560	2.06151E+03	1000260560	2.06151E+03
5.67086E+00	1000260560	1.32305E+00	1000260560	1.32305E+00
8.59101E+00	1000260560	2.73597E+00	1000260560	2.73597E+00
4.63061E+00	1000260560	1.23726E+04	1000260560	1.23726E+04
9.68737E-02	1000260560	5.21779E+01	1000260560	5.21779E+01
9.44564E+00	1000260560	7.84602E+00	1000260560	7.84602E+00
6.12308E-01	1000260560	2.45394E+00	1000260560	2.45394E+00
1.35218E+00	1000260560	1.07753E+02	1000260560	1.07753E+02
4.53868E+00	1000260560	3.91141E+02	1000260560	3.91141E+02
8.69749E+00	1000260560	1.76051E+00	1000260560	1.76051E+00
9.60318E+00	1000260560	1.64799E+04	1000260560	1.64799E+04
8.02781E-01	1000260560	2.95397E+02	1000260560	2.95397E+02
7.18085E+00	1000260560	5.42977E+01	1000260560	5.42977E+01
5.24745E+00	1000260560	7.25713E+01	1000260560	7.25713E+01
8.38954E+00	1000260560	1.82779E+02	1000260560	1.82779E+02
1.73400E-01	1000260560	3.13614E+03	1000260560	3.13614E+03
4.06086E+00	1000260560	6.30981E+03	1000260560	6.30981E+03
1.23607E+00	1000260560	7.22437E+01	1000260560	7.22437E+01
1.14946E+00	1000260560	6.73197E+02	1000260560	6.73197E+02
1.27734E+00	1000260560	1.65599E+02	1000260560	1.65599E+02
1.53265E+00	1000260560	2.50504E+04	1000260560	2.50504E+04
3.80914E-01	1000260560	1.15631E+04	1000260560	1.15631E+04
6.17994E+00	1000260560	3.96321E+02	1000260560	3.96321E+02
3.86149E+00	1000260560	3.92244E+01	1000260560	3.92244E+01
9.64062E+00	1000260560	1.30062E+03	1000260560	1.30062E+03
7.59594E+00	1000260560	2.26676E+00	1000260560	2.26676E+00
3.61317E+00	1000260560	1.28316E+04	1000260560	1.28316E+04
7.14442E+00	1000260560	2.39618E+04	1000260560	2.39618E+04
8.42557E+00	1000260560	2.18248E+02	1000260560	2.18248E+02
9.96504E+00	1000260560	1.46096E+01	1000260560	1.46096E+01
7.18697E+00	1000260560	1.10313E+00	1000260560	1.10313E+00
1.37699E+00	1000260560	2.83266E+03	1000260560	2.83266E+03
9.67173E+00	1000260560	7.32851E+01	1000260560	7.32851E+01
1.86608E+00	1000260560	3.78193E+03	1000260560	3.78193E+03
5.22081E+00	1000260560	4.65239E+00	1000260560	4.65239E+00
9.87970E+00	1000260560	4.78868E+00	1000260560	4.78868E+00
3.45311E-01	1000260560	1.60453E+03	1000260560	1.60453E+03
6.24335E+00	1000260560	1.88008E+01	1000260560	1.88008E+01
1.05491E+00	1000260560	1.86553E+01	1000260560	1.86553E+01
7.77176E+00	1000250530	1.93094E+02	1000260560	2.04024E+02
8.64373E+00	1000260560	2.28976E+01	1000260560	2.28976E+01
7.77176E+00	1000010010	3.63827E+00	1000260560	2.04024E+02
3.09784E+00	1000260560	1.58588E+02	1000260560	1.58588E+02
7.77176E+00	1000010010	3.63827E+00	1000260560	2.04024E+02
7.77176E+00	1000010010	3.64328E+00	1000260560	2.04024E+02
6.31145E+00	1000240520	1.73909E+03	1000260560	1.87286E+03
6.31145E+00	1000010010	3.33979E+01	1000260560	1.87286E+03
3.00916E+00	1000240510	5.65184E+02	1000260560	6.20595E+02
6.31145E+00	1000010010	3.33979E+01	1000260560	1.87286E+03
6.31145E+00	1000010010	3.34440E+01	1000260560	1.87286E+03
6.31145E+00	1000010010	3.34440E+01	1000260560	1.87286E+03
8.96511E+00	1000260560	2.43503E+01	1000260560	2.43503E+01
9.75562E+00	1000260560	1.06560E+01	1000260560	1.06560E+01
3.00916E+00	1000010010	1.10668E+01	1000260560	6.20595E+02
6.42883E+00	1000260560	1.37114E+04	1000260560	1.37114E+04
3.00916E+00	1000010010	1.10668E+01	1000260560	6.20595E+02
3.00916E+00	1000010010	1.10668E+01	1000260560	6.20595E+02
3.00916E+00	1000010010	1.10820E+01	1000260560	6.20595E+02
2.08055E+00	1000260560	1.42340E+00	1000260560	1.42340E+00
3.00916E+00	1000010010	1.10820E+01	1000260560	6.20595E+02
2.48382E+00	1000260560	2.19930E+03	1000260560	2.19930E+03
6.64851E+00	1000250530	7.28238E+02	1000260560	7.69459E+02
2.06971E+00	1000260560	1.44332E+04	1000260560	1.44332E+04
6.64851E+00	1000010010	1.37214E+01	1000260560	7.69459E+02
1.28997E+00	1000260560	1.21820E+02	1000260560	1.21820E+02
1.14678E+00	1000260560	4.26107E+02	1000260560	4.26107E+02
6.64851E+00	1000010010	1.37214E+01	1000260560	7.69459E+02
6.64851E+00	1000010010	1.37403E+01	1000260560	7.69459E+02
2.25677E+00	1000260560	6.48964E+02	1000260560	6.48964E+02
7.90261E+00	1000260560	6.54659E+03	1000260560	6.54659E+03
6.00747E+00	1000260560	6.36890E+00	1000260560	6.36890E+00
2.81790E+00	1000260560	1.33822E+03	1000260560	1.33822E+03
2.17377E+00	1000260560	1.14303E+03	1000260560	1.14303E+03
3.26228E+00	1000260560	2.80242E+01	1000260560	2.80242E+01
6.42304E+00	1000260560	5.49033E+03	1000260560	5.49033E+03
2.65899E+00	1000260560	8.57190E+00	1000260560	8.57190E+00
9.43207E+00	1000260560	8.68763E+03	1000260560	8.68763E+03
7.98876E+00	1000260560	1.11670E+01	1000260560	1.11670E+01
4.69113E-01	1000260560	7.85142E+01	1000260560	7.85142E+01
9.67169E+00	1000260560	2.76505E+00	1000260560	2.76505E+00
6.65686E+00	1000260560	5.36061E+00	1000260560	5.36061E+00
2.15080E+00	1000260560	2.08380E+00	1000260560	2.08380E+00
8.24017E+00	1000260560	3.53237E+00	1000260560	3.53237E+00
7.54590E+00	1000260560	1.10624E+02	1000260560	1.10624E+02
5.79234E+00	1000260560	4.73903E+00	1000260560	4.73903E+00
4.59517E-02	1000260560	1.62374E+01	1000260560	1.62374E+01
1.92234E+00	1000260560	5.10100E+03	1000260560	5.10100E+03
8.01924E+00	1000260560	1.31835E+03	1000260560	1.31835E+03
8.83619E+00	1000260560	8.38055E+03	1000260560	8.38055E+03
8.97525E-01	1000260560	2.69179E+03	1000260560	2.69179E+03
1.66423E-01	1000260560	2.83660E+00	1000260560	2.83660E+00
7.43007E+00	1000260560	4.85981E+01	1000260560	4.85981E+01
9.30487E+00	1000250550	6.09022E+02	1000260560	6.20095E+02
9.30487E+00	1000010010	1.10731E+01	1000260560	6.20095E+02
3.30392E+00	1000260560	4.39278E+00	1000260560	4.39278E+00
1.75376E+00	1000260560	9.12020E+01	1000260560	9.12020E+01
7.83319E+00	1000260550	7.03888E+01	1000260560	7.16686E+01
5.52937E+00	1000240510	2.89527E+02	1000260560	3.17930E+02
5.52937E+00	1000010010	5.66950E+00	1000260560	3.17930E+02
7.83319E+00	1000010010	1.27803E+00	1000260560	7.16686E+01
5.52937E+00	1000010010	5.67732E+00	1000260560	3.17930E+02
1.51106E+00	1000260560	2.75588E+03	1000260560	2.75588E+03
4.67848E+00	1000260560	1.94802E+00	1000260560	1.94802E+00
5.52937E+00	1000010010	5.66950E+00	1000260560	3.17930E+02
7.37421E+00	1000260560	6.56374E+00	1000260560	6.56374E+00
5.52937E+00	1000010010	5.66950E+00	1000260560	3.17930E+02
5.52937E+00	1000010010	5.66950E+00	1000260560	3.17930E+02
5.76095E+00	1000260540	1.31264E+02	1000260560	1.36125E+02
6.32873E-02	1000260560	1.47048E+01	1000260560	1.47048E+01
5.76095E+00	1000010010	2.42746E+00	1000260560	1.36125E+02
7.08878E+00	1000260560	1.77035E+03	1000260560	1.77035E+03
5.76095E+00	1000010010	2.42746E+00	1000260560	1.36125E+02
1.09666E+00	1000260560	6.21849E+00	1000260560	6.21849E+00
4.88465E+00	1000260560	2.90886E+03	1000260560	2.90886E+03
7.34438E+00	1000260560	2.48728E+01	1000260560	2.48728E+01
3.97253E-01	1000260560	2.25322E+00	1000260560	2.25322E+00
4.43817E+00	1000260560	3.08736E+03	1000260560	3.08736E+03
9.12551E+00	1000260560	2.46279E+03	1000260560	2.46279E+03
4.85979E+00	1000260550	2.13644E+02	1000260560	2.17528E+02
5.61885E-01	1000260560	2.34031E+01	1000260560	2.34031E+01
4.85979E+00	1000010010	3.87908E+00	1000260560	2.17528E+02
6.44645E+00	1000260560	1.03800E+01	1000260560	1.03800E+01
6.35930E+00	1000260560	4.33207E+03	1000260560	4.33207E+03
5.04885E+00	1000260560	3.06961E+03	1000260560	3.06961E+03
1.42593E+00	1000260560	1.35121E+04	1000260560	1.35121E+04
2.58227E+00	1000260560	4.28295E+00	1000260560	4.28295E+00
9.22385E+00	1000260540	1.93263E+02	1000260560	2.00421E+02
6.93893E+00	1000260560	6.02413E+00	1000260560	6.02413E+00
9.31340E+00	1000260560	2.36731E+04	1000260560	2.36731E+04
9.22385E+00	1000010010	3.57401E+00	1000260560	2.00421E+02
9.22385E+00	1000010010	3.57401E+00	1000260560	2.00421E+02
7.53322E+00	1000260550	9.22252E+02	1000260560	9.39020E+02
7.53322E+00	1000010010	1.67451E+01	1000260560	9.39020E+02
6.84105E+00	1000260560	5.03167E+03	1000260560	5.03167E+03
4.19580E-01	1000260560	6.92696E+00	1000260560	6.92696E+00
5.73875E-01	1000260560	2.90407E+03	1000260560	2.90407E+03
5.97904E+00	1000260560	1.21742E+02	1000260560	1.21742E+02
6.30498E+00	1000260560	1.32630E+00	1000260560	1.32630E+00
8.00071E+00	1000260560	4.08142E+00	1000260560	4.08142E+00
8.41355E+00	1000260560	2.55003E+01	1000260560	2.55003E+01
6.15223E+00	1000260560	1.95286E+03	1000260560	1.95286E+03
1.79723E-01	1000260560	1.43884E+00	1000260560	1.43884E+00
5.83654E+00	1000260560	3.33705E+02	1000260560	3.33705E+02
7.45635E+00	1000260550	3.31061E+02	1000260560	3.37080E+02
7.45635E+00	1000010010	6.01100E+00	1000260560	3.37080E+02
7.39535E+00	1000260560	6.39681E+03	1000260560	6.39681E+03
1.75947E+00	1000260560	7.04070E+02	1000260560	7.04070E+02
2.76996E+00	1000260560	5.06830E+03	1000260560	5.06830E+03
9.47927E+00	1000260560	9.74566E+03	1000260560	9.74566E+03
8.23097E+00	1000260550	8.19039E+02	1000260560	8.33930E+02
1.23809E+00	1000260560	3.68177E+02	1000260560	3.68177E+02
3.97081E+00	1000260560	9.03530E+02	1000260560	9.03530E+02
8.41769E+00	1000260560	8.96489E+01	1000260560	8.96489E+01
8.23097E+00	1000010010	1.48711E+01	1000260560	8.33930E+02
3.97401E+00	1000260560	8.68782E+02	1000260560	8.68782E+02
6.16073E+00	1000260560	5.14140E+01	1000260560	5.14140E+01
4.38368E+00	1000260560	3.16458E+02	1000260560	3.16458E+02
8.26042E+00	1000260560	1.00665E+03	1000260560	1.00665E+03
6.81499E+00	1000260560	7.32741E+02	1000260560	7.32741E+02
4.68598E+00	1000260560	1.18535E+01	1000260560	1.18535E+01
6.48055E+00	1000260560	3.62667E+02	1000260560	3.62667E+02
3.54911E+00	1000260560	3.26760E+03	1000260560	3.26760E+03
7.59672E+00	1000260560	1.48073E+01	1000260560	1.48073E+01
1.02594E+00	1000260560	2.45686E+00	1000260560	2.45686E+00
9.43433E+00	1000260560	7.83029E+00	1000260560	7.83029E+00
9.76315E+00	1000230480	1.19066E+03	1000260560	1.38910E+03
3.46026E+00	1000260560	9.33648E+02	1000260560	9.33648E+02
9.76315E+00	1000010010	2.47712E+01	1000260560	1.38910E+03
5.89068E+00	1000260560	1.25276E+00	1000260560	1.25276E+00
9.76315E+00	1000010010	2.47712E+01	1000260560	1.38910E+03
5.32737E+00	1000260560	3.80029E+03	1000260560	3.80029E+03
9.76315E+00	1000010010	2.47712E+01	1000260560	1.38910E+03
1.96113E+00	1000260560	3.93260E+03	1000260560	3.93260E+03
9.76315E+00	1000010010	2.48054E+01	1000260560	1.38910E+03
2.74249E+00	1000260560	1.42020E+03	1000260560	1.42020E+03
9.76315E+00	1000010010	2.47712E+01	1000260560	1.38910E+03
1.96587E-01	1000260560	9.44353E+03	1000260560	9.44353E+03
4.70611E+00	1000260560	3.46966E+00	1000260560	3.46966E+00
8.90348E+00	1000260560	1.35986E+01	1000260560	1.35986E+01
9.76315E+00	1000010010	2.47712E+01	1000260560	1.38910E+03
9.77553E+00	1000260560	1.62218E+00	1000260560	1.62218E+00
9.76315E+00	1000010010	2.48054E+01	1000260560	1.38910E+03
9.76315E+00	1000010010	2.48054E+01	1000260560	1.38910E+03
3.38592E+00	1000260560	7.75584E+02	1000260560	7.75584E+02
9.36703E+00	1000260560	4.68930E+03	1000260560	4.68930E+03
1.94879E-02	1000260560	1.77051E+00	1000260560	1.77051E+00
1.43764E+00	1000260560	8.72529E+00	1000260560	8.72529E+00
5.02140E+00	1000260540	1.80002E+02	1000260560	1.86669E+02
5.68004E+00	1000260560	1.52613E+04	1000260560	1.52613E+04
5.02140E+00	1000010010	3.32878E+00	1000260560	1.86669E+02
6.69176E+00	1000260560	1.59413E+03	1000260560	1.59413E+03
3.90117E-01	1000260560	1.24202E+03	1000260560	1.24202E+03
5.02140E+00	1000010010	3.32878E+00	1000260560	1.86669E+02
2.61950E+00	1000260560	9.60310E+00	1000260560	9.60310E+00
3.71636E+00	1000260560	1.82581E+03	1000260560	1.82581E+03
6.73691E+00	1000260550	3.50008E+02	1000260560	3.56372E+02
5.41339E+00	1000260560	1.24578E+04	1000260560	1.24578E+04
6.73691E+00	1000010010	6.35503E+00	1000260560	3.56372E+02
1.39028E+00	1000260560	1.73560E+02	1000260560	1.73560E+02
6.62768E+00	1000260560	3.78898E+03	1000260560	3.78898E+03
6.63459E+00	1000260560	4.10970E+00	1000260560	4.10970E+00
3.38304E-01	1000260560	1.79763E+04	1000260560	1.79763E+04
3.93987E+00	1000260560	4.23566E+01	1000260560	4.23566E+01
9.29100E+00	1000260560	1.10790E+03	1000260560	1.10790E+03
3.39870E+00	1000260560	1.47445E+02	1000260560	1.47445E+02
3.78289E+00	1000260560	1.62760E+02	1000260560	1.62760E+02
6.77612E+00	1000260560	6.80119E+00	1000260560	6.80119E+00
3.34628E+00	1000260560	2.08358E+02	1000260560	2.08358E+02
8.33042E+00	1000260560	2.48211E+01	1000260560	2.48211E+01
9.48996E+00	1000260560	3.18260E+02	1000260560	3.18260E+02
6.31054E+00	1000260560	4.04811E+01	1000260560	4.04811E+01
9.82366E+00	1000260560	5.96016E+00	1000260560	5.96016E+00
3.11595E+00	1000260560	1.32752E+03	1000260560	1.32752E+03
3.93708E+00	1000260560	1.44162E+02	1000260560	1.44162E+02
9.50881E-01	1000260560	3.56496E+02	1000260560	3.56496E+02
4.13841E+00	1000260560	1.45455E+00	1000260560	1.45455E+00
9.49558E+00	1000260560	2.62851E+00	1000260560	2.62851E+00
2.51758E+00	1000260560	2.33817E+03	1000260560	2.33817E+03
6.40235E-01	1000260560	2.99788E+02	1000260560	2.99788E+02
9.52842E+00	1000260560	1.02674E+03	1000260560	1.02674E+03
1.88176E+00	1000260560	5.06756E+00	1000260560	5.06756E+00
2.00156E+00	1000260560	6.37827E+00	1000260560	6.37827E+00
9.49068E+00	1000260560	1.79338E+03	1000260560	1.79338E+03
2.92886E+00	1000260560	5.21704E+01	1000260560	5.21704E+01
3.70931E+00	1000260560	3.15551E+01	1000260560	3.15551E+01
3.31069E-01	1000260550	1.43575E+02	1000260560	1.46186E+02
1.74315E+00	1000260560	7.27190E+03	1000260560	7.27190E+03
3.31069E-01	1000010010	2.60686E+00	1000260560	1.46186E+02
7.41632E+00	1000260550	1.23884E+02	1000260560	1.26136E+02
7.41632E+00	1000010010	2.24933E+00	1000260560	1.26136E+02
4.91203E+00	1000260560	1.90371E+00	1000260560	1.90371E+00
6.50731E+00	1000260560	6.11927E+01	1000260560	6.11927E+01
1.00960E+00	1000260560	3.70211E+01	1000260560	3.70211E+01
5.02612E+00	1000260560	3.51878E+03	1000260560	3.51878E+03
6.13187E+00	1000260560	2.44679E+04	1000260560	2.44679E+04
7.16512E+00	1000250550	3.53157E+02	1000260560	3.59578E+02
7.16512E+00	1000010010	6.42104E+00	1000260560	3.59578E+02
3.29521E+00	1000260560	9.67702E+03	1000260560	9.67702E+03
3.58560E+00	1000260560	6.63549E+02	1000260560	6.63549E+02
8.01815E-01	1000260560	5.45243E+03	1000260560	5.45243E+03
6.59171E+00	1000260540	2.91016E+02	1000260560	3.01794E+02
1.77018E+00	1000260560	2.37292E+04	1000260560	2.37292E+04
5.76100E+00	1000260560	1.81764E+02	1000260560	1.81764E+02
6.59171E+00	1000010010	5.38176E+00	1000260560	3.01794E+02
7.09330E+00	1000260560	4.09513E+00	1000260560	4.09513E+00
4.14802E+00	1000260560	1.13857E+01	1000260560	1.13857E+01
6.59171E+00	1000010010	5.38176E+00	1000260560	3.01794E+02
2.58372E+00	1000260560	1.41962E+02	1000260560	1.41962E+02
1.57379E+00	1000260560	5.05890E+03	1000260560	5.05890E+03
6.51944E+00	1000260560	8.24015E+02	1000260560	8.24015E+02
4.60234E+00	1000260560	4.16087E+03	1000260560	4.16087E+03
2.94338E+00	1000260560	5.32079E+00	1000260560	5.32079E+00
3.75511E+00	1000260560	1.60921E+00	1000260560	1.60921E+00
7.17401E+00	1000260560	2.17489E+03	1000260560	2.17489E+03
6.89609E+00	1000260560	1.79815E+04	1000260560	1.79815E+04
5.81311E+00	1000260560	1.23662E+02	1000260560	1.23662E+02
7.87690E+00	1000260550	1.37723E+02	1000260560	1.40227E+02
6.35135E+00	1000260560	1.74196E+02	1000260560	1.74196E+02
5.37041E+00	1000260560	6.79605E+00	1000260560	6.79605E+00
7.87690E+00	1000010010	2.50061E+00	1000260560	1.40227E+02
3.94567E-01	1000260560	3.21014E+03	1000260560	3.21014E+03
7.18570E+00	1000260560	2.36884E+04	1000260560	2.36884E+04
5.20503E+00	1000260560	4.69732E+03	1000260560	4.69732E+03
8.71352E+00	1000260560	6.05514E+01	1000260560	6.05514E+01
5.27377E+00	1000260560	3.03662E+03	1000260560	3.03662E+03
4.31846E+00	1000260560	1.42296E+00	1000260560	1.42296E+00
8.41926E+00	1000260560	3.56665E+00	1000260560	3.56665E+00
9.75097E+00	1000260560	6.01541E+03	1000260560	6.01541E+03
6.60619E+00	1000260560	5.06851E+01	1000260560	5.06851E+01
9.49403E+00	1000260560	2.39351E+02	1000260560	2.39351E+02
5.29032E+00	1000260560	9.69483E+00	1000260560	9.69483E+00
6.15583E+00	1000260560	9.55343E+03	1000260560	9.55343E+03
5.86283E-01	1000260560	1.08057E+01	1000260560	1.08057E+01
1.90522E+00	1000260560	1.70663E+01	1000260560	1.70663E+01
3.62435E+00	1000260560	3.55783E+02	1000260560	3.55783E+02
7.11336E+00	1000260560	1.55964E+02	1000260560	1.55964E+02
9.46749E+00	1000260560	7.11459E+01	1000260560	7.11459E+01
3.38341E+00	1000260560	1.48395E+01	1000260560	1.48395E+01
6.37682E+00	1000260560	3.52219E+03	1000260560	3.52219E+03
5.10138E+00	1000260560	1.23536E+01	1000260560	1.23536E+01
9.26786E+00	1000260560	1.55155E+03	1000260560	1.55155E+03
6.17600E+00	1000260560	5.77136E+02	1000260560	5.77136E+02
6.08000E+00	1000260560	2.27240E+00	1000260560	2.27240E+00
4.96223E+00	1000260560	3.85107E+03	1000260560	3.85107E+03
7.26484E+00	1000260560	1.09004E+03	1000260560	1.09004E+03
7.03419E+00	1000260560	1.13553E+04	1000260560	1.13553E+04
7.66289E+00	1000260560	8.71649E+00	1000260560	8.71649E+00
3.94699E+00	1000260560	4.83236E+03	1000260560	4.83236E+03
9.96486E+00	1000260560	1.75863E+01	1000260560	1.75863E+01
4.48564E+00	1000260560	1.60062E+00	1000260560	1.60062E+00
3.74122E-01	1000260560	1.21245E+04	1000260560	1.21245E+04
2.98763E+00	1000260560	5.06019E+00	1000260560	5.06019E+00
9.04599E-01	1000260560	6.26789E+01	1000260560	6.26789E+01
5.34076E+00	1000260560	9.10912E+02	1000260560	9.10912E+02
5.21136E+00	1000260560	2.71255E+03	1000260560	2.71255E+03
5.22322E+00	1000260560	1.31454E+03	1000260560	1.31454E+03
3.40454E+00	1000260560	8.76006E+00	1000260560	8.76006E+00
6.44903E+00	1000260560	5.26214E+01	1000260560	5.26214E+01
4.76002E+00	1000260560	5.08233E+03	1000260560	5.08233E+03
2.60931E+00	1000260560	1.81854E+00	1000260560	1.81854E+00
5.54920E-01	1000260560	2.61634E+01	1000260560	2.61634E+01
3.55521E+00	1000250550	2.85456E+01	1000260560	2.90646E+01
1.67110E+00	1000260560	8.77975E+03	1000260560	8.77975E+03
4.55985E+00	1000260560	2.54239E+00	1000260560	2.54239E+00
8.14234E+00	1000260560	1.68656E+02	1000260560	1.68656E+02
5.72460E+00	1000260560	1.49486E+00	1000260560	1.49486E+00
2.53131E+00	1000260560	8.14947E+00	1000260560	8.14947E+00
4.17879E-01	1000260560	1.40557E+04	1000260560	1.40557E+04
2.94851E+00	1000260560	2.00638E+03	1000260560	2.00638E+03
7.84830E-01	1000260560	6.09100E+03	1000260560	6.09100E+03
6.88720E+00	1000260560	4.31086E+02	1000260560	4.31086E+02
2.13018E+00	1000260560	3.29419E+00	1000260560	3.29419E+00
3.08926E+00	1000260560	2.77506E+03	1000260560	2.77506E+03
4.21569E+00	1000260560	5.33071E+03	1000260560	5.33071E+03
5.90053E+00	1000260560	1.11725E+01	1000260560	1.11725E+01
6.21325E+00	1000260560	1.22312E+00	1000260560	1.22312E+00
6.31735E+00	1000260560	5.11197E+03	1000260560	5.11197E+03
3.97125E+00	1000260560	7.24482E+02	1000260560	7.24482E+02
1.08109E+00	1000260560	1.59907E+03	1000260560	1.59907E+03
3.41508E-01	1000260560	1.92545E+04	1000260560	1.92545E+04
8.24671E+00	1000260560	1.11971E+04	1000260560	1.11971E+04
9.77781E-02	1000260560	2.15922E+01	1000260560	2.15922E+01
5.10333E+00	1000260560	3.35348E+00	1000260560	3.35348E+00
8.07010E+00	1000260560	4.16372E+03	1000260560	4.16372E+03
1.71534E+00	1000260560	1.82638E+02	1000260560	1.82638E+02
3.44377E+00	1000260560	1.57357E+02	1000260560	1.57357E+02
4.72649E+00	1000260560	3.76532E+00	1000260560	3.76532E+00
4.98241E+00	1000260560	1.41670E+03	1000260560	1.41670E+03
1.81688E+00	1000260560	2.36005E+04	1000260560	2.36005E+04
8.47016E-01	1000260560	9.98234E+01	1000260560	9.98234E+01
2.30625E+00	1000260560	9.75002E+00	1000260560	9.75002E+00
1.22943E+00	1000260560	4.51427E+03	1000260560	4.51427E+03
3.44320E+00	1000260560	1.53382E+04	1000260560	1.53382E+04
4.50895E+00	1000260560	9.30302E+02	1000260560	9.30302E+02
6.64299E+00	1000260560	1.47869E+03	1000260560	1.47869E+03
7.86590E+00	1000260560	4.53680E+02	1000260560	4.53680E+02
6.10331E+00	1000260560	1.20862E+01	1000260560	1.20862E+01
3.79395E+00	1000260560	2.39017E+00	1000260560	2.39017E+00
2.26357E+00	1000260560	6.69614E+00	1000260560	6.69614E+00
3.70329E+00	1000260560	7.64414E+03	1000260560	7.64414E+03
2.08602E+00	1000260560	1.95207E+03	1000260560	1.95207E+03
3.20114E+00	1000260560	5.29994E+02	1000260560	5.29994E+02
5.48532E+00	1000260560	6.76513E+03	1000260560	6.76513E+03
7.46677E+00	1000260560	3.81854E+01	1000260560	3.81854E+01
7.23406E+00	1000260560	6.07536E+00	1000260560	6.07536E+00
5.82942E-01	1000260560	4.54923E+02	1000260560	4.54923E+02
7.00375E+00	1000260540	3.09259E+02	1000260560	3.20713E+02
2.61653E+00	1000260560	1.08063E+01	1000260560	1.08063E+01
7.00375E+00	1000010010	5.71913E+00	1000260560	3.20713E+02
2.52012E+00	1000260550	3.63371E+02	1000260560	3.69977E+02
7.00375E+00	1000010010	5.71913E+00	1000260560	3.20713E+02
9.37085E+00	1000260560	1.34776E+04	1000260560	1.34776E+04
5.44064E-01	1000260560	3.26435E+03	1000260560	3.26435E+03
2.52012E+00	1000010010	6.59764E+00	1000260560	3.69977E+02
1.85337E+00	1000260560	3.40648E+03	1000260560	3.40648E+03
4.29147E+00	1000260560	7.56000E+03	1000260560	7.56000E+03
4.53846E-01	1000260560	5.55482E+02	1000260560	5.55482E+02
9.42302E+00	1000260560	2.31845E+01	1000260560	2.31845E+01
9.42446E+00	1000260560	7.11131E+00	1000260560	7.11131E+00
4.34466E+00	1000260560	1.81779E+03	1000260560	1.81779E+03
6.69306E+00	1000260560	5.84326E+01	1000260560	5.84326E+01
5.21496E+00	1000260560	2.38984E+01	1000260560	2.38984E+01
7.22269E+00	1000260560	1.92171E+04	1000260560	1.92171E+04
5.00904E+00	1000260560	1.45537E+01	1000260560	1.45537E+01
7.82224E+00	1000260560	2.40529E+01	1000260560	2.40529E+01
9.51789E+00	1000260560	2.37423E+04	1000260560	2.37423E+04
2.46271E+00	1000260560	1.82721E+03	1000260560	1.82721E+03
1.21313E+00	1000260560	4.00163E+02	1000260560	4.00163E+02
5.06658E+00	1000260550	2.41795E+02	1000260560	2.46191E+02
9.56893E-01	1000260560	2.45795E+00	1000260560	2.45795E+00
5.59036E+00	1000260560	3.51373E+00	1000260560	3.51373E+00
5.06658E+00	1000010010	4.39022E+00	1000260560	2.46191E+02
6.46475E+00	1000260560	1.42644E+03	1000260560	1.42644E+03
1.87362E+00	1000260560	1.12948E+04	1000260560	1.12948E+04
7.07773E-01	1000260560	4.09314E+03	1000260560	4.09314E+03
4.93735E+00	1000260560	2.81318E+00	1000260560	2.81318E+00
2.53183E+00	1000260560	1.83353E+01	1000260560	1.83353E+01
4.53051E+00	1000260560	3.24816E+01	1000260560	3.24816E+01
6.89050E-01	1000260560	4.30078E+01	1000260560	4.30078E+01
3.30135E-01	1000260560	2.70287E+03	1000260560	2.70287E+03
8.41556E+00	1000260560	5.09603E+03	1000260560	5.09603E+03
1.95154E+00	1000260560	3.12249E+02	1000260560	3.12249E+02
7.88444E+00	1000260560	4.15462E+00	1000260560	4.15462E+00
7.56495E+00	1000260560	1.52577E+00	1000260560	1.52577E+00
4.48572E+00	1000260560	1.52702E+02	1000260560	1.52702E+02
4.69403E+00	1000260560	2.45346E+02	1000260560	2.45346E+02
4.57240E+00	1000260560	3.85512E+00	1000260560	3.85512E+00
8.67292E+00	1000260560	7.19842E+01	1000260560	7.19842E+01
6.33343E+00	1000260560	1.08806E+02	1000260560	1.08806E+02
6.87251E+00	1000260560	2.90991E+00	1000260560	2.90991E+00
1.77938E+00	1000260560	1.86445E+02	1000260560	1.86445E+02
6.70210E+00	1000260560	2.16184E+00	1000260560	2.16184E+00
4.53229E+00	1000260560	1.08524E+00	1000260560	1.08524E+00
3.01742E+00	1000260560	7.09716E+02	1000260560	7.09716E+02
6.41407E+00	1000260560	5.14348E+03	1000260560	5.14348E+03
3.31780E+00	1000260560	4.16052E+02	1000260560	4.16052E+02
7.30177E+00	1000260560	1.96970E+01	1000260560	1.96970E+01
3.03427E+00	1000260560	6.55394E+02	1000260560	6.55394E+02
9.04484E+00	1000260560	6.46584E+03	1000260560	6.46584E+03
6.07350E+00	1000260560	1.81571E+00	1000260560	1.81571E+00
6.89367E+00	1000260560	1.01185E+00	1000260560	1.01185E+00
1.87611E+00	1000260560	1.00664E+02	1000260560	1.00664E+02
5.57590E+00	1000260560	7.42528E+00	1000260560	7.42528E+00
2.93291E+00	1000260560	1.01219E+00	1000260560	1.01219E+00
8.22244E-01	1000260560	2.88151E+00	1000260560	2.88151E+00
7.42677E+00	1000260560	6.39494E+00	1000260560	6.39494E+00
6.63316E+00	1000260560	1.62714E+03	1000260560	1.62714E+03
3.34962E+00	1000260560	1.36547E+03	1000260560	1.36547E+03
1.14016E+00	1000260560	7.80532E+03	1000260560	7.80532E+03
7.25987E+00	1000260550	1.53217E+02	1000260560	1.56003E+02
4.64225E+00	1000260560	1.63926E+04	1000260560	1.63926E+04
2.07864E+00	1000260560	3.74642E+00	1000260560	3.74642E+00
7.25987E+00	1000010010	2.78193E+00	1000260560	1.56003E+02
7.04963E-01	1000260560	1.52015E+03	1000260560	1.52015E+03
9.31989E+00	1000260560	2.68902E+00	1000260560	2.68902E+00
5.62571E+00	1000260560	1.87698E+02	1000260560	1.87698E+02
1.90583E+00	1000260560	6.47479E+01	1000260560	6.47479E+01
6.21397E+00	1000260560	1.98294E+00	1000260560	1.98294E+00
5.61219E+00	1000260560	6.24369E+01	1000260560	6.24369E+01
9.29979E+00	1000260560	9.98965E+01	1000260560	9.98965E+01
1.83695E+00	1000260560	7.30316E+00	1000260560	7.30316E+00
9.27935E+00	1000260560	3.60403E+03	1000260560	3.60403E+03
8.64058E+00	1000260560	3.97680E+00	1000260560	3.97680E+00
5.49438E+00	1000260560	1.17394E+01	1000260560	1.17394E+01
9.35397E+00	1000260560	9.31101E+00	1000260560	9.31101E+00
9.66223E-01	1000260560	1.63970E+04	1000260560	1.63970E+04
6.89824E+00	1000260560	1.86889E+01	1000260560	1.86889E+01
4.24266E-01	1000260560	2.85063E+02	1000260560	2.85063E+02
2.35568E+00	1000260560	4.35050E+02	1000260560	4.35050E+02
9.10769E+00	1000260560	2.85624E+00	1000260560	2.85624E+00
3.68330E-01	1000260560	5.29741E+01	1000260560	5.29741E+01
8.68297E+00	1000260560	1.44434E+01	1000260560	1.44434E+01
9.37536E+00	1000260560	1.53953E+01	1000260560	1.53953E+01
7.40746E+00	1000260560	2.68468E+03	1000260560	2.68468E+03
1.08003E+00	1000260560	1.21822E+01	1000260560	1.21822E+01
5.37301E+00	1000260560	3.01329E+01	1000260560	3.01329E+01
5.19411E+00	1000260560	5.86528E+02	1000260560	5.86528E+02
7.08077E+00	1000260560	4.86842E+00	1000260560	4.86842E+00
1.95690E+00	1000260560	4.02938E+01	1000260560	4.02938E+01
6.92958E+00	1000260560	2.69895E+00	1000260560	2.69895E+00
9.20442E+00	1000260560	4.59517E+02	1000260560	4.59517E+02
2.70526E+00	1000260560	2.93315E+01	1000260560	2.93315E+01
1.87472E+00	1000260560	1.13220E+03	1000260560	1.13220E+03
5.38817E+00	1000260560	7.30556E+03	1000260560	7.30556E+03
3.71551E+00	1000260560	7.31886E+03	1000260560	7.31886E+03
5.66388E+00	1000260560	3.07425E+01	1000260560	3.07425E+01
6.15844E-01	1000260560	2.83898E+00	1000260560	2.83898E+00
1.25954E-01	1000260560	1.49107E+01	1000260560	1.49107E+01
7.06619E+00	1000260560	1.37697E+00	1000260560	1.37697E+00
2.10245E+00	1000260560	1.54145E+00	1000260560	1.54145E+00
2.52721E-01	1000260560	2.02657E+02	1000260560	2.02657E+02
1.08951E+00	1000260560	4.36763E+01	1000260560	4.36763E+01
9.90316E+00	1000260560	1.81329E+01	1000260560	1.81329E+01
9.05413E+00	1000260560	2.72237E+01	1000260560	2.72237E+01
3.82114E+00	1000260550	2.78102E+02	1000260560	2.83158E+02
4.34753E+00	1000260560	3.80762E+00	1000260560	3.80762E+00
3.82114E+00	1000010010	5.04943E+00	1000260560	2.83158E+02
4.27385E+00	1000260560	8.73337E+01	1000260560	8.73337E+01
9.52185E+00	1000260560	1.27335E+01	1000260560	1.27335E+01
2.08702E+00	1000260560	2.15210E+02	1000260560	2.15210E+02
8.29851E+00	1000250540	1.94002E+02	1000260560	2.01187E+02
8.88360E+00	1000260560	1.19827E+01	1000260560	1.19827E+01
6.31290E+00	1000260560	2.00721E+01	1000260560	2.00721E+01
8.29851E+00	1000010010	3.58769E+00	1000260560	2.01187E+02
5.32888E+00	1000260560	7.08302E+00	1000260560	7.08302E+00
8.29851E+00	1000010010	3.59263E+00	1000260560	2.01187E+02
2.23227E+00	1000260560	4.40765E+01	1000260560	4.40765E+01
1.35105E+00	1000260560	8.23590E+02	1000260560	8.23590E+02
8.77184E+00	1000260550	4.74949E+02	1000260560	4.83585E+02
8.77184E+00	1000010010	8.62356E+00	1000260560	4.83585E+02
9.30425E+00	1000260560	2.96418E+03	1000260560	2.96418E+03
4.53776E+00	1000260560	9.71106E+00	1000260560	9.71106E+00
7.19663E+00	1000260560	1.46017E+04	1000260560	1.46017E+04
2.59095E+00	1000260560	6.82869E+00	1000260560	6.82869E+00
2.45812E-01	1000260560	4.84544E+03	1000260560	4.84544E+03
4.66170E+00	1000260560	9.66499E+00	1000260560	9.66499E+00
7.61549E+00	1000260560	4.97471E+03	1000260560	4.97471E+03
6.00431E+00	1000260560	2.45778E+01	1000260560	2.45778E+01
2.33189E+00	1000260560	3.18031E+00	1000260560	3.18031E+00
8.59665E+00	1000260560	1.33253E+01	1000260560	1.33253E+01
9.21469E+00	1000260560	1.89760E+04	1000260560	1.89760E+04
6.24114E+00	1000260560	9.90374E+00	1000260560	9.90374E+00
5.77368E+00	1000260560	1.00605E+02	1000260560	1.00605E+02
3.05104E+00	1000260560	4.58438E+00	1000260560	4.58438E+00
3.52326E+00	1000260560	1.25548E+02	1000260560	1.25548E+02
3.20053E+00	1000260560	5.92616E+01	1000260560	5.92616E+01
7.28898E-01	1000260560	1.51636E+04	1000260560	1.51636E+04
4.90572E+00	1000260560	8.37972E+02	1000260560	8.37972E+02
8.16328E+00	1000260560	1.21874E+04	1000260560	1.21874E+04
6.67965E+00	1000260560	1.71848E+00	1000260560	1.71848E+00
4.69018E+00	1000260560	3.79686E+01	1000260560	3.79686E+01
6.34145E+00	1000260560	7.06977E+00	1000260560	7.06977E+00
1.99781E+00	1000260560	3.51215E+01	1000260560	3.51215E+01
2.28803E+00	1000260560	2.00497E+01	1000260560	2.00497E+01
9.39801E+00	1000260560	1.01599E+03	1000260560	1.01599E+03
5.27533E+00	1000260560	9.34526E+00	1000260560	9.34526E+00
2.51696E+00	1000260560	3.17827E+01	1000260560	3.17827E+01
3.12191E+00	1000260560	1.44325E+00	1000260560	1.44325E+00
6.40223E+00	1000260560	1.09782E+03	1000260560	1.09782E+03
8.06604E+00	1000260560	1.74360E+01	1000260560	1.74360E+01
1.80417E+00	1000260560	8.88734E+02	1000260560	8.88734E+02
2.87999E+00	1000260560	3.20709E+02	1000260560	3.20709E+02
7.17001E+00	1000260560	3.89221E+03	1000260560	3.89221E+03
6.91664E+00	1000260560	5.08006E+03	1000260560	5.08006E+03
2.59647E+00	1000260560	3.67294E+00	1000260560	3.67294E+00
3.87489E+00	1000260560	9.73778E+00	1000260560	9.73778E+00
9.97262E+00	1000260560	2.11724E+01	1000260560	2.11724E+01
6.12513E+00	1000260560	1.42985E+00	1000260560	1.42985E+00
3.05203E+00	1000260560	4.67422E+00	1000260560	4.67422E+00
3.86895E+00	1000260560	4.87255E+01	1000260560	4.87255E+01
9.64518E+00	1000260560	6.93608E+02	1000260560	6.93608E+02
5.36889E+00	1000260560	1.00031E+04	1000260560	1.00031E+04
3.23693E+00	1000260560	3.10352E+03	1000260560	3.10352E+03
2.42492E+00	1000260560	1.86386E+00	1000260560	1.86386E+00
9.56182E+00	1000260560	1.46370E+02	1000260560	1.46370E+02
8.16362E+00	1000260560	1.64343E+00	1000260560	1.64343E+00
6.69818E+00	1000260560	2.04545E+03	1000260560	2.04545E+03
6.19269E+00	1000260560	1.03113E+02	1000260560	1.03113E+02
1.71691E+00	1000260560	1.74674E+02	1000260560	1.74674E+02
5.65026E+00	1000260560	4.75496E+03	1000260560	4.75496E+03
7.40281E+00	1000260560	1.99575E+03	1000260560	1.99575E+03
9.02727E+00	1000260560	2.70925E+01	1000260560	2.70925E+01
3.94241E+00	1000260550	2.43996E+02	1000260560	2.48432E+02
3.94241E+00	1000010010	4.43019E+00	1000260560	2.48432E+02
8.96531E+00	1000260560	1.33142E+01	1000260560	1.33142E+01
9.41558E+00	1000260560	8.83501E+03	1000260560	8.83501E+03
1.72080E+00	1000260560	2.04778E+01	1000260560	2.04778E+01
9.18736E+00	1000240520	8.34171E+02	1000260560	8.98338E+02
8.35058E+00	1000260560	2.70543E+01	1000260560	2.70543E+01
5.79066E+00	1000260560	5.54064E+02	1000260560	5.54064E+02
9.18736E+00	1000010010	1.60197E+01	1000260560	8.98338E+02
6.03438E+00	1000260560	2.18249E+00	1000260560	2.18249E+00
9.18736E+00	1000010010	1.60197E+01	1000260560	8.98338E+02
5.16362E+00	1000260560	5.79115E+03	1000260560	5.79115E+03
9.18736E+00	1000010010	1.60418E+01	1000260560	8.98338E+02
9.18736E+00	1000010010	1.60418E+01	1000260560	8.98338E+02
5.21266E+00	1000260560	3.13128E+02	1000260560	3.13128E+02
9.22554E+00	1000260560	3.59497E+02	1000260560	3.59497E+02
9.68868E+00	1000260560	3.24854E+01	1000260560	3.24854E+01
7.41838E+00	1000260560	1.88776E+02	1000260560	1.88776E+02
4.97049E+00	1000260560	2.28596E+04	1000260560	2.28596E+04
5.77315E+00	1000260560	1.51478E+02	1000260560	1.51478E+02
1.53894E-02	1000260560	1.98661E+00	1000260560	1.98661E+00
9.92201E+00	1000230490	7.96169E+02	1000260560	9.09907E+02
5.31699E-01	1000260560	5.12227E+00	1000260560	5.12227E+00
9.16925E-01	1000260560	3.89277E+01	1000260560	3.89277E+01
1.93755E+00	1000260560	2.43677E+04	1000260560	2.43677E+04
8.35140E+00	1000260560	4.34386E+03	1000260560	4.34386E+03
9.72840E+00	1000260560	3.46498E+01	1000260560	3.46498E+01
9.92201E+00	1000010010	1.62260E+01	1000260560	9.09907E+02
9.92201E+00	1000010010	1.62483E+01	1000260560	9.09907E+02
2.29372E+00	1000260560	2.18432E+04	1000260560	2.18432E+04
9.92201E+00	1000010010	1.62260E+01	1000260560	9.09907E+02
7.72516E+00	1000260560	1.39703E+01	1000260560	1.39703E+01
4.88789E+00	1000260560	1.62033E+02	1000260560	1.62033E+02
9.92201E+00	1000010010	1.62260E+01	1000260560	9.09907E+02
1.95318E+00	1000260560	2.02686E+04	1000260560	2.02686E+04
1.03720E+00	1000260560	3.54202E+00	1000260560	3.54202E+00
8.59068E+00	1000260560	4.40632E+03	1000260560	4.40632E+03
7.22111E+00	1000260560	4.51385E+01	1000260560	4.51385E+01
9.92201E+00	1000010010	1.62260E+01	1000260560	9.09907E+02
9.92201E+00	1000010010	1.62483E+01	1000260560	9.09907E+02
6.06105E+00	1000260560	3.68221E+01	1000260560	3.68221E+01
9.92201E+00	1000010010	1.62483E+01	1000260560	9.09907E+02
9.74935E-01	1000260560	1.27676E+02	1000260560	1.27676E+02
4.00835E+00	1000260560	1.27673E+01	1000260560	1.27673E+01
8.86598E+00	1000260560	1.37858E+01	1000260560	1.37858E+01
2.50322E+00	1000260560	5.61545E+01	1000260560	5.61545E+01
5.84705E+00	1000260560	1.76228E+03	1000260560	1.76228E+03
5.22770E-01	1000260560	7.73451E+00	1000260560	7.73451E+00
9.60388E+00	1000260560	9.38485E+02	1000260560	9.38485E+02
1.33644E+00	1000260560	2.98070E+00	1000260560	2.98070E+00
5.29107E+00	1000260560	5.82748E+02	1000260560	5.82748E+02
8.21442E+00	1000260560	6.90806E+01	1000260560	6.90806E+01
1.88154E+00	1000260560	7.25677E+00	1000260560	7.25677E+00
2.70474E+00	1000260560	1.06541E+00	1000260560	1.06541E+00
4.20891E-02	1000260560	1.23764E+02	1000260560	1.23764E+02
4.55230E+00	1000260560	2.92449E+01	1000260560	2.92449E+01
9.35198E+00	1000260560	6.49673E+03	1000260560	6.49673E+03
6.99073E+00	1000260560	2.59025E+03	1000260560	2.59025E+03
1.81795E+00	1000260560	2.28429E+04	1000260560	2.28429E+04
2.94964E+00	1000260560	1.73856E+01	1000260560	1.73856E+01
9.53669E-02	1000260560	8.02180E+01	1000260560	8.02180E+01
6.27182E-01	1000260560	2.28565E+01	1000260560	2.28565E+01
2.82942E+00	1000260560	5.37102E+01	1000260560	5.37102E+01
7.56369E+00	1000260560	2.03524E+01	1000260560	2.03524E+01
3.53021E+00	1000260560	1.28592E+02	1000260560	1.28592E+02
7.58850E-01	1000260560	1.73480E+01	1000260560	1.73480E+01
1.64667E+00	1000260560	1.68039E+03	1000260560	1.68039E+03
6.78602E+00	1000260560	1.39229E+01	1000260560	1.39229E+01
3.08047E-01	1000260560	5.94272E+01	1000260560	5.94272E+01
6.51713E-01	1000260560	3.81190E+01	1000260560	3.81190E+01
9.53927E+00	1000260560	6.01361E+02	1000260560	6.01361E+02
3.63621E+00	1000260560	1.58184E+01	1000260560	1.58184E+01
4.18607E+00	1000260560	1.24665E+01	1000260560	1.24665E+01
2.28048E+00	1000260560	1.68757E+01	1000260560	1.68757E+01
2.35470E+00	1000260560	1.09273E+02	1000260560	1.09273E+02
7.39897E+00	1000260560	5.50890E+03	1000260560	5.50890E+03
5.06747E+00	1000260560	4.38435E+01	1000260560	4.38435E+01
5.82240E+00	1000260560	3.46580E+03	1000260560	3.46580E+03
1.12095E+00	1000260560	4.17266E+00	1000260560	4.17266E+00
8.44055E+00	1000260560	6.30320E+00	1000260560	6.30320E+00
8.63808E+00	1000260560	1.34393E+04	1000260560	1.34393E+04
4.15109E+00	1000260560	1.58506E+01	1000260560	1.58506E+01
8.36608E+00	1000260560	4.32509E+02	1000260560	4.32509E+02
1.58866E+00	1000260560	4.06091E+02	1000260560	4.06091E+02
1.90105E+00	1000260560	2.91319E+03	1000260560	2.91319E+03
1.83439E+00	1000260560	8.31555E+03	1000260560	8.31555E+03
4.27930E+00	1000260560	7.65063E+02	1000260560	7.65063E+02
3.17305E+00	1000260560	2.41709E+02	1000260560	2.41709E+02
9.68794E+00	1000260550	2.69830E+02	1000260560	2.74736E+02
1.02561E+00	1000260560	1.79217E+01	1000260560	1.79217E+01
6.44119E+00	1000260560	4.59167E+02	1000260560	4.59167E+02
9.68794E+00	1000010010	4.89925E+00	1000260560	2.74736E+02
2.64984E+00	1000260560	2.49067E+02	1000260560	2.49067E+02
7.99820E+00	1000260560	4.82732E+03	1000260560	4.82732E+03
9.86792E+00	1000250550	2.21744E+03	1000260560	2.25776E+03
9.86792E+00	1000010010	4.03171E+01	1000260560	2.25776E+03
5.51365E+00	1000250540	2.75812E+02	1000260560	2.86028E+02
7.52358E+00	1000260560	2.13348E+01	1000260560	2.13348E+01
5.51365E+00	1000010010	5.10060E+00	1000260560	2.86028E+02
5.62402E+00	1000260560	4.88518E+03	1000260560	4.88518E+03
5.51365E+00	1000010010	5.10764E+00	1000260560	2.86028E+02
1.08077E-01	1000260560	2.70908E+01	1000260560	2.70908E+01
3.16445E+00	1000260560	4.84493E+01	1000260560	4.84493E+01
3.18260E+00	1000260560	7.54447E+03	1000260560	7.54447E+03
5.75305E+00	1000260560	2.10456E+03	1000260560	2.10456E+03
7.24404E+00	1000260560	2.71022E+00	1000260560	2.71022E+00
2.87453E+00	1000260560	1.37209E+04	1000260560	1.37209E+04
2.65527E+00	1000260560	2.17188E+03	1000260560	2.17188E+03
2.63161E+00	1000260560	2.61491E+01	1000260560	2.61491E+01
1.73053E+00	1000260560	1.69439E+02	1000260560	1.69439E+02
7.24258E+00	1000260560	2.50319E+04	1000260560	2.50319E+04
9.55245E+00	1000260560	9.79382E+03	1000260560	9.79382E+03
5.12103E+00	1000260560	5.47885E+02	1000260560	5.47885E+02
6.18356E+00	1000260560	1.95115E+01	1000260560	1.95115E+01
6.17207E+00	1000260560	1.27656E+03	1000260560	1.27656E+03
1.17956E+00	1000260560	5.03097E+03	1000260560	5.03097E+03
2.82666E+00	1000260560	1.37014E+01	1000260560	1.37014E+01
1.64729E+00	1000260560	1.84307E+04	1000260560	1.84307E+04
7.37225E+00	1000260560	1.47327E+03	1000260560	1.47327E+03
2.29283E+00	1000260560	1.21317E+00	1000260560	1.21317E+00
1.28721E+00	1000260560	3.61468E+00	1000260560	3.61468E+00
7.45343E+00	1000260560	1.77501E+02	1000260560	1.77501E+02
7.34291E+00	1000260560	3.44292E+00	1000260560	3.44292E+00
4.53225E+00	1000260560	1.80685E+00	1000260560	1.80685E+00
9.53881E+00	1000260540	1.33115E+02	1000260560	1.38046E+02
8.00838E+00	1000260560	4.46272E+00	1000260560	4.46272E+00
9.53881E+00	1000010010	2.46171E+00	1000260560	1.38046E+02
5.96710E+00	1000260560	1.20916E+02	1000260560	1.20916E+02
9.53881E+00	1000010010	2.46171E+00	1000260560	1.38046E+02
8.43245E-02	1000260560	1.20201E+00	1000260560	1.20201E+00
1.07897E+00	1000260560	3.04186E+03	1000260560	3.04186E+03
6.65931E+00	1000260560	1.13964E+00	1000260560	1.13964E+00
2.91669E+00	1000260560	3.67556E+02	1000260560	3.67556E+02
1.48692E+00	1000260560	6.69404E+02	1000260560	6.69404E+02
7.75759E+00	1000260560	2.43077E+04	1000260560	2.43077E+04
3.90538E+00	1000260560	2.61027E+00	1000260560	2.61027E+00
2.85742E+00	1000260560	1.60333E+04	1000260560	1.60333E+04
4.31185E+00	1000260560	5.25610E+00	1000260560	5.25610E+00
3.84992E+00	1000260560	4.97822E+03	1000260560	4.97822E+03
8.68139E+00	1000260560	9.46965E+03	1000260560	9.46965E+03
9.50109E+00	1000260560	1.30112E+02	1000260560	1.30112E+02
7.69976E+00	1000260560	5.28002E+01	1000260560	5.28002E+01
5.59229E+00	1000260560	4.90303E+01	1000260560	4.90303E+01
8.88698E+00	1000260560	4.96516E+03	1000260560	4.96516E+03
2.84929E-01	1000260560	4.42934E+03	1000260560	4.42934E+03
9.20506E+00	1000230490	2.28145E+03	1000260560	2.60738E+03
4.83274E+00	1000260560	4.42228E+03	1000260560	4.42228E+03
4.38709E-01	1000260560	5.97701E+01	1000260560	5.97701E+01
6.02218E+00	1000260560	3.46772E+01	1000260560	3.46772E+01
9.20506E+00	1000010010	4.64962E+01	1000260560	2.60738E+03
4.87678E+00	1000260560	2.74875E+00	1000260560	2.74875E+00
9.51066E+00	1000260560	4.95267E+00	1000260560	4.95267E+00
2.37424E+00	1000260560	2.30719E+04	1000260560	2.30719E+04
9.20506E+00	1000010010	4.64962E+01	1000260560	2.60738E+03
4.33685E+00	1000260560	1.04195E+04	1000260560	1.04195E+04
9.20506E+00	1000010010	4.64962E+01	1000260560	2.60738E+03
9.20506E+00	1000010010	4.64962E+01	1000260560	2.60738E+03
8.40546E+00	1000260550	3.08392E+02	1000260560	3.13999E+02
9.20506E+00	1000010010	4.65603E+01	1000260560	2.60738E+03
9.20506E+00	1000010010	4.65603E+01	1000260560	2.60738E+03
9.20506E+00	1000010010	4.65603E+01	1000260560	2.60738E+03
8.40546E+00	1000010010	5.59941E+00	1000260560	3.13999E+02
9.11999E+00	1000260560	4.93147E+00	1000260560	4.93147E+00
7.95343E+00	1000260560	5.03283E+02	1000260560	5.03283E+02
8.20811E+00	1000260560	3.57194E+00	1000260560	3.57194E+00
5.08079E+00	1000260560	1.70090E+00	1000260560	1.70090E+00
1.93466E+00	1000260560	2.79255E+02	1000260560	2.79255E+02
5.63878E+00	1000260560	1.55917E+04	1000260560	1.55917E+04
2.69291E+00	1000260560	1.64446E+04	1000260560	1.64446E+04
2.62100E+00	1000260560	1.20153E+04	1000260560	1.20153E+04
2.12500E+00	1000260560	1.60875E+00	1000260560	1.60875E+00
8.23738E+00	1000260560	7.74700E+03	1000260560	7.74700E+03
8.66735E+00	1000260560	6.80923E+01	1000260560	6.80923E+01
1.74990E+00	1000260560	5.41746E+03	1000260560	5.41746E+03
2.28217E+00	1000260560	6.45284E+03	1000260560	6.45284E+03
6.01708E+00	1000260560	1.82439E+00	1000260560	1.82439E+00
5.42940E+00	1000260560	1.77737E+02	1000260560	1.77737E+02
8.58760E+00	1000260560	3.88200E+00	1000260560	3.88200E+00
6.00552E+00	1000260560	2.09446E+01	1000260560	2.09446E+01
4.59304E+00	1000260560	6.20041E+03	1000260560	6.20041E+03
8.21144E+00	1000260560	6.02996E+01	1000260560	6.02996E+01
5.28477E+00	1000260560	4.80421E+01	1000260560	4.80421E+01
5.15298E+00	1000260560	2.06977E+03	1000260560	2.06977E+03
5.96329E+00	1000260560	9.59505E+03	1000260560	9.59505E+03
4.39669E+00	1000260560	2.46300E+03	1000260560	2.46300E+03
2.77460E+00	1000260560	6.60770E+02	1000260560	6.60770E+02
9.36466E+00	1000260560	5.29223E+02	1000260560	5.29223E+02
3.71459E+00	1000260560	5.97505E+00	1000260560	5.97505E+00
8.81650E-01	1000260560	2.48362E+02	1000260560	2.48362E+02
1.38528E+00	1000260560	2.15673E+02	1000260560	2.15673E+02
4.37434E+00	1000260560	1.65078E+03	1000260560	1.65078E+03
4.07441E+00	1000260560	1.91783E+02	1000260560	1.91783E+02
9.41152E+00	1000260560	1.02698E+04	1000260560	1.02698E+04
7.55846E-01	1000260560	6.71114E+03	1000260560	6.71114E+03
8.55783E+00	1000250530	3.38091E+02	1000260560	3.57229E+02
1.23508E+00	1000260560	2.32358E+00	1000260560	2.32358E+00
3.68935E+00	1000260560	2.58850E+00	1000260560	2.58850E+00
8.55783E+00	1000010010	6.37030E+00	1000260560	3.57229E+02
7.35571E+00	1000260560	2.23811E+01	1000260560	2.23811E+01
2.51537E+00	1000260560	3.03238E+00	1000260560	3.03238E+00
8.55783E+00	1000010010	6.37030E+00	1000260560	3.57229E+02
5.23934E+00	1000260560	1.49050E+01	1000260560	1.49050E+01
8.55783E+00	1000010010	6.37908E+00	1000260560	3.57229E+02
4.93020E+00	1000260560	2.14424E+03	1000260560	2.14424E+03
4.51612E-02	1000260560	3.76300E+03	1000260560	3.76300E+03
1.85537E+00	1000260560	1.80931E+02	1000260560	1.80931E+02
8.08390E+00	1000240500	8.11113E+01	1000260560	9.08446E+01
1.71060E+00	1000260560	3.59361E+02	1000260560	3.59361E+02
2.42388E+00	1000260560	1.14175E+02	1000260560	1.14175E+02
1.91297E+00	1000260550	9.55031E+01	1000260560	9.72395E+01
8.08390E+00	1000010010	1.61999E+00	1000260560	9.08446E+01
1.91297E+00	1000010010	1.73403E+00	1000260560	9.72395E+01
8.08390E+00	1000010010	1.61999E+00	1000260560	9.08446E+01
8.08390E+00	1000010010	1.62223E+00	1000260560	9.08446E+01
5.76970E+00	1000260560	2.52122E+01	1000260560	2.52122E+01
3.83733E+00	1000260560	4.11878E+03	1000260560	4.11878E+03
8.08390E+00	1000010010	1.61999E+00	1000260560	9.08446E+01
2.10866E+00	1000260560	2.49654E+04	1000260560	2.49654E+04
8.08390E+00	1000010010	1.62223E+00	1000260560	9.08446E+01
1.57121E+00	1000260560	2.28059E+01	1000260560	2.28059E+01
3.63080E+00	1000260560	4.64993E+03	1000260560	4.64993E+03
8.08390E+00	1000010010	1.61999E+00	1000260560	9.08446E+01
3.55520E+00	1000260560	2.15662E+00	1000260560	2.15662E+00
9.55284E+00	1000260560	6.23836E+03	1000260560	6.23836E+03
2.81851E-01	1000260560	3.60881E+03	1000260560	3.60881E+03
2.78254E-01	1000260560	2.51282E+04	1000260560	2.51282E+04
6.30669E+00	1000260550	7.73802E+01	1000260560	7.87871E+01
3.01580E+00	1000260560	8.36275E+02	1000260560	8.36275E+02
6.30669E+00	1000010010	1.40498E+00	1000260560	7.87871E+01
2.51924E+00	1000260560	1.67325E+01	1000260560	1.67325E+01
7.65109E+00	1000260560	1.17342E+03	1000260560	1.17342E+03
6.61739E-01	1000260560	2.06258E+04	1000260560	2.06258E+04
2.41177E+00	1000260560	1.18489E+03	1000260560	1.18489E+03
5.35709E+00	1000260560	1.34140E+02	1000260560	1.34140E+02
7.08346E+00	1000260560	1.21247E+04	1000260560	1.21247E+04
3.87303E+00	1000260560	9.42877E+01	1000260560	9.42877E+01
8.99224E+00	1000260560	1.29877E+01	1000260560	1.29877E+01
8.87236E+00	1000260560	2.35634E+01	1000260560	2.35634E+01
3.40331E+00	1000260560	2.26829E+02	1000260560	2.26829E+02
3.85949E-01	1000260560	6.59655E+01	1000260560	6.59655E+01
7.38166E+00	1000260560	2.76614E+01	1000260560	2.76614E+01
1.87638E+00	1000260560	3.74842E+01	1000260560	3.74842E+01
7.95525E+00	1000260560	2.47329E+00	1000260560	2.47329E+00
6.77348E+00	1000260560	1.35051E+03	1000260560	1.35051E+03
4.54390E+00	1000260560	9.39433E+03	1000260560	9.39433E+03
6.42606E+00	1000260560	1.89671E+00	1000260560	1.89671E+00
