#	D	ID	E	ID0	E0
#
# D             Trajectory length [1 Mpc]
# ID/ID0/ID1    Particle type (PDG MC numbering scheme)
# E/E0/E1       Energy [1 EeV]
# no index = current, 0 = at source, 1 = at point of creation
#
# CRPropa version: -128-NOTFOUND
#
8.48441E+03	1000260560	1.23634E+20	1000260560	1.23634E+20
1.54424E+03	1000260560	2.49336E+19	1000260560	2.49336E+19
4.79427E+03	1000260560	2.89534E+20	1000260560	2.89534E+20
3.69890E+03	1000260560	1.46988E+21	1000260560	1.46988E+21
4.01344E+03	1000260560	1.78396E+20	1000260560	1.78396E+20
7.72271E+02	1000260560	5.35729E+20	1000260560	5.35729E+20
1.59381E+02	1000260560	2.38650E+19	1000260560	2.38650E+19
1.91502E+03	1000260560	1.45969E+20	1000260560	1.45969E+20
7.65177E+03	1000260560	2.63180E+21	1000260560	2.63180E+21
1.09210E+03	1000260560	6.04616E+19	1000260560	6.04616E+19
1.40687E+03	1000260560	9.11113E+20	1000260560	9.11113E+20
4.79394E+02	1000260560	1.35881E+21	1000260560	1.35881E+21
4.92162E+03	1000260560	1.37405E+20	1000260560	1.37405E+20
8.30332E+03	1000260560	2.59591E+21	1000260560	2.59591E+21
1.13392E+02	1000260560	1.43478E+19	1000260560	1.43478E+19
2.97715E+03	1000260560	1.35919E+19	1000260560	1.35919E+19
8.28628E+02	1000260560	4.87280E+21	1000260560	4.87280E+21
2.52758E+03	1000260560	1.25686E+20	1000260560	1.25686E+20
2.88615E+03	1000260560	2.47866E+20	1000260560	2.47866E+20
3.48734E+03	1000260560	1.46728E+20	1000260560	1.46728E+20
8.92463E+02	1000260560	3.10680E+21	1000260560	3.10680E+21
4.73743E+03	1000260560	6.94427E+19	1000260560	6.94427E+19
2.28075E+03	1000260560	9.93677E+20	1000260560	9.93677E+20
4.66933E+03	1000260560	1.14339E+19	1000260560	1.14339E+19
3.76650E+03	1000260560	1.00601E+19	1000260560	1.00601E+19
1.05540E+03	1000260560	4.24168E+20	1000260560	4.24168E+20
2.70618E+03	1000260560	4.19305E+20	1000260560	4.19305E+20
7.12669E+02	1000260560	2.03275E+19	1000260560	2.03275E+19
3.22784E+03	1000260560	1.38931E+21	1000260560	1.38931E+21
5.61251E+02	1000260560	1.13762E+20	1000260560	1.13762E+20
6.29634E+03	1000260560	2.38739E+20	1000260560	2.38739E+20
9.57155E+03	1000260560	6.73859E+20	1000260560	6.73859E+20
6.03079E+03	1000260560	1.25334E+19	1000260560	1.25334E+19
1.34635E+02	1000260560	1.12627E+19	1000260560	1.12627E+19
2.58437E+02	1000260560	1.34122E+21	1000260560	1.34122E+21
6.98896E+02	1000260560	1.25475E+20	1000260560	1.25475E+20
2.21933E+03	1000260560	1.10425E+19	1000260560	1.10425E+19
2.44094E+03	1000260560	4.07266E+19	1000260560	4.07266E+19
1.07118E+03	1000260560	1.08328E+20	1000260560	1.08328E+20
4.23516E+03	1000260560	2.03218E+19	1000260560	2.03218E+19
1.30583E+03	1000260560	2.11726E+20	1000260560	2.11726E+20
9.41586E+02	1000260560	1.18895E+19	1000260560	1.18895E+19
2.65236E+03	1000260560	7.85060E+19	1000260560	7.85060E+19
3.77078E+03	1000260560	2.20678E+19	1000260560	2.20678E+19
9.36051E+02	1000260560	3.11798E+21	1000260560	3.11798E+21
5.21902E+02	1000260560	1.07473E+20	1000260560	1.07473E+20
3.36592E+03	1000260560	8.85238E+19	1000260560	8.85238E+19
7.67652E+03	1000260560	1.54526E+21	1000260560	1.54526E+21
5.11551E+03	1000260560	2.42718E+21	1000260560	2.42718E+21
4.92502E+03	1000260560	6.01792E+20	1000260560	6.01792E+20
2.05822E+02	1000260560	8.61579E+20	1000260560	8.61579E+20
4.13169E+02	1000260560	1.65089E+20	1000260560	1.65089E+20
3.25616E+03	1000260560	1.18462E+20	1000260560	1.18462E+20
4.32172E+02	1000260560	1.23671E+19	1000260560	1.23671E+19
4.54865E+03	1000260560	2.43751E+21	1000260560	2.43751E+21
2.27668E+02	1000260560	1.61681E+21	1000260560	1.61681E+21
9.55586E+03	1000260560	1.52931E+19	1000260560	1.52931E+19
1.86667E+03	1000260560	1.94404E+20	1000260560	1.94404E+20
7.76991E+02	1000260560	4.57858E+19	1000260560	4.57858E+19
5.60531E+03	1000260560	1.26277E+19	1000260560	1.26277E+19
2.76261E+03	1000260560	4.43460E+20	1000260560	4.43460E+20
2.86370E+03	1000260560	1.67134E+19	1000260560	1.67134E+19
2.25398E+03	1000260560	2.29283E+20	1000260560	2.29283E+20
5.95940E+03	1000260560	2.93333E+20	1000260560	2.93333E+20
1.71292E+02	1000260560	9.42707E+19	1000260560	9.42707E+19
6.10885E+03	1000260560	3.86377E+21	1000260560	3.86377E+21
2.57630E+02	1000260560	6.08289E+21	1000260560	6.08289E+21
1.53632E+03	1000260560	8.65564E+18	1000260560	8.65564E+18
4.84664E+03	1000260560	3.04761E+19	1000260560	3.04761E+19
4.66298E+03	1000260560	7.30048E+18	1000260560	7.30048E+18
2.19475E+03	1000260560	1.46806E+21	1000260560	1.46806E+21
2.61527E+03	1000260560	2.63826E+20	1000260560	2.63826E+20
5.38424E+03	1000260560	2.12985E+20	1000260560	2.12985E+20
2.98283E+03	1000260560	4.18998E+21	1000260560	4.18998E+21
1.54725E+02	1000260560	3.69104E+20	1000260560	3.69104E+20
4.68535E+02	1000260560	1.05562E+19	1000260560	1.05562E+19
3.75622E+03	1000260560	1.88741E+20	1000260560	1.88741E+20
2.08007E+02	1000260560	2.14077E+21	1000260560	2.14077E+21
2.32377E+02	1000260560	7.73874E+18	1000260560	7.73874E+18
1.89464E+03	1000260560	8.89574E+20	1000260560	8.89574E+20
8.33982E+02	1000260560	2.38286E+21	1000260560	2.38286E+21
3.18050E+03	1000260560	2.84053E+19	1000260560	2.84053E+19
2.69660E+03	1000260560	1.85823E+21	1000260560	1.85823E+21
7.97764E+03	1000260560	1.43700E+20	1000260560	1.43700E+20
4.55846E+03	1000260560	4.48268E+19	1000260560	4.48268E+19
2.67117E+03	1000260560	2.01293E+20	1000260560	2.01293E+20
6.92986E+03	1000260560	1.88877E+21	1000260560	1.88877E+21
6.15869E+03	1000260560	1.51929E+19	1000260560	1.51929E+19
8.46108E+02	1000260560	2.66996E+21	1000260560	2.66996E+21
1.85505E+03	1000260560	3.66086E+21	1000260560	3.66086E+21
1.34392E+03	1000260560	5.16417E+20	1000260560	5.16417E+20
1.59170E+03	1000260560	3.47557E+21	1000260560	3.47557E+21
1.36904E+03	1000260560	7.46737E+18	1000260560	7.46737E+18
1.39156E+03	1000260560	1.26287E+20	1000260560	1.26287E+20
8.90640E+02	1000260560	3.30717E+21	1000260560	3.30717E+21
1.83491E+03	1000260560	2.25701E+19	1000260560	2.25701E+19
1.40564E+03	1000260560	6.44982E+18	1000260560	6.44982E+18
7.96598E+03	1000260560	2.19304E+20	1000260560	2.19304E+20
1.72142E+03	1000260560	2.79584E+19	1000260560	2.79584E+19
1.48194E+03	1000260560	3.72805E+20	1000260560	3.72805E+20
9.26289E+02	1000260560	1.67676E+20	1000260560	1.67676E+20
2.29153E+02	1000260560	4.51956E+20	1000260560	4.51956E+20
1.17137E+03	1000260560	2.20485E+19	1000260560	2.20485E+19
5.10045E+03	1000260560	8.27582E+20	1000260560	8.27582E+20
3.35775E+03	1000260560	8.83050E+20	1000260560	8.83050E+20
7.31289E+03	1000260560	2.89231E+20	1000260560	2.89231E+20
6.81693E+03	1000260560	1.06807E+20	1000260560	1.06807E+20
2.23900E+03	1000260560	4.26262E+21	1000260560	4.26262E+21
2.07395E+03	1000260560	7.40518E+20	1000260560	7.40518E+20
4.49372E+03	1000260560	9.13307E+19	1000260560	9.13307E+19
2.79598E+03	1000260560	2.16605E+21	1000260560	2.16605E+21
4.43619E+03	1000260560	4.31322E+19	1000260560	4.31322E+19
1.03820E+03	1000260560	1.15764E+21	1000260560	1.15764E+21
1.05596E+03	1000260560	5.77394E+19	1000260560	5.77394E+19
6.70407E+02	1000260560	6.59617E+18	1000260560	6.59617E+18
1.59966E+03	1000260560	1.13422E+20	1000260560	1.13422E+20
1.18957E+03	1000260560	8.76492E+20	1000260560	8.76492E+20
3.86004E+03	1000260560	5.06845E+21	1000260560	5.06845E+21
1.38835E+03	1000260560	1.31010E+21	1000260560	1.31010E+21
9.77444E+02	1000260560	1.84326E+19	1000260560	1.84326E+19
2.79053E+03	1000260560	5.34727E+19	1000260560	5.34727E+19
8.46160E+02	1000260560	2.15795E+19	1000260560	2.15795E+19
9.91239E+02	1000260560	5.63504E+20	1000260560	5.63504E+20
5.47926E+03	1000260560	1.09054E+19	1000260560	1.09054E+19
3.26023E+03	1000260560	4.91504E+21	1000260560	4.91504E+21
1.87981E+03	1000260560	8.24292E+19	1000260560	8.24292E+19
3.62670E+03	1000260560	1.07455E+19	1000260560	1.07455E+19
2.35358E+03	1000260560	1.33642E+21	1000260560	1.33642E+21
5.54032E+03	1000260560	1.54983E+21	1000260560	1.54983E+21
5.84486E+02	1000260560	4.76759E+19	1000260560	4.76759E+19
8.60871E+02	1000260560	9.23314E+19	1000260560	9.23314E+19
2.68885E+02	1000260560	1.32184E+20	1000260560	1.32184E+20
2.29499E+03	1000260560	4.18778E+19	1000260560	4.18778E+19
6.69912E+03	1000260560	1.69867E+19	1000260560	1.69867E+19
5.96972E+03	1000260560	9.16426E+19	1000260560	9.16426E+19
4.65330E+03	1000260560	2.72435E+19	1000260560	2.72435E+19
8.77856E+02	1000260560	1.45705E+20	1000260560	1.45705E+20
6.37440E+02	1000260560	2.92971E+21	1000260560	2.92971E+21
8.89899E+03	1000260560	1.12062E+21	1000260560	1.12062E+21
5.22128E+03	1000260560	1.56617E+21	1000260560	1.56617E+21
6.01129E+02	1000260560	2.75262E+21	1000260560	2.75262E+21
4.45241E+03	1000260560	3.51349E+20	1000260560	3.51349E+20
2.58892E+03	1000260560	4.34824E+21	1000260560	4.34824E+21
2.92134E+03	1000260560	1.19484E+19	1000260560	1.19484E+19
1.03715E+03	1000260560	1.35102E+19	1000260560	1.35102E+19
4.90553E+03	1000260560	5.17331E+21	1000260560	5.17331E+21
2.77610E+03	1000260560	1.77457E+19	1000260560	1.77457E+19
2.02747E+03	1000260560	6.01958E+20	1000260560	6.01958E+20
3.48309E+03	1000260560	1.03240E+19	1000260560	1.03240E+19
6.82671E+03	1000260560	6.64755E+18	1000260560	6.64755E+18
5.84154E+02	1000260560	2.25872E+19	1000260560	2.25872E+19
1.01691E+02	1000260560	5.56188E+20	1000260560	5.56188E+20
4.90874E+03	1000260560	6.59580E+18	1000260560	6.59580E+18
5.70136E+03	1000260560	1.29364E+21	1000260560	1.29364E+21
6.06452E+03	1000260560	5.25713E+20	1000260560	5.25713E+20
9.97103E+02	1000260560	6.93254E+18	1000260560	6.93254E+18
1.71713E+02	1000260560	5.50155E+20	1000260560	5.50155E+20
4.82010E+03	1000260560	3.21869E+19	1000260560	3.21869E+19
5.41623E+03	1000260560	3.61669E+19	1000260560	3.61669E+19
1.48318E+03	1000260560	8.79179E+18	1000260560	8.79179E+18
6.08862E+03	1000260560	7.81541E+20	1000260560	7.81541E+20
5.09741E+03	1000260560	1.25249E+19	1000260560	1.25249E+19
2.11913E+03	1000260560	4.96219E+20	1000260560	4.96219E+20
9.13295E+03	1000260560	3.93546E+19	1000260560	3.93546E+19
1.85577E+03	1000260560	4.08049E+21	1000260560	4.08049E+21
6.23955E+03	1000260560	4.56555E+20	1000260560	4.56555E+20
2.36083E+02	1000260560	3.05106E+19	1000260560	3.05106E+19
3.99740E+03	1000260560	2.23602E+19	1000260560	2.23602E+19
1.23448E+03	1000260560	1.50116E+21	1000260560	1.50116E+21
4.19803E+02	1000260560	1.61702E+20	1000260560	1.61702E+20
1.70134E+03	1000260560	1.31310E+21	1000260560	1.31310E+21
1.91841E+03	1000260560	7.14775E+20	1000260560	7.14775E+20
2.62308E+02	1000260560	1.78242E+21	1000260560	1.78242E+21
1.63421E+02	1000260560	4.51509E+19	1000260560	4.51509E+19
2.14923E+03	1000260560	6.87812E+18	1000260560	6.87812E+18
3.18532E+03	1000260560	1.08459E+21	1000260560	1.08459E+21
7.65113E+02	1000260560	1.96076E+19	1000260560	1.96076E+19
6.22992E+02	1000260560	6.74323E+18	1000260560	6.74323E+18
5.37219E+02	1000260560	2.15894E+19	1000260560	2.15894E+19
3.37211E+03	1000260560	1.37736E+21	1000260560	1.37736E+21
3.11321E+02	1000260560	8.39152E+20	1000260560	8.39152E+20
3.88787E+03	1000260560	5.63428E+21	1000260560	5.63428E+21
1.74807E+03	1000260560	5.42539E+21	1000260560	5.42539E+21
2.09213E+03	1000260560	1.81209E+21	1000260560	1.81209E+21
1.75989E+03	1000260560	4.04411E+21	1000260560	4.04411E+21
8.23659E+03	1000260560	1.48036E+19	1000260560	1.48036E+19
2.31695E+02	1000260560	2.74821E+21	1000260560	2.74821E+21
9.82530E+02	1000260560	9.01793E+18	1000260560	9.01793E+18
3.16956E+03	1000260560	1.66175E+21	1000260560	1.66175E+21
2.56103E+03	1000260560	2.74960E+21	1000260560	2.74960E+21
1.09825E+03	1000260560	3.28678E+20	1000260560	3.28678E+20
6.91495E+02	1000260560	1.39321E+19	1000260560	1.39321E+19
4.21292E+03	1000260560	1.88186E+20	1000260560	1.88186E+20
8.23877E+02	1000260560	2.77888E+19	1000260560	2.77888E+19
6.82523E+02	1000260560	1.19992E+21	1000260560	1.19992E+21
8.97740E+02	1000260560	1.64127E+21	1000260560	1.64127E+21
3.29207E+03	1000260560	4.04722E+21	1000260560	4.04722E+21
9.92674E+02	1000260560	8.27803E+18	1000260560	8.27803E+18
1.42903E+02	1000260560	2.37929E+20	1000260560	2.37929E+20
4.15643E+03	1000260560	1.21084E+19	1000260560	1.21084E+19
1.77225E+03	1000260560	2.67852E+19	1000260560	2.67852E+19
2.73366E+02	1000260560	7.55158E+19	1000260560	7.55158E+19
1.70481E+03	1000260560	4.23177E+21	1000260560	4.23177E+21
9.61247E+02	1000260560	1.22703E+19	1000260560	1.22703E+19
8.71999E+03	1000260560	3.92581E+19	1000260560	3.92581E+19
6.98209E+03	1000260560	1.21917E+20	1000260560	1.21917E+20
3.55410E+03	1000260560	5.68666E+20	1000260560	5.68666E+20
5.08481E+03	1000260560	4.88005E+21	1000260560	4.88005E+21
3.39318E+03	1000260560	5.51627E+21	1000260560	5.51627E+21
3.07883E+03	1000260560	4.02681E+19	1000260560	4.02681E+19
4.79119E+02	1000260560	2.81214E+19	1000260560	2.81214E+19
9.70841E+03	1000260560	1.69189E+20	1000260560	1.69189E+20
2.25952E+03	1000260560	8.21875E+19	1000260560	8.21875E+19
7.58301E+03	1000260560	2.84961E+20	1000260560	2.84961E+20
1.16886E+03	1000260560	4.89151E+20	1000260560	4.89151E+20
5.28662E+03	1000260560	1.30346E+20	1000260560	1.30346E+20
4.42093E+03	1000260560	2.85561E+21	1000260560	2.85561E+21
4.83165E+03	1000260560	5.77760E+21	1000260560	5.77760E+21
3.97028E+03	1000260560	2.28928E+19	1000260560	2.28928E+19
9.86948E+03	1000260560	6.04537E+19	1000260560	6.04537E+19
2.07186E+03	1000260560	5.60945E+19	1000260560	5.60945E+19
7.77968E+03	1000260560	3.94046E+20	1000260560	3.94046E+20
4.88024E+03	1000260560	1.10693E+20	1000260560	1.10693E+20
2.97196E+03	1000260560	8.49124E+18	1000260560	8.49124E+18
8.72465E+02	1000260560	1.98081E+19	1000260560	1.98081E+19
1.89260E+03	1000260560	1.70372E+20	1000260560	1.70372E+20
8.14612E+03	1000260560	9.35998E+20	1000260560	9.35998E+20
2.55274E+03	1000260560	1.10858E+19	1000260560	1.10858E+19
2.84368E+02	1000260560	8.00063E+18	1000260560	8.00063E+18
1.33531E+03	1000260560	2.93316E+21	1000260560	2.93316E+21
8.07643E+03	1000260560	7.16160E+18	1000260560	7.16160E+18
1.05495E+03	1000260560	2.06494E+21	1000260560	2.06494E+21
2.72398E+03	1000260560	6.15152E+21	1000260560	6.15152E+21
6.14829E+03	1000260560	7.17376E+18	1000260560	7.17376E+18
1.38884E+03	1000260560	1.32502E+21	1000260560	1.32502E+21
4.68075E+03	1000260560	5.80377E+21	1000260560	5.80377E+21
3.98345E+03	1000260560	3.52424E+20	1000260560	3.52424E+20
5.93278E+03	1000260560	1.65429E+19	1000260560	1.65429E+19
3.01433E+03	1000260560	8.23389E+18	1000260560	8.23389E+18
3.21305E+03	1000260560	5.67351E+20	1000260560	5.67351E+20
4.54476E+03	1000260560	6.82602E+20	1000260560	6.82602E+20
1.68242E+03	1000260560	3.58495E+19	1000260560	3.58495E+19
1.93624E+03	1000260560	1.67998E+21	1000260560	1.67998E+21
2.74440E+03	1000260560	1.52593E+21	1000260560	1.52593E+21
1.55666E+03	1000260560	3.95440E+20	1000260560	3.95440E+20
9.74953E+03	1000260560	1.74246E+21	1000260560	1.74246E+21
3.16676E+03	1000260560	1.04587E+21	1000260560	1.04587E+21
4.11636E+03	1000260560	1.86044E+19	1000260560	1.86044E+19
1.19648E+03	1000260560	4.20590E+19	1000260560	4.20590E+19
2.14437E+03	1000260560	1.60642E+21	1000260560	1.60642E+21
8.01978E+03	1000260560	2.03794E+19	1000260560	2.03794E+19
2.17282E+03	1000260560	2.66906E+19	1000260560	2.66906E+19
3.75847E+03	1000260560	3.82934E+20	1000260560	3.82934E+20
8.05921E+03	1000260560	8.39295E+19	1000260560	8.39295E+19
4.94514E+02	1000260560	8.74120E+18	1000260560	8.74120E+18
2.35081E+03	1000260560	7.01784E+19	1000260560	7.01784E+19
3.20663E+03	1000260560	7.49742E+18	1000260560	7.49742E+18
5.48451E+03	1000260560	2.35430E+21	1000260560	2.35430E+21
1.40037E+03	1000260560	6.20228E+20	1000260560	6.20228E+20
2.78817E+03	1000260560	6.75806E+18	1000260560	6.75806E+18
2.39099E+03	1000260560	1.72656E+20	1000260560	1.72656E+20
1.55057E+03	1000260560	7.78416E+20	1000260560	7.78416E+20
6.52877E+03	1000260560	1.32045E+21	1000260560	1.32045E+21
4.47556E+03	1000260560	5.08839E+20	1000260560	5.08839E+20
5.97736E+02	1000260560	3.05472E+19	1000260560	3.05472E+19
3.93323E+03	1000260560	6.76081E+20	1000260560	6.76081E+20
8.20959E+03	1000260560	4.48936E+19	1000260560	4.48936E+19
3.88780E+03	1000260560	2.93641E+19	1000260560	2.93641E+19
1.78948E+03	1000260560	4.99069E+20	1000260560	4.99069E+20
1.11268E+03	1000260560	2.02558E+19	1000260560	2.02558E+19
2.20999E+03	1000260560	2.50013E+21	1000260560	2.50013E+21
2.85253E+03	1000260560	1.15517E+21	1000260560	1.15517E+21
1.37856E+03	1000260560	5.42691E+19	1000260560	5.42691E+19
5.70166E+03	1000260560	2.27951E+19	1000260560	2.27951E+19
4.74986E+03	1000260560	3.99006E+21	1000260560	3.99006E+21
2.50616E+03	1000260560	4.24035E+20	1000260560	4.24035E+20
7.97509E+03	1000260560	1.37625E+21	1000260560	1.37625E+21
2.69607E+03	1000260560	2.21625E+20	1000260560	2.21625E+20
6.23776E+03	1000260560	7.19887E+20	1000260560	7.19887E+20
1.18444E+03	1000260560	9.43643E+18	1000260560	9.43643E+18
1.50512E+03	1000260560	4.03043E+20	1000260560	4.03043E+20
5.68575E+03	1000260560	1.38175E+21	1000260560	1.38175E+21
2.82851E+03	1000260560	5.15457E+20	1000260560	5.15457E+20
5.60477E+03	1000260560	4.06736E+20	1000260560	4.06736E+20
8.51209E+03	1000260560	8.32843E+18	1000260560	8.32843E+18
3.04024E+02	1000260560	7.37228E+20	1000260560	7.37228E+20
4.91541E+03	1000260560	9.18049E+20	1000260560	9.18049E+20
7.04012E+02	1000260560	1.13641E+19	1000260560	1.13641E+19
5.04388E+03	1000260560	9.24050E+19	1000260560	9.24050E+19
8.21012E+02	1000260560	6.74736E+19	1000260560	6.74736E+19
5.02964E+03	1000260560	3.23863E+20	1000260560	3.23863E+20
6.19584E+03	1000260560	8.65234E+18	1000260560	8.65234E+18
2.96287E+02	1000260560	5.83117E+21	1000260560	5.83117E+21
1.31845E+03	1000260560	3.37365E+21	1000260560	3.37365E+21
5.09905E+03	1000260560	7.27133E+18	1000260560	7.27133E+18
7.25080E+03	1000260560	1.73711E+21	1000260560	1.73711E+21
1.22480E+03	1000260560	6.58066E+19	1000260560	6.58066E+19
2.26488E+03	1000260560	5.39632E+21	1000260560	5.39632E+21
2.78539E+03	1000260560	4.23374E+19	1000260560	4.23374E+19
5.00028E+03	1000260560	1.23170E+19	1000260560	1.23170E+19
8.07189E+03	1000260560	2.76876E+20	1000260560	2.76876E+20
7.10198E+03	1000260560	2.30721E+21	1000260560	2.30721E+21
3.31378E+03	1000260560	8.94461E+19	1000260560	8.94461E+19
7.17304E+03	1000260560	4.46748E+19	1000260560	4.46748E+19
1.59810E+03	1000260560	7.52887E+20	1000260560	7.52887E+20
2.48389E+03	1000260560	2.08307E+20	1000260560	2.08307E+20
2.48001E+03	1000260560	1.09028E+19	1000260560	1.09028E+19
2.68985E+03	1000260560	2.83290E+19	1000260560	2.83290E+19
3.24680E+02	1000260560	2.13639E+19	1000260560	2.13639E+19
6.55527E+03	1000260560	2.38676E+21	1000260560	2.38676E+21
5.54219E+03	1000260560	5.22822E+21	1000260560	5.22822E+21
2.08665E+03	1000260560	9.95917E+19	1000260560	9.95917E+19
1.52316E+03	1000260560	9.66303E+20	1000260560	9.66303E+20
9.98074E+03	1000260560	4.32104E+19	1000260560	4.32104E+19
3.85532E+02	1000260560	6.03142E+20	1000260560	6.03142E+20
1.09429E+03	1000260560	3.25576E+21	1000260560	3.25576E+21
9.59930E+02	1000260560	7.10924E+20	1000260560	7.10924E+20
5.26832E+03	1000260560	6.96813E+20	1000260560	6.96813E+20
6.47935E+03	1000260560	1.16592E+20	1000260560	1.16592E+20
3.21379E+03	1000260560	5.03004E+20	1000260560	5.03004E+20
3.42581E+03	1000260560	2.63372E+19	1000260560	2.63372E+19
2.44266E+03	1000260560	1.02534E+19	1000260560	1.02534E+19
2.24379E+03	1000260560	6.67228E+18	1000260560	6.67228E+18
9.49429E+03	1000260560	1.63066E+21	1000260560	1.63066E+21
2.25847E+03	1000260560	1.15344E+20	1000260560	1.15344E+20
5.82505E+03	1000260560	1.34965E+19	1000260560	1.34965E+19
3.81023E+03	1000260560	1.11035E+21	1000260560	1.11035E+21
6.24991E+03	1000260560	1.72939E+21	1000260560	1.72939E+21
5.27628E+03	1000260560	7.52198E+18	1000260560	7.52198E+18
4.76227E+03	1000260560	4.03831E+19	1000260560	4.03831E+19
1.39608E+03	1000260560	5.83672E+21	1000260560	5.83672E+21
4.30022E+03	1000260560	1.11693E+19	1000260560	1.11693E+19
4.52133E+03	1000260560	7.58378E+18	1000260560	7.58378E+18
1.91285E+03	1000260560	7.10839E+20	1000260560	7.10839E+20
2.29241E+02	1000260560	1.09785E+20	1000260560	1.09785E+20
2.83726E+03	1000260560	3.03777E+19	1000260560	3.03777E+19
1.52883E+03	1000260560	1.14931E+19	1000260560	1.14931E+19
5.68734E+03	1000260560	9.31033E+20	1000260560	9.31033E+20
3.55412E+03	1000260560	3.93802E+19	1000260560	3.93802E+19
5.75850E+03	1000260560	8.35076E+18	1000260560	8.35076E+18
7.98661E+03	1000260560	1.07218E+19	1000260560	1.07218E+19
9.33061E+03	1000260560	5.32678E+20	1000260560	5.32678E+20
1.39498E+03	1000260560	5.93261E+19	1000260560	5.93261E+19
3.65219E+03	1000260560	3.90921E+20	1000260560	3.90921E+20
6.60007E+03	1000260560	3.21256E+19	1000260560	3.21256E+19
8.29687E+02	1000260560	3.53003E+19	1000260560	3.53003E+19
4.89844E+03	1000260560	9.07006E+18	1000260560	9.07006E+18
1.61195E+03	1000260560	3.51697E+19	1000260560	3.51697E+19
2.80680E+03	1000260560	3.42330E+21	1000260560	3.42330E+21
6.80266E+02	1000260560	1.48495E+21	1000260560	1.48495E+21
4.47274E+03	1000260560	3.81592E+20	1000260560	3.81592E+20
2.13302E+03	1000260560	3.81201E+21	1000260560	3.81201E+21
1.89026E+03	1000260560	4.54504E+20	1000260560	4.54504E+20
1.96649E+03	1000260560	1.92091E+19	1000260560	1.92091E+19
2.10315E+03	1000260560	4.25587E+21	1000260560	4.25587E+21
2.96438E+03	1000260560	3.14356E+19	1000260560	3.14356E+19
5.12872E+03	1000260560	4.93625E+21	1000260560	4.93625E+21
4.05866E+03	1000260560	8.13668E+18	1000260560	8.13668E+18
3.52822E+03	1000260560	2.98008E+21	1000260560	2.98008E+21
5.35047E+03	1000260560	2.95563E+20	1000260560	2.95563E+20
4.45698E+03	1000260560	8.02114E+20	1000260560	8.02114E+20
3.14108E+03	1000260560	2.29344E+21	1000260560	2.29344E+21
3.71669E+03	1000260560	2.32377E+21	1000260560	2.32377E+21
9.70492E+03	1000260560	3.28334E+21	1000260560	3.28334E+21
8.62626E+02	1000260560	8.22884E+19	1000260560	8.22884E+19
3.72807E+03	1000260560	1.34636E+21	1000260560	1.34636E+21
1.12067E+03	1000260560	2.20858E+21	1000260560	2.20858E+21
3.03510E+03	1000260560	9.98481E+20	1000260560	9.98481E+20
1.44128E+03	1000260560	2.64881E+19	1000260560	2.64881E+19
4.69797E+03	1000260560	5.02279E+20	1000260560	5.02279E+20
8.94596E+02	1000260560	1.73864E+19	1000260560	1.73864E+19
3.44911E+02	1000260560	1.21173E+21	1000260560	1.21173E+21
4.82572E+03	1000260560	1.21301E+21	1000260560	1.21301E+21
3.90291E+03	1000260560	9.07112E+20	1000260560	9.07112E+20
3.55642E+02	1000260560	5.58265E+21	1000260560	5.58265E+21
2.02198E+03	1000260560	6.37343E+19	1000260560	6.37343E+19
6.95399E+03	1000260560	4.38309E+20	1000260560	4.38309E+20
8.14297E+03	1000260560	1.69041E+21	1000260560	1.69041E+21
2.48075E+03	1000260560	1.13005E+19	1000260560	1.13005E+19
7.03021E+02	1000260560	3.30651E+21	1000260560	3.30651E+21
2.38829E+03	1000260560	5.57987E+20	1000260560	5.57987E+20
3.85682E+03	1000260560	1.38447E+20	1000260560	1.38447E+20
2.54399E+03	1000260560	4.08333E+21	1000260560	4.08333E+21
9.22534E+03	1000260560	5.61234E+19	1000260560	5.61234E+19
4.66988E+03	1000260560	3.47225E+20	1000260560	3.47225E+20
3.81684E+03	1000260560	2.76262E+20	1000260560	2.76262E+20
2.94959E+03	1000260560	6.17929E+19	1000260560	6.17929E+19
6.25762E+03	1000260560	7.70793E+18	1000260560	7.70793E+18
6.61165E+03	1000260560	5.67356E+21	1000260560	5.67356E+21
1.97013E+02	1000260560	1.12047E+21	1000260560	1.12047E+21
7.43661E+02	1000260560	1.46659E+21	1000260560	1.46659E+21
5.31293E+03	1000260560	5.70075E+21	1000260560	5.70075E+21
6.56190E+03	1000260560	6.69562E+20	1000260560	6.69562E+20
2.50509E+03	1000260560	2.78333E+20	1000260560	2.78333E+20
5.42215E+03	1000260560	7.40315E+18	1000260560	7.40315E+18
2.52561E+03	1000260560	6.81728E+19	1000260560	6.81728E+19
1.42656E+03	1000260560	9.71555E+19	1000260560	9.71555E+19
3.04176E+03	1000260560	8.45407E+19	1000260560	8.45407E+19
1.10703E+02	1000260560	1.31064E+19	1000260560	1.31064E+19
5.05055E+03	1000260560	3.22911E+19	1000260560	3.22911E+19
5.78352E+03	1000260560	6.32488E+19	1000260560	6.32488E+19
1.16046E+03	1000260560	1.96837E+19	1000260560	1.96837E+19
3.47248E+03	1000260560	8.03330E+18	1000260560	8.03330E+18
1.88327E+03	1000260560	3.84873E+19	1000260560	3.84873E+19
4.65592E+03	1000260560	6.42874E+20	1000260560	6.42874E+20
2.82418E+03	1000260560	1.06667E+20	1000260560	1.06667E+20
1.15628E+03	1000260560	1.14218E+21	1000260560	1.14218E+21
3.10678E+02	1000260560	7.58077E+18	1000260560	7.58077E+18
1.47543E+03	1000260560	7.78631E+20	1000260560	7.78631E+20
4.72128E+03	1000260560	6.82145E+20	1000260560	6.82145E+20
1.99741E+03	1000260560	1.46990E+21	1000260560	1.46990E+21
6.15513E+03	1000260560	3.61585E+19	1000260560	3.61585E+19
5.41204E+03	1000260560	1.20460E+19	1000260560	1.20460E+19
5.14864E+03	1000260560	2.22639E+20	1000260560	2.22639E+20
5.16103E+03	1000260560	1.55771E+20	1000260560	1.55771E+20
8.15708E+02	1000260560	9.36534E+20	1000260560	9.36534E+20
2.04975E+03	1000260560	1.36530E+21	1000260560	1.36530E+21
9.64774E+02	1000260560	2.16112E+21	1000260560	2.16112E+21
2.92050E+03	1000260560	5.95966E+21	1000260560	5.95966E+21
4.78093E+03	1000260560	4.90366E+19	1000260560	4.90366E+19
2.38192E+03	1000260560	3.62827E+21	1000260560	3.62827E+21
2.12407E+03	1000260560	2.17301E+20	1000260560	2.17301E+20
4.77838E+03	1000260560	1.87235E+19	1000260560	1.87235E+19
4.56458E+03	1000260560	3.19036E+19	1000260560	3.19036E+19
2.10748E+03	1000260560	3.01971E+21	1000260560	3.01971E+21
3.04451E+03	1000260560	1.46484E+19	1000260560	1.46484E+19
1.53265E+02	1000260560	2.83901E+20	1000260560	2.83901E+20
7.85184E+03	1000260560	3.40775E+19	1000260560	3.40775E+19
4.65048E+03	1000260560	2.92711E+19	1000260560	2.92711E+19
2.16593E+02	1000260560	2.75156E+20	1000260560	2.75156E+20
2.94255E+03	1000260560	2.96202E+20	1000260560	2.96202E+20
2.33999E+03	1000260560	5.70334E+20	1000260560	5.70334E+20
3.98020E+03	1000260560	5.17007E+19	1000260560	5.17007E+19
5.30077E+03	1000260560	1.14520E+19	1000260560	1.14520E+19
6.10242E+03	1000260560	1.29370E+19	1000260560	1.29370E+19
1.40731E+03	1000260560	2.28560E+21	1000260560	2.28560E+21
1.78131E+03	1000260560	9.83674E+20	1000260560	9.83674E+20
7.22562E+02	1000260560	4.51614E+19	1000260560	4.51614E+19
2.16014E+03	1000260560	3.28930E+21	1000260560	3.28930E+21
2.39631E+03	1000260560	2.91222E+19	1000260560	2.91222E+19
5.11516E+03	1000260560	1.34798E+19	1000260560	1.34798E+19
4.62059E+03	1000260560	8.53470E+20	1000260560	8.53470E+20
8.99990E+03	1000260560	3.88349E+20	1000260560	3.88349E+20
3.19738E+03	1000260560	1.07189E+19	1000260560	1.07189E+19
2.81693E+03	1000260560	5.73507E+20	1000260560	5.73507E+20
1.00144E+02	1000260560	1.62361E+20	1000260560	1.62361E+20
3.85606E+03	1000260560	5.49230E+19	1000260560	5.49230E+19
3.34863E+03	1000260560	1.40636E+19	1000260560	1.40636E+19
2.50891E+03	1000260560	3.24912E+19	1000260560	3.24912E+19
4.64066E+03	1000260560	1.53532E+21	1000260560	1.53532E+21
3.82487E+02	1000260560	5.96726E+20	1000260560	5.96726E+20
7.82224E+03	1000260560	7.35121E+19	1000260560	7.35121E+19
1.66120E+03	1000260560	3.45636E+20	1000260560	3.45636E+20
9.12074E+03	1000260560	5.24453E+21	1000260560	5.24453E+21
6.48594E+03	1000260560	6.46899E+20	1000260560	6.46899E+20
1.07091E+03	1000260560	4.51207E+21	1000260560	4.51207E+21
3.56822E+03	1000260560	1.24807E+21	1000260560	1.24807E+21
1.68376E+03	1000260560	1.01491E+19	1000260560	1.01491E+19
3.50351E+03	1000260560	5.09845E+19	1000260560	5.09845E+19
3.46685E+03	1000260560	5.46927E+21	1000260560	5.46927E+21
1.04929E+03	1000260560	5.38267E+21	1000260560	5.38267E+21
4.09176E+03	1000260560	1.66227E+19	1000260560	1.66227E+19
1.93328E+02	1000260560	1.43018E+19	1000260560	1.43018E+19
5.83544E+03	1000260560	6.38032E+18	1000260560	6.38032E+18
8.51995E+03	1000260560	1.63664E+19	1000260560	1.63664E+19
5.69728E+03	1000260560	9.02214E+18	1000260560	9.02214E+18
4.96969E+03	1000260560	7.70357E+18	1000260560	7.70357E+18
2.95828E+03	1000260560	7.00395E+20	1000260560	7.00395E+20
3.78687E+03	1000260560	3.79700E+20	1000260560	3.79700E+20
3.80947E+03	1000260560	2.68321E+21	1000260560	2.68321E+21
7.03612E+03	1000260560	1.35404E+20	1000260560	1.35404E+20
4.08897E+03	1000260560	1.06048E+21	1000260560	1.06048E+21
3.95924E+03	1000260560	1.28538E+20	1000260560	1.28538E+20
3.48124E+03	1000260560	2.29731E+19	1000260560	2.29731E+19
5.18367E+03	1000260560	4.86732E+19	1000260560	4.86732E+19
5.61077E+03	1000260560	3.07467E+21	1000260560	3.07467E+21
6.23483E+03	1000260560	1.58571E+19	1000260560	1.58571E+19
9.92175E+02	1000260560	3.73125E+21	1000260560	3.73125E+21
6.82093E+03	1000260560	4.69366E+19	1000260560	4.69366E+19
2.20305E+03	1000260560	6.14846E+20	1000260560	6.14846E+20
7.48343E+02	1000260560	4.28934E+19	1000260560	4.28934E+19
1.14567E+03	1000260560	2.58201E+19	1000260560	2.58201E+19
1.63887E+03	1000260560	2.66537E+20	1000260560	2.66537E+20
5.85990E+03	1000260560	1.50700E+20	1000260560	1.50700E+20
8.24705E+03	1000260560	2.97853E+21	1000260560	2.97853E+21
2.40321E+03	1000260560	3.42823E+20	1000260560	3.42823E+20
3.84046E+02	1000260560	7.54239E+19	1000260560	7.54239E+19
5.73856E+03	1000260560	2.14148E+20	1000260560	2.14148E+20
9.54688E+03	1000260560	3.28838E+20	1000260560	3.28838E+20
6.67802E+02	1000260560	2.39182E+21	1000260560	2.39182E+21
4.98056E+02	1000260560	6.98554E+20	1000260560	6.98554E+20
4.92614E+03	1000260560	1.02213E+19	1000260560	1.02213E+19
2.95088E+02	1000260560	6.76440E+20	1000260560	6.76440E+20
2.15507E+03	1000260560	5.82944E+20	1000260560	5.82944E+20
7.09908E+03	1000260560	1.97252E+20	1000260560	1.97252E+20
1.47161E+03	1000260560	4.80297E+20	1000260560	4.80297E+20
3.66624E+03	1000260560	2.76835E+21	1000260560	2.76835E+21
2.14602E+03	1000260560	2.46557E+21	1000260560	2.46557E+21
9.37921E+03	1000260560	4.92248E+21	1000260560	4.92248E+21
3.09508E+03	1000260560	6.87527E+19	1000260560	6.87527E+19
9.78656E+03	1000260560	7.16811E+19	1000260560	7.16811E+19
4.22216E+03	1000260560	1.72906E+20	1000260560	1.72906E+20
3.34559E+03	1000260560	1.87857E+21	1000260560	1.87857E+21
4.04577E+03	1000260560	1.35763E+20	1000260560	1.35763E+20
3.42924E+03	1000260560	1.79055E+21	1000260560	1.79055E+21
2.56014E+03	1000260560	4.18592E+19	1000260560	4.18592E+19
7.24464E+03	1000260560	2.10620E+21	1000260560	2.10620E+21
1.21522E+03	1000260560	9.47060E+20	1000260560	9.47060E+20
2.22674E+03	1000260560	1.01419E+20	1000260560	1.01419E+20
1.86494E+02	1000260560	2.38145E+20	1000260560	2.38145E+20
2.96412E+03	1000260560	2.73437E+21	1000260560	2.73437E+21
4.07688E+03	1000260560	4.44481E+19	1000260560	4.44481E+19
2.41714E+03	1000260560	2.37057E+19	1000260560	2.37057E+19
4.86575E+03	1000260560	2.02284E+19	1000260560	2.02284E+19
2.01940E+03	1000260560	1.97194E+19	1000260560	1.97194E+19
3.70941E+03	1000260560	6.81670E+19	1000260560	6.81670E+19
2.83357E+03	1000260560	1.89023E+20	1000260560	1.89023E+20
3.91299E+03	1000260560	4.03766E+21	1000260560	4.03766E+21
7.10501E+03	1000260560	1.25108E+21	1000260560	1.25108E+21
7.70909E+03	1000260560	7.55211E+18	1000260560	7.55211E+18
7.04026E+03	1000260560	3.60754E+21	1000260560	3.60754E+21
2.40636E+03	1000260560	5.73562E+19	1000260560	5.73562E+19
7.81717E+03	1000260560	1.63737E+21	1000260560	1.63737E+21
1.08364E+03	1000260560	1.29766E+20	1000260560	1.29766E+20
2.26072E+03	1000260560	1.78177E+21	1000260560	1.78177E+21
1.06626E+03	1000260560	2.21775E+21	1000260560	2.21775E+21
3.59913E+02	1000260560	8.48713E+18	1000260560	8.48713E+18
3.57189E+03	1000260560	3.22311E+19	1000260560	3.22311E+19
6.68662E+03	1000260560	3.83205E+21	1000260560	3.83205E+21
8.72089E+02	1000260560	7.13712E+19	1000260560	7.13712E+19
1.69236E+03	1000260560	1.18134E+19	1000260560	1.18134E+19
3.06569E+02	1000260560	3.07024E+19	1000260560	3.07024E+19
1.07608E+02	1000260560	1.67517E+21	1000260560	1.67517E+21
3.60564E+03	1000260560	4.58950E+21	1000260560	4.58950E+21
3.84832E+03	1000260560	3.26904E+19	1000260560	3.26904E+19
2.28335E+03	1000260560	5.71459E+19	1000260560	5.71459E+19
1.99034E+03	1000260560	2.64733E+20	1000260560	2.64733E+20
3.43206E+03	1000260560	3.54217E+19	1000260560	3.54217E+19
9.35915E+02	1000260560	9.81959E+19	1000260560	9.81959E+19
9.47908E+02	1000260560	1.43908E+20	1000260560	1.43908E+20
1.93057E+03	1000260560	1.63570E+19	1000260560	1.63570E+19
2.24432E+03	1000260560	5.41334E+19	1000260560	5.41334E+19
6.75611E+03	1000260560	1.30759E+20	1000260560	1.30759E+20
1.77370E+03	1000260560	3.99960E+21	1000260560	3.99960E+21
4.35054E+03	1000260560	3.10126E+20	1000260560	3.10126E+20
5.27733E+03	1000260560	1.31417E+19	1000260560	1.31417E+19
7.05618E+03	1000260560	3.45067E+20	1000260560	3.45067E+20
3.16662E+03	1000260560	4.32925E+20	1000260560	4.32925E+20
2.27224E+03	1000260560	3.83374E+21	1000260560	3.83374E+21
2.21809E+03	1000260560	2.80998E+19	1000260560	2.80998E+19
3.01649E+03	1000260560	1.44345E+21	1000260560	1.44345E+21
2.17185E+02	1000260560	5.14463E+20	1000260560	5.14463E+20
1.55379E+03	1000260560	2.80805E+20	1000260560	2.80805E+20
5.53075E+03	1000260560	4.11924E+21	1000260560	4.11924E+21
6.95583E+03	1000260560	7.38254E+19	1000260560	7.38254E+19
5.83485E+03	1000260560	2.40775E+21	1000260560	2.40775E+21
4.46706E+03	1000260560	4.57249E+21	1000260560	4.57249E+21
4.17003E+03	1000260560	6.43645E+19	1000260560	6.43645E+19
1.42381E+03	1000260560	4.61911E+20	1000260560	4.61911E+20
5.14399E+03	1000260560	8.91806E+18	1000260560	8.91806E+18
4.14716E+03	1000260560	9.89177E+19	1000260560	9.89177E+19
6.51016E+02	1000260560	2.58927E+21	1000260560	2.58927E+21
1.96195E+03	1000260560	1.85306E+21	1000260560	1.85306E+21
2.17077E+03	1000260560	8.77519E+19	1000260560	8.77519E+19
8.05353E+03	1000260560	1.66148E+21	1000260560	1.66148E+21
2.67776E+03	1000260560	2.11975E+19	1000260560	2.11975E+19
3.95005E+02	1000260560	1.72596E+19	1000260560	1.72596E+19
6.39610E+03	1000260560	1.79184E+21	1000260560	1.79184E+21
7.12635E+03	1000260560	2.24045E+19	1000260560	2.24045E+19
1.26907E+02	1000260560	7.07332E+19	1000260560	7.07332E+19
9.19707E+02	1000260560	2.19106E+20	1000260560	2.19106E+20
6.44560E+03	1000260560	1.18098E+20	1000260560	1.18098E+20
1.77134E+02	1000260560	1.41610E+21	1000260560	1.41610E+21
9.63330E+02	1000260560	1.32236E+19	1000260560	1.32236E+19
1.60499E+03	1000260560	6.10985E+20	1000260560	6.10985E+20
2.52379E+03	1000260560	1.03274E+21	1000260560	1.03274E+21
5.60177E+03	1000260560	1.72431E+21	1000260560	1.72431E+21
2.68472E+03	1000260560	3.07757E+20	1000260560	3.07757E+20
5.25491E+03	1000260560	4.63368E+19	1000260560	4.63368E+19
5.36307E+03	1000260560	1.69161E+20	1000260560	1.69161E+20
6.66993E+02	1000260560	5.75434E+20	1000260560	5.75434E+20
6.43490E+03	1000260560	5.30399E+20	1000260560	5.30399E+20
3.68625E+03	1000260560	4.76850E+21	1000260560	4.76850E+21
6.14911E+03	1000260560	3.20762E+20	1000260560	3.20762E+20
2.28391E+03	1000260560	2.39721E+21	1000260560	2.39721E+21
3.92381E+03	1000260560	1.23446E+20	1000260560	1.23446E+20
3.72506E+02	1000260560	9.30646E+19	1000260560	9.30646E+19
3.20821E+03	1000260560	1.03818E+21	1000260560	1.03818E+21
3.37708E+02	1000260560	1.50575E+20	1000260560	1.50575E+20
5.71363E+03	1000260560	7.92211E+18	1000260560	7.92211E+18
7.70975E+03	1000260560	3.85523E+20	1000260560	3.85523E+20
2.89951E+03	1000260560	1.39003E+19	1000260560	1.39003E+19
6.88355E+03	1000260560	7.91800E+19	1000260560	7.91800E+19
5.79932E+03	1000260560	1.00254E+19	1000260560	1.00254E+19
9.01220E+03	1000260560	2.39758E+20	1000260560	2.39758E+20
9.98034E+02	1000260560	1.58478E+19	1000260560	1.58478E+19
3.35386E+03	1000260560	3.98145E+21	1000260560	3.98145E+21
2.39373E+03	1000260560	2.73533E+21	1000260560	2.73533E+21
2.22356E+03	1000260560	4.78291E+21	1000260560	4.78291E+21
1.76094E+03	1000260560	5.54818E+21	1000260560	5.54818E+21
6.40163E+03	1000260560	6.61578E+20	1000260560	6.61578E+20
1.16606E+03	1000260560	1.19026E+20	1000260560	1.19026E+20
3.75533E+03	1000260560	3.09864E+20	1000260560	3.09864E+20
5.64322E+02	1000260560	2.20830E+19	1000260560	2.20830E+19
6.01049E+02	1000260560	7.59271E+19	1000260560	7.59271E+19
2.46107E+03	1000260560	4.06941E+19	1000260560	4.06941E+19
4.15941E+03	1000260560	6.95762E+19	1000260560	6.95762E+19
3.48168E+03	1000260560	1.49073E+20	1000260560	1.49073E+20
1.00089E+03	1000260560	6.38454E+20	1000260560	6.38454E+20
6.64004E+03	1000260560	4.47948E+19	1000260560	4.47948E+19
2.84535E+03	1000260560	3.10414E+21	1000260560	3.10414E+21
1.97541E+03	1000260560	2.71334E+20	1000260560	2.71334E+20
2.46779E+03	1000260560	1.40718E+21	1000260560	1.40718E+21
1.75408E+03	1000260560	2.15177E+20	1000260560	2.15177E+20
1.80148E+03	1000260560	1.36488E+21	1000260560	1.36488E+21
5.17817E+03	1000260560	2.11104E+21	1000260560	2.11104E+21
1.21380E+03	1000260560	1.13040E+21	1000260560	1.13040E+21
9.24527E+02	1000260560	1.60696E+19	1000260560	1.60696E+19
2.44326E+03	1000260560	9.15002E+20	1000260560	9.15002E+20
8.02614E+02	1000260560	6.84399E+20	1000260560	6.84399E+20
1.99004E+03	1000260560	5.56928E+20	1000260560	5.56928E+20
7.40624E+03	1000260560	3.69370E+21	1000260560	3.69370E+21
2.87489E+03	1000260560	1.75220E+20	1000260560	1.75220E+20
9.67957E+03	1000260560	5.54463E+20	1000260560	5.54463E+20
9.34697E+02	1000260560	7.38585E+20	1000260560	7.38585E+20
1.34318E+03	1000260560	1.12361E+19	1000260560	1.12361E+19
3.60090E+03	1000260560	2.39838E+21	1000260560	2.39838E+21
3.27955E+03	1000260560	1.43323E+20	1000260560	1.43323E+20
4.56881E+03	1000260560	1.14056E+19	1000260560	1.14056E+19
8.02498E+03	1000260560	2.59058E+19	1000260560	2.59058E+19
9.19042E+03	1000260560	3.03602E+19	1000260560	3.03602E+19
6.21794E+02	1000260560	4.40419E+21	1000260560	4.40419E+21
2.88018E+03	1000260560	2.64438E+19	1000260560	2.64438E+19
6.45300E+03	1000260560	9.31470E+20	1000260560	9.31470E+20
7.11404E+03	1000260560	5.78064E+20	1000260560	5.78064E+20
5.13363E+03	1000260560	7.37019E+18	1000260560	7.37019E+18
5.78094E+03	1000260560	1.71644E+20	1000260560	1.71644E+20
3.53556E+03	1000260560	7.55294E+19	1000260560	7.55294E+19
3.99767E+03	1000260560	6.15861E+20	1000260560	6.15861E+20
2.65606E+03	1000260560	5.40582E+20	1000260560	5.40582E+20
2.17731E+02	1000260560	4.42781E+20	1000260560	4.42781E+20
8.60072E+02	1000260560	2.10139E+20	1000260560	2.10139E+20
1.92231E+03	1000260560	1.59184E+19	1000260560	1.59184E+19
1.97160E+02	1000260560	1.21393E+19	1000260560	1.21393E+19
2.52438E+03	1000260560	9.66332E+20	1000260560	9.66332E+20
9.47025E+02	1000260560	6.83689E+19	1000260560	6.83689E+19
3.29435E+03	1000260560	1.64340E+21	1000260560	1.64340E+21
1.33060E+03	1000260560	1.42665E+20	1000260560	1.42665E+20
3.49557E+02	1000260560	2.46196E+21	1000260560	2.46196E+21
7.82912E+03	1000260560	5.30734E+21	1000260560	5.30734E+21
9.83585E+02	1000260560	2.73957E+21	1000260560	2.73957E+21
3.60691E+03	1000260560	1.34798E+20	1000260560	1.34798E+20
4.33696E+03	1000260560	2.27384E+19	1000260560	2.27384E+19
1.40561E+03	1000260560	2.72667E+19	1000260560	2.72667E+19
4.22245E+03	1000260560	1.24258E+20	1000260560	1.24258E+20
1.90318E+02	1000260560	6.34538E+19	1000260560	6.34538E+19
1.23475E+03	1000260560	1.76022E+19	1000260560	1.76022E+19
8.74292E+03	1000260560	1.76082E+20	1000260560	1.76082E+20
1.80556E+03	1000260560	8.36091E+18	1000260560	8.36091E+18
6.82352E+03	1000260560	1.42598E+19	1000260560	1.42598E+19
7.09520E+03	1000260560	2.25581E+21	1000260560	2.25581E+21
2.80448E+03	1000260560	1.12708E+19	1000260560	1.12708E+19
6.61559E+03	1000260560	1.44836E+21	1000260560	1.44836E+21
1.97670E+03	1000260560	3.88892E+20	1000260560	3.88892E+20
7.15963E+02	1000260560	1.79348E+20	1000260560	1.79348E+20
6.54446E+03	1000260560	2.22754E+19	1000260560	2.22754E+19
4.06242E+02	1000260560	5.35906E+19	1000260560	5.35906E+19
8.49395E+03	1000260560	5.70951E+19	1000260560	5.70951E+19
1.72440E+03	1000260560	3.73194E+20	1000260560	3.73194E+20
2.07350E+03	1000260560	2.08904E+20	1000260560	2.08904E+20
8.57056E+02	1000260560	4.97409E+20	1000260560	4.97409E+20
4.29514E+03	1000260560	2.89475E+19	1000260560	2.89475E+19
9.48898E+03	1000260560	2.14169E+20	1000260560	2.14169E+20
2.18555E+03	1000260560	1.73936E+20	1000260560	1.73936E+20
8.48289E+03	1000260560	5.26085E+20	1000260560	5.26085E+20
2.50646E+03	1000260560	1.73042E+20	1000260560	1.73042E+20
2.93936E+03	1000260560	2.89290E+20	1000260560	2.89290E+20
1.94507E+03	1000260560	3.81567E+19	1000260560	3.81567E+19
6.65754E+03	1000260560	6.90025E+18	1000260560	6.90025E+18
8.03052E+02	1000260560	7.46239E+18	1000260560	7.46239E+18
5.11601E+03	1000260560	1.54458E+21	1000260560	1.54458E+21
1.79717E+03	1000260560	5.41910E+20	1000260560	5.41910E+20
3.34800E+02	1000260560	1.54918E+19	1000260560	1.54918E+19
6.17494E+03	1000260560	2.22879E+19	1000260560	2.22879E+19
9.98274E+02	1000260560	9.64313E+20	1000260560	9.64313E+20
1.55395E+03	1000260560	8.36776E+18	1000260560	8.36776E+18
2.46238E+03	1000260560	1.19311E+20	1000260560	1.19311E+20
7.69529E+03	1000260560	3.36185E+21	1000260560	3.36185E+21
8.51585E+03	1000260560	5.00704E+20	1000260560	5.00704E+20
3.63820E+03	1000260560	1.80965E+19	1000260560	1.80965E+19
4.15974E+03	1000260560	3.55652E+20	1000260560	3.55652E+20
2.76422E+03	1000260560	6.44126E+18	1000260560	6.44126E+18
5.59130E+03	1000260560	2.53052E+21	1000260560	2.53052E+21
6.24940E+03	1000260560	1.13440E+21	1000260560	1.13440E+21
4.98877E+03	1000260560	5.88985E+19	1000260560	5.88985E+19
3.21992E+03	1000260560	1.32746E+21	1000260560	1.32746E+21
5.19385E+03	1000260560	2.83802E+21	1000260560	2.83802E+21
3.88854E+03	1000260560	8.67703E+20	1000260560	8.67703E+20
1.13984E+03	1000260560	6.96911E+20	1000260560	6.96911E+20
1.62214E+03	1000260560	3.14550E+19	1000260560	3.14550E+19
1.00576E+03	1000260560	1.15106E+19	1000260560	1.15106E+19
1.73778E+02	1000260560	1.34287E+21	1000260560	1.34287E+21
1.85927E+03	1000260560	1.75996E+21	1000260560	1.75996E+21
6.21570E+03	1000260560	2.85481E+21	1000260560	2.85481E+21
1.62976E+03	1000260560	3.78554E+21	1000260560	3.78554E+21
9.71886E+03	1000260560	4.96543E+20	1000260560	4.96543E+20
3.82756E+03	1000260560	4.99048E+21	1000260560	4.99048E+21
6.96457E+03	1000260560	2.70654E+20	1000260560	2.70654E+20
1.78529E+03	1000260560	1.61429E+19	1000260560	1.61429E+19
8.64700E+03	1000260560	1.74504E+19	1000260560	1.74504E+19
3.79721E+03	1000260560	2.43153E+20	1000260560	2.43153E+20
3.28644E+03	1000260560	3.38877E+20	1000260560	3.38877E+20
8.04796E+03	1000260560	6.91316E+19	1000260560	6.91316E+19
4.04294E+03	1000260560	9.74960E+19	1000260560	9.74960E+19
8.64847E+03	1000260560	7.12013E+20	1000260560	7.12013E+20
6.04943E+03	1000260560	4.12583E+21	1000260560	4.12583E+21
2.63463E+03	1000260560	1.31062E+20	1000260560	1.31062E+20
5.63142E+03	1000260560	2.32524E+20	1000260560	2.32524E+20
1.51932E+03	1000260560	1.24880E+20	1000260560	1.24880E+20
1.16584E+03	1000260560	1.85964E+20	1000260560	1.85964E+20
6.03687E+03	1000260560	2.20135E+21	1000260560	2.20135E+21
3.94064E+03	1000260560	4.04157E+19	1000260560	4.04157E+19
3.82507E+03	1000260560	2.11244E+19	1000260560	2.11244E+19
2.50451E+03	1000260560	6.96047E+18	1000260560	6.96047E+18
4.11154E+03	1000260560	3.92777E+19	1000260560	3.92777E+19
2.38909E+03	1000260560	2.31352E+21	1000260560	2.31352E+21
2.37745E+03	1000260560	1.46624E+21	1000260560	1.46624E+21
2.76488E+03	1000260560	9.19293E+20	1000260560	9.19293E+20
5.34682E+03	1000260560	1.27029E+21	1000260560	1.27029E+21
1.99383E+02	1000260560	3.96102E+21	1000260560	3.96102E+21
5.45761E+03	1000260560	8.48657E+19	1000260560	8.48657E+19
3.56170E+03	1000260560	1.94294E+19	1000260560	1.94294E+19
1.32512E+03	1000260560	3.18484E+19	1000260560	3.18484E+19
2.34922E+03	1000260560	1.97833E+19	1000260560	1.97833E+19
5.77092E+03	1000260560	9.06958E+18	1000260560	9.06958E+18
4.39975E+02	1000260560	6.90183E+18	1000260560	6.90183E+18
6.25809E+03	1000260560	1.13313E+19	1000260560	1.13313E+19
1.63253E+03	1000260560	4.30736E+21	1000260560	4.30736E+21
3.89706E+03	1000260560	4.38687E+21	1000260560	4.38687E+21
1.85501E+03	1000260560	5.48425E+19	1000260560	5.48425E+19
4.94814E+03	1000260560	5.93753E+21	1000260560	5.93753E+21
3.59001E+03	1000260560	5.33762E+20	1000260560	5.33762E+20
3.77310E+03	1000260560	1.13373E+19	1000260560	1.13373E+19
1.16705E+03	1000260560	1.23604E+21	1000260560	1.23604E+21
1.47125E+03	1000260560	2.02062E+20	1000260560	2.02062E+20
1.82128E+03	1000260560	7.91246E+20	1000260560	7.91246E+20
8.08667E+03	1000260560	5.28112E+20	1000260560	5.28112E+20
3.07148E+02	1000260560	3.92607E+19	1000260560	3.92607E+19
1.17180E+03	1000260560	1.96011E+19	1000260560	1.96011E+19
2.04570E+03	1000260560	9.02676E+18	1000260560	9.02676E+18
1.80595E+03	1000260560	1.02506E+20	1000260560	1.02506E+20
4.27379E+03	1000260560	4.99224E+20	1000260560	4.99224E+20
7.41656E+03	1000260560	5.59084E+21	1000260560	5.59084E+21
9.38697E+03	1000260560	4.89590E+21	1000260560	4.89590E+21
2.69461E+03	1000260560	2.17695E+19	1000260560	2.17695E+19
1.34818E+03	1000260560	1.56160E+21	1000260560	1.56160E+21
6.61733E+02	1000260560	3.18997E+20	1000260560	3.18997E+20
1.76493E+02	1000260560	2.66692E+19	1000260560	2.66692E+19
2.51825E+02	1000260560	5.71955E+20	1000260560	5.71955E+20
4.24403E+03	1000260560	8.39720E+20	1000260560	8.39720E+20
6.00835E+02	1000260560	1.09936E+20	1000260560	1.09936E+20
1.29153E+03	1000260560	1.88667E+21	1000260560	1.88667E+21
1.76229E+03	1000260560	1.10695E+19	1000260560	1.10695E+19
2.34495E+03	1000260560	1.48184E+20	1000260560	1.48184E+20
9.48634E+03	1000260560	2.63149E+20	1000260560	2.63149E+20
3.27564E+03	1000260560	1.62951E+19	1000260560	1.62951E+19
4.06223E+03	1000260560	3.51482E+20	1000260560	3.51482E+20
5.09221E+03	1000260560	8.30144E+20	1000260560	8.30144E+20
9.90429E+03	1000260560	6.74233E+20	1000260560	6.74233E+20
3.99803E+03	1000260560	2.85553E+19	1000260560	2.85553E+19
3.45664E+03	1000260560	3.25582E+21	1000260560	3.25582E+21
8.66481E+03	1000260560	8.50855E+19	1000260560	8.50855E+19
1.26885E+02	1000260560	7.84888E+19	1000260560	7.84888E+19
4.94256E+03	1000260560	4.50497E+20	1000260560	4.50497E+20
3.60817E+03	1000260560	5.36999E+20	1000260560	5.36999E+20
3.87122E+02	1000260560	1.22666E+20	1000260560	1.22666E+20
6.93703E+03	1000260560	2.54896E+20	1000260560	2.54896E+20
4.79033E+03	1000260560	7.65572E+20	1000260560	7.65572E+20
7.90457E+02	1000260560	9.24351E+20	1000260560	9.24351E+20
3.51772E+03	1000260560	3.42832E+20	1000260560	3.42832E+20
2.54649E+03	1000260560	1.08651E+21	1000260560	1.08651E+21
8.52249E+03	1000260560	1.32568E+19	1000260560	1.32568E+19
2.79602E+03	1000260560	5.53750E+19	1000260560	5.53750E+19
1.16762E+03	1000260560	6.95982E+20	1000260560	6.95982E+20
3.18799E+03	1000260560	1.57280E+20	1000260560	1.57280E+20
1.00289E+03	1000260560	1.25909E+21	1000260560	1.25909E+21
1.87819E+03	1000260560	2.98142E+19	1000260560	2.98142E+19
3.34163E+02	1000260560	1.02767E+19	1000260560	1.02767E+19
1.49600E+03	1000260560	5.19158E+20	1000260560	5.19158E+20
2.24937E+03	1000260560	3.09601E+20	1000260560	3.09601E+20
5.15259E+02	1000260560	5.28477E+20	1000260560	5.28477E+20
6.71459E+03	1000260560	1.10485E+19	1000260560	1.10485E+19
1.98780E+03	1000260560	1.95585E+19	1000260560	1.95585E+19
4.89717E+03	1000260560	2.59832E+21	1000260560	2.59832E+21
6.16748E+02	1000260560	8.80218E+19	1000260560	8.80218E+19
4.83565E+03	1000260560	1.16124E+21	1000260560	1.16124E+21
1.73872E+03	1000260560	2.59353E+20	1000260560	2.59353E+20
3.33051E+03	1000260560	1.99820E+20	1000260560	1.99820E+20
8.99813E+02	1000260560	6.71183E+19	1000260560	6.71183E+19
3.32980E+02	1000260560	2.80173E+19	1000260560	2.80173E+19
4.96401E+03	1000260560	3.40067E+20	1000260560	3.40067E+20
6.61806E+03	1000260560	1.11442E+20	1000260560	1.11442E+20
2.35462E+03	1000260560	1.51217E+20	1000260560	1.51217E+20
5.95235E+03	1000260560	3.79948E+21	1000260560	3.79948E+21
5.71269E+03	1000260560	1.07919E+21	1000260560	1.07919E+21
6.23773E+03	1000260560	8.30981E+20	1000260560	8.30981E+20
4.40223E+03	1000260560	1.00084E+21	1000260560	1.00084E+21
4.48739E+03	1000260560	2.56341E+19	1000260560	2.56341E+19
6.26783E+02	1000260560	1.21514E+20	1000260560	1.21514E+20
1.36227E+03	1000260560	1.56734E+19	1000260560	1.56734E+19
7.50914E+03	1000260560	2.04224E+21	1000260560	2.04224E+21
1.73191E+03	1000260560	2.14456E+20	1000260560	2.14456E+20
3.77119E+03	1000260560	4.18793E+21	1000260560	4.18793E+21
1.34714E+03	1000260560	9.07082E+18	1000260560	9.07082E+18
2.00193E+03	1000260560	3.82656E+19	1000260560	3.82656E+19
7.04619E+02	1000260560	6.48150E+20	1000260560	6.48150E+20
1.59628E+03	1000260560	1.99858E+19	1000260560	1.99858E+19
4.87473E+02	1000260560	3.55792E+21	1000260560	3.55792E+21
7.74509E+02	1000260560	4.14914E+20	1000260560	4.14914E+20
4.04296E+03	1000260560	6.18452E+20	1000260560	6.18452E+20
2.90702E+03	1000260560	4.00300E+21	1000260560	4.00300E+21
3.02350E+03	1000260560	7.48497E+18	1000260560	7.48497E+18
1.48131E+03	1000260560	2.62898E+21	1000260560	2.62898E+21
7.29723E+03	1000260560	2.04746E+21	1000260560	2.04746E+21
1.18955E+03	1000260560	1.00520E+21	1000260560	1.00520E+21
1.64755E+03	1000260560	1.73075E+21	1000260560	1.73075E+21
3.72042E+03	1000260560	1.38444E+19	1000260560	1.38444E+19
2.63592E+03	1000260560	1.04705E+19	1000260560	1.04705E+19
1.26105E+03	1000260560	7.28593E+19	1000260560	7.28593E+19
8.52965E+03	1000260560	5.65523E+20	1000260560	5.65523E+20
3.32610E+03	1000260560	8.15376E+18	1000260560	8.15376E+18
1.56847E+03	1000260560	3.61469E+21	1000260560	3.61469E+21
3.21996E+03	1000260560	4.28768E+20	1000260560	4.28768E+20
6.28579E+03	1000260560	9.80384E+19	1000260560	9.80384E+19
2.03190E+03	1000260560	1.65219E+21	1000260560	1.65219E+21
1.14450E+03	1000260560	1.17914E+21	1000260560	1.17914E+21
2.44022E+03	1000260560	1.11332E+20	1000260560	1.11332E+20
1.89166E+03	1000260560	2.92487E+20	1000260560	2.92487E+20
4.78553E+03	1000260560	1.44282E+21	1000260560	1.44282E+21
7.49731E+03	1000260560	5.68934E+19	1000260560	5.68934E+19
3.42831E+03	1000260560	1.79582E+19	1000260560	1.79582E+19
8.58468E+02	1000260560	4.60375E+20	1000260560	4.60375E+20
3.00001E+03	1000260560	1.16338E+21	1000260560	1.16338E+21
4.83274E+03	1000260560	2.60278E+19	1000260560	2.60278E+19
2.29078E+03	1000260560	1.20103E+20	1000260560	1.20103E+20
1.49508E+03	1000260560	2.45329E+20	1000260560	2.45329E+20
1.22439E+03	1000260560	6.64161E+19	1000260560	6.64161E+19
3.74565E+03	1000260560	3.09840E+21	1000260560	3.09840E+21
3.14269E+03	1000260560	7.39577E+19	1000260560	7.39577E+19
3.44988E+02	1000260560	2.09563E+19	1000260560	2.09563E+19
3.36632E+03	1000260560	2.04210E+20	1000260560	2.04210E+20
1.27282E+02	1000260560	1.01658E+21	1000260560	1.01658E+21
2.05469E+02	1000260560	2.45924E+20	1000260560	2.45924E+20
7.99022E+03	1000260560	1.06768E+21	1000260560	1.06768E+21
2.88418E+03	1000260560	1.07501E+21	1000260560	1.07501E+21
2.06075E+03	1000260560	1.36374E+21	1000260560	1.36374E+21
1.10376E+03	1000260560	2.22737E+19	1000260560	2.22737E+19
4.03708E+03	1000260560	2.23290E+21	1000260560	2.23290E+21
4.86265E+03	1000260560	1.61140E+21	1000260560	1.61140E+21
8.24304E+03	1000260560	4.21319E+19	1000260560	4.21319E+19
2.60844E+03	1000260560	3.10399E+20	1000260560	3.10399E+20
5.30302E+03	1000260560	5.78645E+20	1000260560	5.78645E+20
3.29826E+03	1000260560	1.42297E+20	1000260560	1.42297E+20
6.65608E+03	1000260560	3.13373E+21	1000260560	3.13373E+21
5.31200E+03	1000260560	7.02231E+20	1000260560	7.02231E+20
4.05919E+03	1000260560	1.17575E+20	1000260560	1.17575E+20
2.45086E+03	1000260560	7.60945E+18	1000260560	7.60945E+18
2.57695E+03	1000260560	1.97592E+20	1000260560	1.97592E+20
6.09888E+03	1000260560	1.24432E+21	1000260560	1.24432E+21
2.74946E+03	1000260560	2.55833E+20	1000260560	2.55833E+20
6.65021E+03	1000260560	7.81997E+19	1000260560	7.81997E+19
2.28575E+03	1000260560	4.36349E+19	1000260560	4.36349E+19
1.72860E+03	1000260560	7.82465E+19	1000260560	7.82465E+19
6.15241E+03	1000260560	4.05768E+19	1000260560	4.05768E+19
2.01987E+03	1000260560	4.62377E+21	1000260560	4.62377E+21
2.36198E+03	1000260560	5.05701E+19	1000260560	5.05701E+19
2.87833E+03	1000260560	2.60509E+20	1000260560	2.60509E+20
3.15891E+03	1000260560	2.60733E+21	1000260560	2.60733E+21
5.00492E+02	1000260560	3.58781E+19	1000260560	3.58781E+19
3.71257E+03	1000260560	1.84544E+21	1000260560	1.84544E+21
1.71518E+03	1000260560	4.53107E+19	1000260560	4.53107E+19
5.98145E+03	1000260560	2.23408E+19	1000260560	2.23408E+19
5.06032E+02	1000260560	1.88361E+19	1000260560	1.88361E+19
9.40983E+03	1000260560	1.23922E+21	1000260560	1.23922E+21
3.91988E+03	1000260560	6.98392E+20	1000260560	6.98392E+20
1.85635E+03	1000260560	2.77462E+19	1000260560	2.77462E+19
2.99597E+03	1000260560	4.12260E+19	1000260560	4.12260E+19
3.67621E+03	1000260560	1.40882E+20	1000260560	1.40882E+20
3.58184E+03	1000260560	1.69716E+19	1000260560	1.69716E+19
1.29013E+03	1000260560	2.08600E+20	1000260560	2.08600E+20
6.80488E+03	1000260560	6.22840E+20	1000260560	6.22840E+20
3.28376E+03	1000260560	1.57063E+19	1000260560	1.57063E+19
3.75141E+03	1000260560	2.10577E+19	1000260560	2.10577E+19
4.46811E+03	1000260560	1.67508E+21	1000260560	1.67508E+21
3.32139E+03	1000260560	4.40776E+19	1000260560	4.40776E+19
1.81637E+03	1000260560	1.21583E+20	1000260560	1.21583E+20
2.40115E+02	1000260560	1.49341E+20	1000260560	1.49341E+20
2.58387E+03	1000260560	9.77395E+18	1000260560	9.77395E+18
2.99889E+03	1000260560	3.87895E+21	1000260560	3.87895E+21
2.84066E+03	1000260560	3.58449E+19	1000260560	3.58449E+19
1.75984E+03	1000260560	1.65033E+20	1000260560	1.65033E+20
2.49981E+03	1000260560	4.14296E+21	1000260560	4.14296E+21
2.14730E+03	1000260560	6.77432E+20	1000260560	6.77432E+20
2.60314E+03	1000260560	2.98567E+19	1000260560	2.98567E+19
1.46633E+03	1000260560	1.04510E+20	1000260560	1.04510E+20
6.72289E+03	1000260560	2.07408E+21	1000260560	2.07408E+21
7.21505E+03	1000260560	9.63948E+18	1000260560	9.63948E+18
6.16094E+02	1000260560	4.91709E+19	1000260560	4.91709E+19
6.54171E+03	1000260560	3.77109E+20	1000260560	3.77109E+20
9.11318E+03	1000260560	9.84663E+18	1000260560	9.84663E+18
5.98776E+03	1000260560	3.67671E+21	1000260560	3.67671E+21
2.53209E+03	1000260560	1.52342E+21	1000260560	1.52342E+21
6.83138E+02	1000260560	8.38811E+18	1000260560	8.38811E+18
7.27661E+03	1000260560	2.80255E+19	1000260560	2.80255E+19
1.01491E+02	1000260560	9.79751E+19	1000260560	9.79751E+19
9.17453E+03	1000260560	3.12484E+19	1000260560	3.12484E+19
4.95942E+03	1000260560	4.08361E+20	1000260560	4.08361E+20
4.41307E+03	1000260560	2.76831E+19	1000260560	2.76831E+19
4.52058E+03	1000260560	5.11216E+21	1000260560	5.11216E+21
5.17424E+03	1000260560	2.70044E+21	1000260560	2.70044E+21
6.27579E+03	1000260560	1.77927E+21	1000260560	1.77927E+21
9.54995E+03	1000260560	8.23726E+19	1000260560	8.23726E+19
4.03398E+03	1000260560	1.52868E+21	1000260560	1.52868E+21
3.48128E+02	1000260560	1.07598E+21	1000260560	1.07598E+21
5.09347E+02	1000260560	8.68461E+20	1000260560	8.68461E+20
3.40612E+03	1000260560	3.08872E+21	1000260560	3.08872E+21
2.49193E+03	1000260560	1.73024E+20	1000260560	1.73024E+20
1.17381E+02	1000260560	8.32682E+18	1000260560	8.32682E+18
3.02984E+03	1000260560	4.07183E+20	1000260560	4.07183E+20
1.84782E+02	1000260560	2.59090E+21	1000260560	2.59090E+21
3.64286E+03	1000260560	8.95506E+20	1000260560	8.95506E+20
1.34250E+03	1000260560	4.79075E+20	1000260560	4.79075E+20
4.59212E+03	1000260560	2.68623E+20	1000260560	2.68623E+20
6.55158E+03	1000260560	6.94078E+18	1000260560	6.94078E+18
2.54738E+03	1000260560	4.90474E+19	1000260560	4.90474E+19
6.07253E+03	1000260560	1.57601E+21	1000260560	1.57601E+21
1.52493E+03	1000260560	2.82628E+19	1000260560	2.82628E+19
1.49393E+03	1000260560	3.08695E+21	1000260560	3.08695E+21
6.72895E+02	1000260560	5.91338E+19	1000260560	5.91338E+19
5.78302E+02	1000260560	1.52548E+21	1000260560	1.52548E+21
6.23539E+03	1000260560	6.59204E+20	1000260560	6.59204E+20
1.21018E+03	1000260560	1.66037E+19	1000260560	1.66037E+19
6.51963E+03	1000260560	1.29850E+19	1000260560	1.29850E+19
2.93491E+03	1000260560	1.70886E+21	1000260560	1.70886E+21
8.93047E+03	1000260560	6.41580E+20	1000260560	6.41580E+20
8.51474E+02	1000260560	4.29123E+21	1000260560	4.29123E+21
6.95017E+03	1000260560	7.91644E+19	1000260560	7.91644E+19
4.35442E+03	1000260560	6.08656E+19	1000260560	6.08656E+19
2.43453E+03	1000260560	1.60462E+21	1000260560	1.60462E+21
1.71839E+03	1000260560	4.22234E+20	1000260560	4.22234E+20
1.79393E+03	1000260560	1.51331E+20	1000260560	1.51331E+20
9.00615E+03	1000260560	2.86804E+21	1000260560	2.86804E+21
1.10729E+03	1000260560	9.09885E+18	1000260560	9.09885E+18
5.58054E+03	1000260560	1.70919E+20	1000260560	1.70919E+20
9.16319E+02	1000260560	7.96063E+18	1000260560	7.96063E+18
8.33253E+03	1000260560	1.53912E+20	1000260560	1.53912E+20
6.23256E+02	1000260560	5.63954E+21	1000260560	5.63954E+21
6.44732E+03	1000260560	8.64907E+19	1000260560	8.64907E+19
1.54003E+03	1000260560	8.30153E+19	1000260560	8.30153E+19
1.81209E+03	1000260560	9.04599E+20	1000260560	9.04599E+20
1.08490E+03	1000260560	3.10678E+20	1000260560	3.10678E+20
1.89243E+03	1000260560	7.00838E+18	1000260560	7.00838E+18
3.70101E+03	1000260560	2.67550E+19	1000260560	2.67550E+19
6.79090E+02	1000260560	2.54466E+19	1000260560	2.54466E+19
1.09960E+03	1000260560	2.53045E+21	1000260560	2.53045E+21
3.68658E+02	1000260560	7.49625E+18	1000260560	7.49625E+18
3.07409E+03	1000260560	1.17247E+21	1000260560	1.17247E+21
4.53677E+03	1000260560	2.04971E+20	1000260560	2.04971E+20
6.34818E+02	1000260560	1.12330E+21	1000260560	1.12330E+21
2.33165E+03	1000260560	1.93314E+19	1000260560	1.93314E+19
4.96469E+02	1000260560	6.58143E+18	1000260560	6.58143E+18
4.02937E+03	1000260560	4.60949E+21	1000260560	4.60949E+21
2.69367E+03	1000260560	1.93267E+19	1000260560	1.93267E+19
4.66015E+03	1000260560	7.02263E+18	1000260560	7.02263E+18
8.23071E+03	1000260560	5.64582E+21	1000260560	5.64582E+21
4.11895E+03	1000260560	1.24346E+19	1000260560	1.24346E+19
3.42330E+03	1000260560	1.93854E+21	1000260560	1.93854E+21
6.43928E+03	1000260560	3.24460E+19	1000260560	3.24460E+19
3.69042E+03	1000260560	1.30598E+20	1000260560	1.30598E+20
1.05348E+03	1000260560	2.58578E+19	1000260560	2.58578E+19
2.60572E+03	1000260560	1.18637E+19	1000260560	1.18637E+19
2.23926E+03	1000260560	3.75522E+19	1000260560	3.75522E+19
3.77824E+03	1000260560	4.02435E+20	1000260560	4.02435E+20
9.34737E+03	1000260560	1.30150E+20	1000260560	1.30150E+20
2.56560E+03	1000260560	2.01945E+19	1000260560	2.01945E+19
1.66009E+02	1000260560	4.39835E+21	1000260560	4.39835E+21
3.12961E+03	1000260560	3.36064E+21	1000260560	3.36064E+21
1.99816E+03	1000260560	1.81858E+21	1000260560	1.81858E+21
3.57127E+02	1000260560	8.53342E+19	1000260560	8.53342E+19
1.92886E+03	1000260560	2.15876E+21	1000260560	2.15876E+21
6.47627E+03	1000260560	6.30502E+20	1000260560	6.30502E+20
4.45657E+02	1000260560	1.30489E+20	1000260560	1.30489E+20
5.32910E+02	1000260560	1.60283E+21	1000260560	1.60283E+21
6.36713E+03	1000260560	6.39065E+20	1000260560	6.39065E+20
3.55704E+03	1000260560	2.06223E+19	1000260560	2.06223E+19
1.75499E+03	1000260560	1.10170E+20	1000260560	1.10170E+20
8.52042E+02	1000260560	1.83974E+19	1000260560	1.83974E+19
4.00005E+03	1000260560	5.27710E+21	1000260560	5.27710E+21
1.84063E+03	1000260560	7.39804E+20	1000260560	7.39804E+20
2.91634E+03	1000260560	4.03583E+21	1000260560	4.03583E+21
