#	D	ID	E	ID0	E0
#
# D             Trajectory length [1 Mpc]
# ID/ID0/ID1    Particle type (PDG MC numbering scheme)
# E/E0/E1       Energy [1 EeV]
# no index = current, 0 = at source, 1 = at point of creation
#
# CRPropa version: -128-NOTFOUND
#
1.67258E+03	1000260560	2.97121E+19	1000260560	2.97121E+19
4.61324E+03	1000260560	9.47404E+20	1000260560	9.47404E+20
1.91785E+03	1000260560	9.82850E+18	1000260560	9.82850E+18
2.55448E+03	1000260560	8.88197E+18	1000260560	8.88197E+18
4.71778E+03	1000260560	1.75705E+20	1000260560	1.75705E+20
2.43179E+03	1000260560	1.72072E+20	1000260560	1.72072E+20
9.35337E+02	1000260560	1.49629E+20	1000260560	1.49629E+20
4.54248E+03	1000260560	7.78130E+19	1000260560	7.78130E+19
3.08513E+03	1000260560	1.47058E+19	1000260560	1.47058E+19
3.23393E+03	1000260560	7.41329E+20	1000260560	7.41329E+20
1.72497E+03	1000260560	2.78896E+19	1000260560	2.78896E+19
6.44049E+03	1000260560	1.68603E+20	1000260560	1.68603E+20
1.00375E+03	1000260560	1.46178E+21	1000260560	1.46178E+21
1.69692E+03	1000260560	4.84925E+20	1000260560	4.84925E+20
2.09321E+03	1000260560	3.73976E+20	1000260560	3.73976E+20
1.47737E+03	1000260560	6.41617E+19	1000260560	6.41617E+19
5.82128E+03	1000260560	9.84767E+18	1000260560	9.84767E+18
2.97837E+02	1000260560	4.84738E+19	1000260560	4.84738E+19
3.47580E+03	1000260560	3.54513E+21	1000260560	3.54513E+21
5.64497E+03	1000260560	3.81527E+20	1000260560	3.81527E+20
9.44365E+03	1000260560	2.82787E+21	1000260560	2.82787E+21
7.43067E+02	1000260560	7.16215E+19	1000260560	7.16215E+19
8.32041E+02	1000260560	3.38862E+21	1000260560	3.38862E+21
2.24415E+03	1000260560	4.08016E+19	1000260560	4.08016E+19
3.09047E+03	1000260560	1.29143E+21	1000260560	1.29143E+21
2.65428E+03	1000260560	1.01793E+19	1000260560	1.01793E+19
2.76922E+03	1000260560	3.04183E+19	1000260560	3.04183E+19
1.21309E+03	1000260560	8.60485E+18	1000260560	8.60485E+18
5.06895E+03	1000260560	2.39738E+21	1000260560	2.39738E+21
6.86457E+03	1000260560	4.25026E+19	1000260560	4.25026E+19
2.30038E+03	1000260560	3.08293E+21	1000260560	3.08293E+21
7.84697E+02	1000260560	1.30341E+21	1000260560	1.30341E+21
1.76225E+03	1000260560	2.64386E+21	1000260560	2.64386E+21
4.94422E+02	1000260560	3.74946E+20	1000260560	3.74946E+20
4.38092E+03	1000260560	7.61270E+18	1000260560	7.61270E+18
2.90788E+03	1000260560	2.52774E+21	1000260560	2.52774E+21
3.82728E+03	1000260560	2.00466E+21	1000260560	2.00466E+21
4.17146E+03	1000260560	5.17329E+21	1000260560	5.17329E+21
3.18787E+03	1000260560	3.25911E+20	1000260560	3.25911E+20
2.79933E+02	1000260560	8.07186E+20	1000260560	8.07186E+20
4.55989E+03	1000260560	2.85534E+20	1000260560	2.85534E+20
7.83192E+03	1000260560	6.82186E+20	1000260560	6.82186E+20
3.28579E+02	1000260560	8.99312E+18	1000260560	8.99312E+18
4.91055E+03	1000260560	6.89582E+20	1000260560	6.89582E+20
3.29980E+03	1000260560	7.42090E+19	1000260560	7.42090E+19
1.05031E+03	1000260560	5.25481E+19	1000260560	5.25481E+19
4.62055E+03	1000260560	7.44778E+19	1000260560	7.44778E+19
7.68556E+02	1000260560	6.09653E+21	1000260560	6.09653E+21
1.96457E+02	1000260560	2.24486E+20	1000260560	2.24486E+20
2.38836E+03	1000260560	4.34333E+20	1000260560	4.34333E+20
2.18823E+03	1000260560	5.10658E+19	1000260560	5.10658E+19
8.68645E+03	1000260560	1.44048E+19	1000260560	1.44048E+19
9.38530E+02	1000260560	5.28350E+21	1000260560	5.28350E+21
3.74829E+02	1000260560	3.69718E+21	1000260560	3.69718E+21
4.70415E+03	1000260560	2.48624E+21	1000260560	2.48624E+21
9.31099E+03	1000260560	1.99061E+20	1000260560	1.99061E+20
7.31284E+03	1000260560	1.34324E+19	1000260560	1.34324E+19
1.89250E+03	1000260560	1.50318E+21	1000260560	1.50318E+21
1.90669E+03	1000260560	2.15058E+20	1000260560	2.15058E+20
2.96755E+03	1000260560	4.88826E+19	1000260560	4.88826E+19
2.26482E+03	1000260560	1.70015E+20	1000260560	1.70015E+20
1.89016E+03	1000260560	5.81620E+19	1000260560	5.81620E+19
1.83183E+02	1000260560	9.09859E+18	1000260560	9.09859E+18
2.00776E+03	1000260560	4.14048E+21	1000260560	4.14048E+21
9.48295E+03	1000260560	4.53903E+20	1000260560	4.53903E+20
1.39534E+03	1000260560	4.94834E+19	1000260560	4.94834E+19
3.55645E+02	1000260560	2.50950E+20	1000260560	2.50950E+20
2.20908E+03	1000260560	6.73221E+20	1000260560	6.73221E+20
2.58470E+03	1000260560	9.82287E+20	1000260560	9.82287E+20
3.63152E+03	1000260560	1.59866E+21	1000260560	1.59866E+21
1.40946E+03	1000260560	2.47520E+21	1000260560	2.47520E+21
1.58260E+03	1000260560	4.62272E+20	1000260560	4.62272E+20
1.24833E+03	1000260560	1.12561E+21	1000260560	1.12561E+21
2.42429E+03	1000260560	8.22205E+19	1000260560	8.22205E+19
1.97311E+02	1000260560	5.05990E+19	1000260560	5.05990E+19
1.17474E+03	1000260560	1.19301E+19	1000260560	1.19301E+19
1.67737E+03	1000260560	4.25259E+20	1000260560	4.25259E+20
3.41147E+03	1000260560	1.70537E+20	1000260560	1.70537E+20
8.10956E+03	1000260560	3.31475E+19	1000260560	3.31475E+19
1.50342E+03	1000260560	2.81100E+21	1000260560	2.81100E+21
6.02718E+03	1000260560	7.48565E+18	1000260560	7.48565E+18
6.01328E+03	1000260560	2.54431E+20	1000260560	2.54431E+20
2.13252E+03	1000260560	2.19609E+21	1000260560	2.19609E+21
3.16843E+03	1000260560	7.40112E+18	1000260560	7.40112E+18
2.83385E+02	1000260560	9.96255E+18	1000260560	9.96255E+18
7.92231E+03	1000260560	1.98138E+19	1000260560	1.98138E+19
2.22937E+02	1000260560	8.01617E+19	1000260560	8.01617E+19
3.82101E+02	1000260560	4.28324E+21	1000260560	4.28324E+21
1.10404E+03	1000260560	6.13108E+20	1000260560	6.13108E+20
4.11156E+03	1000260560	2.26761E+21	1000260560	2.26761E+21
4.04079E+03	1000260560	1.38397E+21	1000260560	1.38397E+21
8.13658E+03	1000260560	5.07642E+20	1000260560	5.07642E+20
8.92377E+03	1000260560	3.75304E+21	1000260560	3.75304E+21
6.28684E+03	1000260560	1.72159E+21	1000260560	1.72159E+21
4.29093E+02	1000260560	3.72778E+19	1000260560	3.72778E+19
6.16261E+03	1000260560	3.75156E+20	1000260560	3.75156E+20
1.88479E+03	1000260560	2.67890E+21	1000260560	2.67890E+21
1.32544E+03	1000260560	7.03486E+19	1000260560	7.03486E+19
3.52266E+03	1000260560	1.08633E+19	1000260560	1.08633E+19
7.34058E+03	1000260560	2.08881E+21	1000260560	2.08881E+21
5.84310E+03	1000260560	3.35981E+19	1000260560	3.35981E+19
4.00116E+03	1000260560	2.55430E+21	1000260560	2.55430E+21
1.81013E+02	1000260560	3.02219E+21	1000260560	3.02219E+21
1.69267E+03	1000260560	1.17424E+21	1000260560	1.17424E+21
8.15086E+03	1000260560	4.77703E+20	1000260560	4.77703E+20
7.74741E+03	1000260560	2.23651E+19	1000260560	2.23651E+19
6.07106E+03	1000260560	1.08312E+20	1000260560	1.08312E+20
1.34421E+02	1000260560	2.05390E+21	1000260560	2.05390E+21
6.09405E+02	1000260560	4.17554E+20	1000260560	4.17554E+20
3.17620E+03	1000260560	2.88498E+20	1000260560	2.88498E+20
2.77647E+03	1000260560	7.43542E+19	1000260560	7.43542E+19
3.38175E+03	1000260560	9.66070E+20	1000260560	9.66070E+20
5.42820E+03	1000260560	2.48467E+19	1000260560	2.48467E+19
4.72748E+02	1000260560	4.52575E+19	1000260560	4.52575E+19
1.01078E+03	1000260560	1.02290E+21	1000260560	1.02290E+21
5.77871E+02	1000260560	1.32231E+21	1000260560	1.32231E+21
2.64994E+02	1000260560	5.26831E+20	1000260560	5.26831E+20
4.64462E+03	1000260560	2.81949E+20	1000260560	2.81949E+20
2.33274E+03	1000260560	2.98061E+19	1000260560	2.98061E+19
3.29386E+03	1000260560	5.79740E+21	1000260560	5.79740E+21
7.87183E+03	1000260560	9.80359E+18	1000260560	9.80359E+18
3.59120E+03	1000260560	2.77496E+20	1000260560	2.77496E+20
5.05610E+03	1000260560	1.54319E+19	1000260560	1.54319E+19
7.70402E+03	1000260560	4.13351E+20	1000260560	4.13351E+20
3.14852E+03	1000260560	2.12449E+20	1000260560	2.12449E+20
2.28440E+03	1000260560	1.93924E+19	1000260560	1.93924E+19
2.98748E+03	1000260560	5.24409E+21	1000260560	5.24409E+21
2.15912E+03	1000260560	5.58053E+19	1000260560	5.58053E+19
5.65075E+03	1000260560	5.44346E+21	1000260560	5.44346E+21
2.13248E+03	1000260560	5.03340E+19	1000260560	5.03340E+19
1.20689E+03	1000260560	4.27508E+21	1000260560	4.27508E+21
6.22731E+03	1000260560	4.56629E+19	1000260560	4.56629E+19
2.57274E+03	1000260560	1.04863E+19	1000260560	1.04863E+19
2.35566E+03	1000260560	1.59117E+20	1000260560	1.59117E+20
5.91771E+03	1000260560	1.64218E+21	1000260560	1.64218E+21
7.94918E+02	1000260560	3.84425E+19	1000260560	3.84425E+19
5.48655E+03	1000260560	8.42242E+20	1000260560	8.42242E+20
7.06325E+02	1000260560	1.14421E+19	1000260560	1.14421E+19
7.07386E+02	1000260560	3.30954E+21	1000260560	3.30954E+21
1.17531E+03	1000260560	2.46447E+20	1000260560	2.46447E+20
3.25154E+02	1000260560	6.48568E+19	1000260560	6.48568E+19
4.33057E+03	1000260560	7.35795E+18	1000260560	7.35795E+18
5.25282E+02	1000260560	6.86907E+18	1000260560	6.86907E+18
5.22160E+02	1000260560	1.29872E+20	1000260560	1.29872E+20
5.38631E+02	1000260560	1.75803E+19	1000260560	1.75803E+19
3.17604E+03	1000260560	2.74968E+19	1000260560	2.74968E+19
2.16094E+03	1000260560	2.12603E+21	1000260560	2.12603E+21
5.50096E+03	1000260560	7.06192E+18	1000260560	7.06192E+18
9.73679E+03	1000260560	8.10975E+18	1000260560	8.10975E+18
7.77787E+03	1000260560	1.48205E+21	1000260560	1.48205E+21
4.26498E+02	1000260560	2.45624E+20	1000260560	2.45624E+20
2.60359E+03	1000260560	3.06100E+20	1000260560	3.06100E+20
1.82360E+03	1000260560	6.73831E+18	1000260560	6.73831E+18
8.35396E+03	1000260560	1.79126E+20	1000260560	1.79126E+20
3.52804E+03	1000260560	1.20977E+20	1000260560	1.20977E+20
5.89367E+02	1000260560	9.51311E+19	1000260560	9.51311E+19
1.02476E+03	1000260560	3.52751E+20	1000260560	3.52751E+20
1.79310E+03	1000260560	4.24422E+19	1000260560	4.24422E+19
5.86948E+03	1000260560	3.61580E+21	1000260560	3.61580E+21
3.21672E+02	1000260560	3.28818E+19	1000260560	3.28818E+19
6.47557E+03	1000260560	9.63501E+19	1000260560	9.63501E+19
3.11266E+03	1000260560	5.16103E+19	1000260560	5.16103E+19
5.18604E+03	1000260560	1.85940E+21	1000260560	1.85940E+21
2.62629E+03	1000260560	2.65034E+21	1000260560	2.65034E+21
2.91423E+02	1000260560	8.03918E+19	1000260560	8.03918E+19
1.25876E+03	1000260560	1.19726E+21	1000260560	1.19726E+21
1.46160E+03	1000260560	3.55832E+20	1000260560	3.55832E+20
6.47768E+03	1000260560	1.00342E+21	1000260560	1.00342E+21
7.60245E+02	1000260560	4.69709E+21	1000260560	4.69709E+21
3.33821E+03	1000260560	4.69608E+20	1000260560	4.69608E+20
2.28130E+03	1000260560	4.92509E+20	1000260560	4.92509E+20
6.59870E+03	1000260560	9.53957E+20	1000260560	9.53957E+20
6.74096E+02	1000260560	5.63490E+20	1000260560	5.63490E+20
4.80503E+03	1000260560	1.05485E+21	1000260560	1.05485E+21
2.51803E+03	1000260560	1.21300E+21	1000260560	1.21300E+21
4.10117E+03	1000260560	4.28967E+21	1000260560	4.28967E+21
3.05056E+03	1000260560	2.02655E+21	1000260560	2.02655E+21
6.74280E+03	1000260560	2.21084E+19	1000260560	2.21084E+19
4.75836E+02	1000260560	5.61450E+20	1000260560	5.61450E+20
1.38804E+03	1000260560	3.52440E+19	1000260560	3.52440E+19
1.77266E+03	1000260560	1.12837E+20	1000260560	1.12837E+20
6.21295E+03	1000260560	4.90134E+20	1000260560	4.90134E+20
7.88070E+03	1000260560	1.47584E+19	1000260560	1.47584E+19
8.52341E+02	1000260560	1.73845E+21	1000260560	1.73845E+21
3.23643E+03	1000260560	4.29494E+21	1000260560	4.29494E+21
1.58323E+03	1000260560	3.34819E+20	1000260560	3.34819E+20
4.78525E+02	1000260560	4.17258E+19	1000260560	4.17258E+19
8.41811E+02	1000260560	2.87641E+20	1000260560	2.87641E+20
3.11019E+02	1000260560	9.46592E+19	1000260560	9.46592E+19
2.27377E+02	1000260560	8.52621E+20	1000260560	8.52621E+20
2.02904E+03	1000260560	4.07554E+21	1000260560	4.07554E+21
4.88002E+02	1000260560	2.56185E+20	1000260560	2.56185E+20
7.53899E+02	1000260560	8.69496E+19	1000260560	8.69496E+19
1.06826E+02	1000260560	7.41973E+20	1000260560	7.41973E+20
1.45760E+03	1000260560	6.32912E+20	1000260560	6.32912E+20
4.26158E+03	1000260560	5.64918E+20	1000260560	5.64918E+20
2.87507E+03	1000260560	9.24757E+18	1000260560	9.24757E+18
4.31144E+03	1000260560	8.49872E+19	1000260560	8.49872E+19
2.76782E+03	1000260560	6.19647E+19	1000260560	6.19647E+19
8.09655E+03	1000260560	1.92290E+20	1000260560	1.92290E+20
4.39852E+03	1000260560	8.89981E+18	1000260560	8.89981E+18
4.41692E+03	1000260560	8.46408E+18	1000260560	8.46408E+18
6.82174E+02	1000260560	4.82076E+20	1000260560	4.82076E+20
5.76564E+03	1000260560	4.73184E+20	1000260560	4.73184E+20
8.56046E+02	1000260560	2.65593E+20	1000260560	2.65593E+20
2.00570E+03	1000260560	6.07787E+21	1000260560	6.07787E+21
8.97179E+03	1000260560	8.94135E+20	1000260560	8.94135E+20
3.86148E+03	1000260560	2.02850E+21	1000260560	2.02850E+21
1.58643E+03	1000260560	5.86455E+19	1000260560	5.86455E+19
1.16601E+03	1000260560	9.43223E+19	1000260560	9.43223E+19
3.73476E+03	1000260560	1.52485E+19	1000260560	1.52485E+19
1.93522E+03	1000260560	6.90922E+18	1000260560	6.90922E+18
2.92813E+03	1000260560	6.61561E+20	1000260560	6.61561E+20
7.87427E+02	1000260560	9.55355E+19	1000260560	9.55355E+19
9.32963E+02	1000260560	1.09423E+21	1000260560	1.09423E+21
6.76066E+02	1000260560	4.39809E+21	1000260560	4.39809E+21
1.14001E+02	1000260560	9.49583E+19	1000260560	9.49583E+19
9.60989E+03	1000260560	5.51960E+19	1000260560	5.51960E+19
3.02897E+03	1000260560	1.32869E+19	1000260560	1.32869E+19
4.54413E+03	1000260560	7.47388E+18	1000260560	7.47388E+18
4.10444E+02	1000260560	6.20954E+19	1000260560	6.20954E+19
7.06659E+03	1000260560	9.88479E+18	1000260560	9.88479E+18
2.53418E+03	1000260560	2.20735E+19	1000260560	2.20735E+19
1.31962E+03	1000260560	1.84342E+19	1000260560	1.84342E+19
8.54632E+02	1000260560	4.67466E+20	1000260560	4.67466E+20
1.60686E+03	1000260560	3.33393E+19	1000260560	3.33393E+19
9.04243E+02	1000260560	4.88729E+19	1000260560	4.88729E+19
7.19408E+03	1000260560	3.26586E+20	1000260560	3.26586E+20
1.83907E+03	1000260560	9.33753E+20	1000260560	9.33753E+20
5.01567E+03	1000260560	6.31597E+19	1000260560	6.31597E+19
9.86837E+03	1000260560	5.06216E+21	1000260560	5.06216E+21
1.61465E+03	1000260560	4.28745E+19	1000260560	4.28745E+19
9.10095E+02	1000260560	5.01116E+19	1000260560	5.01116E+19
3.13592E+03	1000260560	1.64204E+19	1000260560	1.64204E+19
4.58361E+03	1000260560	3.88354E+21	1000260560	3.88354E+21
5.30613E+03	1000260560	8.77614E+18	1000260560	8.77614E+18
2.60676E+03	1000260560	1.45163E+20	1000260560	1.45163E+20
1.03183E+02	1000260560	5.29770E+20	1000260560	5.29770E+20
7.43303E+02	1000260560	1.53403E+21	1000260560	1.53403E+21
2.27907E+03	1000260560	1.69134E+20	1000260560	1.69134E+20
2.75084E+03	1000260560	3.07422E+21	1000260560	3.07422E+21
1.07827E+03	1000260560	1.69033E+21	1000260560	1.69033E+21
1.20744E+03	1000260560	1.19510E+20	1000260560	1.19510E+20
4.06519E+03	1000260560	3.29058E+20	1000260560	3.29058E+20
2.64161E+02	1000260560	4.71251E+21	1000260560	4.71251E+21
4.87067E+02	1000260560	2.86226E+19	1000260560	2.86226E+19
7.19075E+03	1000260560	1.03002E+21	1000260560	1.03002E+21
5.51678E+03	1000260560	5.81206E+19	1000260560	5.81206E+19
7.16069E+02	1000260560	2.48867E+21	1000260560	2.48867E+21
1.80078E+03	1000260560	9.42325E+18	1000260560	9.42325E+18
2.94690E+03	1000260560	2.80308E+19	1000260560	2.80308E+19
6.25480E+03	1000260560	1.11655E+21	1000260560	1.11655E+21
3.89693E+02	1000260560	3.08261E+19	1000260560	3.08261E+19
1.51149E+03	1000260560	1.22631E+20	1000260560	1.22631E+20
2.19800E+03	1000260560	4.69697E+21	1000260560	4.69697E+21
7.77356E+03	1000260560	8.46325E+19	1000260560	8.46325E+19
6.26637E+03	1000260560	7.49968E+18	1000260560	7.49968E+18
8.78785E+03	1000260560	1.89619E+20	1000260560	1.89619E+20
5.75111E+03	1000260560	7.52367E+18	1000260560	7.52367E+18
4.51777E+03	1000260560	8.72598E+20	1000260560	8.72598E+20
3.01621E+03	1000260560	3.16755E+20	1000260560	3.16755E+20
3.09073E+03	1000260560	3.02214E+21	1000260560	3.02214E+21
3.69221E+03	1000260560	3.99158E+19	1000260560	3.99158E+19
6.07785E+02	1000260560	3.90852E+20	1000260560	3.90852E+20
8.83813E+03	1000260560	4.99296E+19	1000260560	4.99296E+19
3.36908E+03	1000260560	3.94549E+20	1000260560	3.94549E+20
5.74442E+03	1000260560	3.75681E+21	1000260560	3.75681E+21
1.24577E+03	1000260560	1.41066E+21	1000260560	1.41066E+21
2.78387E+03	1000260560	1.29971E+20	1000260560	1.29971E+20
2.29283E+03	1000260560	1.52573E+19	1000260560	1.52573E+19
3.23970E+02	1000260560	2.26644E+20	1000260560	2.26644E+20
4.15573E+03	1000260560	1.75441E+19	1000260560	1.75441E+19
5.70049E+02	1000260560	3.14118E+19	1000260560	3.14118E+19
3.85224E+02	1000260560	1.16128E+21	1000260560	1.16128E+21
3.99061E+03	1000260560	9.78351E+18	1000260560	9.78351E+18
5.24868E+03	1000260560	4.09108E+20	1000260560	4.09108E+20
2.63162E+03	1000260560	1.68701E+20	1000260560	1.68701E+20
4.73404E+03	1000260560	5.45111E+19	1000260560	5.45111E+19
9.76309E+03	1000260560	6.29861E+19	1000260560	6.29861E+19
1.64508E+02	1000260560	3.93669E+20	1000260560	3.93669E+20
4.04033E+03	1000260560	1.90560E+20	1000260560	1.90560E+20
5.13364E+02	1000260560	7.18325E+19	1000260560	7.18325E+19
3.06811E+02	1000260560	3.65180E+19	1000260560	3.65180E+19
1.73734E+03	1000260560	2.19820E+21	1000260560	2.19820E+21
5.34362E+03	1000260560	5.97528E+21	1000260560	5.97528E+21
6.73756E+03	1000260560	4.54066E+20	1000260560	4.54066E+20
3.90655E+03	1000260560	7.19210E+18	1000260560	7.19210E+18
9.08926E+02	1000260560	2.68156E+19	1000260560	2.68156E+19
3.60120E+03	1000260560	2.19385E+21	1000260560	2.19385E+21
8.87228E+02	1000260560	5.65671E+21	1000260560	5.65671E+21
2.42068E+03	1000260560	1.51576E+20	1000260560	1.51576E+20
5.96377E+02	1000260560	5.63185E+20	1000260560	5.63185E+20
4.01027E+02	1000260560	1.37565E+20	1000260560	1.37565E+20
7.22033E+03	1000260560	1.53384E+20	1000260560	1.53384E+20
1.43658E+03	1000260560	1.17293E+21	1000260560	1.17293E+21
3.60867E+03	1000260560	1.81729E+19	1000260560	1.81729E+19
3.46156E+03	1000260560	2.42260E+19	1000260560	2.42260E+19
2.76657E+03	1000260560	2.29531E+19	1000260560	2.29531E+19
1.95294E+03	1000260560	1.13694E+19	1000260560	1.13694E+19
7.46458E+03	1000260560	1.24672E+21	1000260560	1.24672E+21
3.27637E+03	1000260560	2.25978E+20	1000260560	2.25978E+20
4.69653E+03	1000260560	2.79371E+20	1000260560	2.79371E+20
5.19457E+03	1000260560	3.12789E+19	1000260560	3.12789E+19
1.96542E+03	1000260560	8.53233E+18	1000260560	8.53233E+18
1.68837E+03	1000260560	2.20148E+20	1000260560	2.20148E+20
6.30763E+03	1000260560	5.59164E+20	1000260560	5.59164E+20
6.13487E+02	1000260560	5.65666E+19	1000260560	5.65666E+19
1.00247E+03	1000260560	5.30884E+20	1000260560	5.30884E+20
9.74136E+02	1000260560	1.14119E+21	1000260560	1.14119E+21
2.32032E+03	1000260560	2.02317E+19	1000260560	2.02317E+19
2.74235E+03	1000260560	4.23132E+21	1000260560	4.23132E+21
4.52616E+03	1000260560	2.13461E+19	1000260560	2.13461E+19
5.76793E+03	1000260560	2.09307E+19	1000260560	2.09307E+19
4.99428E+03	1000260560	2.49564E+21	1000260560	2.49564E+21
7.29363E+03	1000260560	1.18441E+21	1000260560	1.18441E+21
1.35368E+02	1000260560	3.22588E+19	1000260560	3.22588E+19
2.80274E+03	1000260560	7.87940E+20	1000260560	7.87940E+20
1.40985E+03	1000260560	1.08043E+19	1000260560	1.08043E+19
5.93814E+03	1000260560	1.40287E+20	1000260560	1.40287E+20
6.76480E+03	1000260560	2.21013E+20	1000260560	2.21013E+20
6.86978E+03	1000260560	9.02665E+19	1000260560	9.02665E+19
3.32771E+03	1000260560	2.11460E+21	1000260560	2.11460E+21
1.19022E+03	1000260560	1.70979E+19	1000260560	1.70979E+19
4.92272E+03	1000260560	1.17896E+19	1000260560	1.17896E+19
1.73269E+02	1000260560	1.39780E+19	1000260560	1.39780E+19
2.52631E+03	1000260560	8.10053E+19	1000260560	8.10053E+19
2.42082E+02	1000260560	8.66761E+18	1000260560	8.66761E+18
1.08937E+03	1000260560	4.80181E+19	1000260560	4.80181E+19
2.81349E+03	1000260560	5.88316E+20	1000260560	5.88316E+20
2.00560E+03	1000260560	8.56935E+20	1000260560	8.56935E+20
1.83414E+03	1000260560	1.32452E+20	1000260560	1.32452E+20
4.27149E+03	1000260560	1.11092E+21	1000260560	1.11092E+21
1.40278E+03	1000260560	1.23600E+19	1000260560	1.23600E+19
5.06880E+03	1000260560	1.65958E+19	1000260560	1.65958E+19
5.98781E+03	1000260560	6.08522E+21	1000260560	6.08522E+21
5.00670E+02	1000260560	1.12858E+20	1000260560	1.12858E+20
3.73809E+02	1000260560	6.14514E+21	1000260560	6.14514E+21
8.26362E+03	1000260560	4.19876E+20	1000260560	4.19876E+20
1.41823E+03	1000260560	8.38314E+19	1000260560	8.38314E+19
6.45708E+03	1000260560	2.99055E+20	1000260560	2.99055E+20
4.48898E+03	1000260560	3.51930E+19	1000260560	3.51930E+19
4.34396E+03	1000260560	1.63613E+21	1000260560	1.63613E+21
2.65394E+03	1000260560	1.31790E+21	1000260560	1.31790E+21
4.69469E+02	1000260560	9.26929E+20	1000260560	9.26929E+20
4.54817E+03	1000260560	7.09354E+19	1000260560	7.09354E+19
9.00824E+03	1000260560	6.46008E+19	1000260560	6.46008E+19
5.96998E+03	1000260560	1.70950E+20	1000260560	1.70950E+20
8.92647E+03	1000260560	3.25219E+21	1000260560	3.25219E+21
7.79725E+02	1000260560	1.57325E+21	1000260560	1.57325E+21
3.20954E+03	1000260560	6.00584E+19	1000260560	6.00584E+19
4.32367E+03	1000260560	4.13926E+19	1000260560	4.13926E+19
3.14620E+03	1000260560	1.04657E+21	1000260560	1.04657E+21
2.34005E+03	1000260560	1.88432E+20	1000260560	1.88432E+20
3.32617E+03	1000260560	6.90206E+20	1000260560	6.90206E+20
2.00300E+03	1000260560	2.91425E+21	1000260560	2.91425E+21
3.09633E+03	1000260560	1.32210E+20	1000260560	1.32210E+20
8.86096E+03	1000260560	3.83191E+19	1000260560	3.83191E+19
6.77906E+03	1000260560	4.87531E+21	1000260560	4.87531E+21
2.40780E+03	1000260560	2.04118E+19	1000260560	2.04118E+19
1.63919E+03	1000260560	6.37720E+18	1000260560	6.37720E+18
3.08205E+03	1000260560	3.06522E+21	1000260560	3.06522E+21
2.69352E+02	1000260560	5.77820E+20	1000260560	5.77820E+20
3.81642E+03	1000260560	1.95609E+19	1000260560	1.95609E+19
2.54894E+03	1000260560	2.15229E+19	1000260560	2.15229E+19
6.12388E+02	1000260560	2.53696E+19	1000260560	2.53696E+19
6.80941E+03	1000260560	8.00665E+18	1000260560	8.00665E+18
6.86184E+03	1000260560	8.38196E+20	1000260560	8.38196E+20
9.01815E+02	1000260560	3.13101E+21	1000260560	3.13101E+21
6.59990E+03	1000260560	5.33370E+20	1000260560	5.33370E+20
4.87409E+03	1000260560	2.41230E+19	1000260560	2.41230E+19
2.16514E+03	1000260560	1.52347E+20	1000260560	1.52347E+20
1.90690E+03	1000260560	4.60982E+20	1000260560	4.60982E+20
4.39072E+03	1000260560	4.88014E+21	1000260560	4.88014E+21
3.39393E+03	1000260560	4.36826E+19	1000260560	4.36826E+19
2.00112E+03	1000260560	5.52030E+21	1000260560	5.52030E+21
6.79951E+02	1000260560	3.28454E+19	1000260560	3.28454E+19
6.10996E+03	1000260560	1.34756E+21	1000260560	1.34756E+21
6.16050E+03	1000260560	1.81188E+20	1000260560	1.81188E+20
1.60320E+03	1000260560	3.44787E+19	1000260560	3.44787E+19
2.84727E+02	1000260560	3.41655E+19	1000260560	3.41655E+19
3.08449E+03	1000260560	2.75021E+19	1000260560	2.75021E+19
2.49451E+03	1000260560	1.50714E+21	1000260560	1.50714E+21
1.63474E+03	1000260560	6.24012E+19	1000260560	6.24012E+19
2.21853E+03	1000260560	8.30891E+18	1000260560	8.30891E+18
4.63722E+03	1000260560	2.11586E+21	1000260560	2.11586E+21
1.68313E+03	1000260560	1.48006E+19	1000260560	1.48006E+19
4.13752E+02	1000260560	5.68614E+21	1000260560	5.68614E+21
5.49777E+03	1000260560	7.44928E+18	1000260560	7.44928E+18
4.01533E+03	1000260560	1.70762E+20	1000260560	1.70762E+20
1.27638E+03	1000260560	6.07227E+21	1000260560	6.07227E+21
3.85875E+03	1000260560	2.35299E+21	1000260560	2.35299E+21
4.86979E+03	1000260560	8.78928E+18	1000260560	8.78928E+18
4.80347E+03	1000260560	1.14240E+21	1000260560	1.14240E+21
1.60583E+03	1000260560	5.31745E+20	1000260560	5.31745E+20
1.43493E+03	1000260560	1.59958E+21	1000260560	1.59958E+21
1.39937E+03	1000260560	1.05016E+20	1000260560	1.05016E+20
1.82931E+03	1000260560	9.10949E+18	1000260560	9.10949E+18
8.19387E+03	1000260560	1.32872E+21	1000260560	1.32872E+21
7.11072E+03	1000260560	5.12710E+20	1000260560	5.12710E+20
7.53754E+03	1000260560	4.77666E+19	1000260560	4.77666E+19
6.52710E+03	1000260560	2.72937E+19	1000260560	2.72937E+19
4.03915E+03	1000260560	1.63154E+21	1000260560	1.63154E+21
8.34248E+02	1000260560	2.12890E+21	1000260560	2.12890E+21
3.06006E+03	1000260560	3.76388E+21	1000260560	3.76388E+21
1.37722E+03	1000260560	7.95681E+20	1000260560	7.95681E+20
6.86887E+03	1000260560	1.43775E+21	1000260560	1.43775E+21
2.72863E+03	1000260560	8.28799E+20	1000260560	8.28799E+20
4.45336E+03	1000260560	2.99237E+19	1000260560	2.99237E+19
5.30526E+03	1000260560	9.72166E+19	1000260560	9.72166E+19
1.38051E+03	1000260560	1.69889E+20	1000260560	1.69889E+20
5.16567E+02	1000260560	1.51783E+21	1000260560	1.51783E+21
4.68604E+03	1000260560	6.11210E+20	1000260560	6.11210E+20
4.79556E+03	1000260560	1.38739E+21	1000260560	1.38739E+21
3.78979E+02	1000260560	3.77861E+21	1000260560	3.77861E+21
7.50765E+02	1000260560	2.08468E+19	1000260560	2.08468E+19
2.84644E+03	1000260560	2.11622E+20	1000260560	2.11622E+20
1.29392E+03	1000260560	1.49086E+20	1000260560	1.49086E+20
8.18404E+03	1000260560	8.29678E+18	1000260560	8.29678E+18
1.42085E+03	1000260560	2.26523E+21	1000260560	2.26523E+21
6.63045E+02	1000260560	1.10845E+20	1000260560	1.10845E+20
3.83475E+03	1000260560	6.71348E+19	1000260560	6.71348E+19
5.17064E+03	1000260560	2.81176E+21	1000260560	2.81176E+21
1.34043E+03	1000260560	3.86222E+20	1000260560	3.86222E+20
2.01019E+03	1000260560	7.99010E+20	1000260560	7.99010E+20
5.41573E+03	1000260560	7.49957E+18	1000260560	7.49957E+18
5.60154E+03	1000260560	2.00541E+21	1000260560	2.00541E+21
2.25785E+03	1000260560	1.14311E+21	1000260560	1.14311E+21
5.16381E+03	1000260560	1.73709E+20	1000260560	1.73709E+20
7.28033E+03	1000260560	7.74868E+18	1000260560	7.74868E+18
1.73055E+03	1000260560	2.41654E+20	1000260560	2.41654E+20
1.15907E+03	1000260560	2.09857E+20	1000260560	2.09857E+20
5.87243E+03	1000260560	1.11680E+21	1000260560	1.11680E+21
5.74313E+03	1000260560	1.42459E+19	1000260560	1.42459E+19
2.39010E+02	1000260560	4.68008E+21	1000260560	4.68008E+21
5.89096E+03	1000260560	8.64075E+20	1000260560	8.64075E+20
5.28743E+03	1000260560	8.80199E+19	1000260560	8.80199E+19
5.78683E+02	1000260560	1.60328E+20	1000260560	1.60328E+20
6.76239E+03	1000260560	1.14307E+21	1000260560	1.14307E+21
5.78251E+03	1000260560	5.31082E+21	1000260560	5.31082E+21
4.13546E+03	1000260560	2.03985E+21	1000260560	2.03985E+21
3.33640E+03	1000260560	2.45051E+21	1000260560	2.45051E+21
4.18961E+03	1000260560	9.61627E+18	1000260560	9.61627E+18
7.40887E+03	1000260560	2.66893E+19	1000260560	2.66893E+19
7.41881E+03	1000260560	3.03484E+19	1000260560	3.03484E+19
3.51065E+03	1000260560	4.76309E+19	1000260560	4.76309E+19
6.73737E+03	1000260560	1.92078E+20	1000260560	1.92078E+20
8.67999E+02	1000260560	1.06434E+19	1000260560	1.06434E+19
3.74876E+03	1000260560	1.96900E+20	1000260560	1.96900E+20
8.99750E+03	1000260560	5.39780E+20	1000260560	5.39780E+20
7.65193E+03	1000260560	1.53882E+19	1000260560	1.53882E+19
6.92315E+03	1000260560	1.69312E+21	1000260560	1.69312E+21
4.53533E+03	1000260560	1.01805E+19	1000260560	1.01805E+19
1.46538E+03	1000260560	4.03664E+20	1000260560	4.03664E+20
2.76684E+03	1000260560	1.92327E+20	1000260560	1.92327E+20
3.87181E+03	1000260560	9.07861E+18	1000260560	9.07861E+18
7.27747E+03	1000260560	1.14101E+21	1000260560	1.14101E+21
3.77467E+03	1000260560	7.25446E+19	1000260560	7.25446E+19
3.38755E+03	1000260560	5.35003E+19	1000260560	5.35003E+19
5.15194E+03	1000260560	1.28961E+19	1000260560	1.28961E+19
3.98945E+03	1000260560	1.22424E+21	1000260560	1.22424E+21
7.47580E+03	1000260560	4.46866E+21	1000260560	4.46866E+21
2.92708E+03	1000260560	4.18840E+20	1000260560	4.18840E+20
9.90923E+03	1000260560	2.14027E+20	1000260560	2.14027E+20
7.47142E+03	1000260560	3.86200E+19	1000260560	3.86200E+19
4.78274E+03	1000260560	1.23054E+20	1000260560	1.23054E+20
3.57565E+03	1000260560	1.43030E+20	1000260560	1.43030E+20
3.37511E+03	1000260560	5.35369E+21	1000260560	5.35369E+21
4.42012E+03	1000260560	5.23693E+19	1000260560	5.23693E+19
4.94156E+02	1000260560	1.23988E+20	1000260560	1.23988E+20
7.78934E+03	1000260560	1.58038E+19	1000260560	1.58038E+19
6.92870E+03	1000260560	9.50105E+18	1000260560	9.50105E+18
2.56233E+03	1000260560	3.34334E+21	1000260560	3.34334E+21
7.64489E+03	1000260560	1.27370E+20	1000260560	1.27370E+20
7.51280E+03	1000260560	2.38323E+20	1000260560	2.38323E+20
3.98735E+03	1000260560	1.78229E+20	1000260560	1.78229E+20
2.14276E+03	1000260560	1.13769E+20	1000260560	1.13769E+20
1.62085E+03	1000260560	1.05880E+19	1000260560	1.05880E+19
6.08319E+03	1000260560	5.71734E+19	1000260560	5.71734E+19
3.22027E+03	1000260560	2.35064E+20	1000260560	2.35064E+20
1.52693E+03	1000260560	4.82716E+19	1000260560	4.82716E+19
7.88703E+03	1000260560	2.28807E+21	1000260560	2.28807E+21
9.55730E+03	1000260560	5.40902E+19	1000260560	5.40902E+19
8.88520E+02	1000260560	1.18606E+20	1000260560	1.18606E+20
3.43622E+03	1000260560	1.75537E+20	1000260560	1.75537E+20
3.54853E+03	1000260560	7.82747E+20	1000260560	7.82747E+20
1.86812E+03	1000260560	9.31692E+19	1000260560	9.31692E+19
4.05419E+03	1000260560	1.03241E+21	1000260560	1.03241E+21
1.00222E+03	1000260560	4.27600E+19	1000260560	4.27600E+19
3.22445E+03	1000260560	1.16113E+20	1000260560	1.16113E+20
5.07604E+03	1000260560	4.23865E+19	1000260560	4.23865E+19
2.77104E+03	1000260560	4.78215E+20	1000260560	4.78215E+20
3.36316E+03	1000260560	6.37680E+18	1000260560	6.37680E+18
2.51915E+02	1000260560	3.27883E+19	1000260560	3.27883E+19
6.30822E+03	1000260560	3.02865E+21	1000260560	3.02865E+21
1.46442E+02	1000260560	3.03593E+19	1000260560	3.03593E+19
9.13988E+02	1000260560	5.06858E+19	1000260560	5.06858E+19
4.39473E+03	1000260560	1.46683E+20	1000260560	1.46683E+20
4.76328E+03	1000260560	7.16800E+19	1000260560	7.16800E+19
4.06742E+03	1000260560	7.74646E+18	1000260560	7.74646E+18
2.29927E+03	1000260560	4.29256E+21	1000260560	4.29256E+21
4.08186E+02	1000260560	3.53623E+19	1000260560	3.53623E+19
7.51229E+02	1000260560	2.92601E+20	1000260560	2.92601E+20
8.84609E+03	1000260560	5.49717E+21	1000260560	5.49717E+21
5.37393E+03	1000260560	8.44403E+20	1000260560	8.44403E+20
7.32719E+03	1000260560	9.55704E+19	1000260560	9.55704E+19
1.87053E+03	1000260560	1.29659E+21	1000260560	1.29659E+21
8.98399E+03	1000260560	1.67852E+19	1000260560	1.67852E+19
3.64457E+03	1000260560	4.80753E+21	1000260560	4.80753E+21
3.05177E+03	1000260560	2.70240E+19	1000260560	2.70240E+19
1.96233E+03	1000260560	4.65096E+19	1000260560	4.65096E+19
1.99041E+03	1000260560	6.54412E+19	1000260560	6.54412E+19
4.68125E+03	1000260560	6.40181E+20	1000260560	6.40181E+20
1.51945E+02	1000260560	1.58557E+21	1000260560	1.58557E+21
7.09265E+03	1000260560	3.14594E+20	1000260560	3.14594E+20
5.57664E+03	1000260560	6.72731E+19	1000260560	6.72731E+19
1.38281E+03	1000260560	1.73860E+19	1000260560	1.73860E+19
9.64819E+03	1000260560	7.45493E+18	1000260560	7.45493E+18
3.88176E+03	1000260560	5.10255E+20	1000260560	5.10255E+20
7.50502E+03	1000260560	2.61926E+19	1000260560	2.61926E+19
6.91879E+03	1000260560	1.33091E+21	1000260560	1.33091E+21
7.66306E+03	1000260560	1.21692E+20	1000260560	1.21692E+20
2.05878E+03	1000260560	2.71646E+20	1000260560	2.71646E+20
3.93299E+03	1000260560	9.10329E+20	1000260560	9.10329E+20
5.52654E+02	1000260560	2.38669E+21	1000260560	2.38669E+21
5.15915E+03	1000260560	1.19600E+19	1000260560	1.19600E+19
6.59383E+03	1000260560	4.09555E+20	1000260560	4.09555E+20
1.50071E+03	1000260560	2.57946E+21	1000260560	2.57946E+21
6.68736E+02	1000260560	1.62390E+21	1000260560	1.62390E+21
2.68430E+03	1000260560	1.74812E+19	1000260560	1.74812E+19
3.44567E+03	1000260560	9.66518E+18	1000260560	9.66518E+18
1.92774E+03	1000260560	9.71905E+18	1000260560	9.71905E+18
4.06114E+03	1000260560	8.50381E+18	1000260560	8.50381E+18
7.40280E+03	1000260560	3.64828E+21	1000260560	3.64828E+21
4.75871E+03	1000260560	1.21345E+21	1000260560	1.21345E+21
1.09318E+03	1000260560	2.23100E+21	1000260560	2.23100E+21
1.78477E+03	1000260560	4.02691E+21	1000260560	4.02691E+21
3.33489E+03	1000260560	4.68656E+19	1000260560	4.68656E+19
1.93158E+03	1000260560	8.06360E+19	1000260560	8.06360E+19
2.91909E+03	1000260560	9.70514E+20	1000260560	9.70514E+20
2.42535E+03	1000260560	1.06395E+20	1000260560	1.06395E+20
1.03046E+03	1000260560	4.33193E+20	1000260560	4.33193E+20
2.97973E+03	1000260560	7.24292E+20	1000260560	7.24292E+20
1.18771E+03	1000260560	1.34981E+19	1000260560	1.34981E+19
2.71053E+03	1000260560	9.75171E+19	1000260560	9.75171E+19
4.60975E+03	1000260560	1.03205E+19	1000260560	1.03205E+19
7.53275E+03	1000260560	2.66128E+21	1000260560	2.66128E+21
9.06755E+03	1000260560	4.14684E+20	1000260560	4.14684E+20
3.10031E+03	1000260560	2.59234E+19	1000260560	2.59234E+19
2.88132E+03	1000260560	9.36705E+18	1000260560	9.36705E+18
7.48349E+02	1000260560	1.25703E+19	1000260560	1.25703E+19
4.45952E+03	1000260560	8.31794E+19	1000260560	8.31794E+19
1.56280E+03	1000260560	7.28882E+19	1000260560	7.28882E+19
6.00305E+03	1000260560	4.11497E+20	1000260560	4.11497E+20
3.45648E+03	1000260560	1.11845E+19	1000260560	1.11845E+19
4.50867E+03	1000260560	2.08584E+19	1000260560	2.08584E+19
6.90924E+03	1000260560	1.04883E+20	1000260560	1.04883E+20
8.04341E+03	1000260560	3.51794E+21	1000260560	3.51794E+21
2.82785E+03	1000260560	2.24745E+20	1000260560	2.24745E+20
1.84619E+03	1000260560	1.42320E+19	1000260560	1.42320E+19
4.61640E+02	1000260560	8.41065E+18	1000260560	8.41065E+18
1.31217E+03	1000260560	4.55906E+21	1000260560	4.55906E+21
3.09551E+02	1000260560	8.87003E+19	1000260560	8.87003E+19
3.35346E+03	1000260560	3.70524E+20	1000260560	3.70524E+20
5.12707E+03	1000260560	7.50644E+20	1000260560	7.50644E+20
3.07828E+03	1000260560	1.57213E+19	1000260560	1.57213E+19
1.90477E+03	1000260560	1.20764E+21	1000260560	1.20764E+21
1.34834E+02	1000260560	4.80742E+19	1000260560	4.80742E+19
2.82642E+03	1000260560	3.48772E+21	1000260560	3.48772E+21
5.07008E+03	1000260560	2.91506E+19	1000260560	2.91506E+19
5.97858E+02	1000260560	2.91582E+19	1000260560	2.91582E+19
5.00687E+03	1000260560	9.57614E+20	1000260560	9.57614E+20
5.60542E+02	1000260560	6.04928E+21	1000260560	6.04928E+21
1.41648E+02	1000260560	7.94823E+18	1000260560	7.94823E+18
1.71836E+03	1000260560	8.39563E+18	1000260560	8.39563E+18
9.12271E+03	1000260560	2.11823E+19	1000260560	2.11823E+19
3.87484E+03	1000260560	1.71689E+19	1000260560	1.71689E+19
9.77614E+02	1000260560	8.22634E+19	1000260560	8.22634E+19
2.60065E+03	1000260560	2.86098E+19	1000260560	2.86098E+19
1.14100E+03	1000260560	3.98246E+21	1000260560	3.98246E+21
2.88395E+02	1000260560	1.96234E+19	1000260560	1.96234E+19
3.07677E+03	1000260560	1.01976E+19	1000260560	1.01976E+19
5.91650E+03	1000260560	5.83068E+20	1000260560	5.83068E+20
2.33900E+03	1000260560	1.56650E+20	1000260560	1.56650E+20
3.01458E+03	1000260560	2.22149E+19	1000260560	2.22149E+19
3.00713E+03	1000260560	5.61196E+19	1000260560	5.61196E+19
9.02370E+03	1000260560	7.97943E+18	1000260560	7.97943E+18
1.12302E+03	1000260560	2.97617E+20	1000260560	2.97617E+20
8.17119E+03	1000260560	1.75105E+21	1000260560	1.75105E+21
6.64342E+02	1000260560	2.38742E+20	1000260560	2.38742E+20
1.25815E+03	1000260560	1.25763E+21	1000260560	1.25763E+21
7.63918E+02	1000260560	3.55188E+21	1000260560	3.55188E+21
5.56100E+03	1000260560	9.92069E+19	1000260560	9.92069E+19
5.83113E+03	1000260560	1.63061E+19	1000260560	1.63061E+19
5.85607E+03	1000260560	4.34334E+21	1000260560	4.34334E+21
1.21650E+03	1000260560	8.60317E+19	1000260560	8.60317E+19
6.96296E+03	1000260560	2.45787E+19	1000260560	2.45787E+19
6.93128E+03	1000260560	1.95101E+20	1000260560	1.95101E+20
5.52429E+03	1000260560	2.78514E+20	1000260560	2.78514E+20
2.16972E+03	1000260560	1.32964E+19	1000260560	1.32964E+19
2.90998E+03	1000260560	1.36155E+19	1000260560	1.36155E+19
6.64776E+03	1000260560	1.63602E+20	1000260560	1.63602E+20
1.68163E+03	1000260560	3.45794E+21	1000260560	3.45794E+21
3.77056E+03	1000260560	1.38313E+19	1000260560	1.38313E+19
6.16487E+03	1000260560	2.03047E+20	1000260560	2.03047E+20
1.08893E+02	1000260560	4.09032E+21	1000260560	4.09032E+21
4.45971E+03	1000260560	2.65278E+21	1000260560	2.65278E+21
4.30057E+03	1000260560	2.23641E+19	1000260560	2.23641E+19
6.61746E+03	1000260560	5.87889E+20	1000260560	5.87889E+20
5.36144E+02	1000260560	1.28243E+19	1000260560	1.28243E+19
4.06288E+03	1000260560	2.86198E+21	1000260560	2.86198E+21
6.10181E+02	1000260560	7.35352E+18	1000260560	7.35352E+18
4.62862E+02	1000260560	4.16331E+19	1000260560	4.16331E+19
1.47420E+02	1000260560	6.79191E+20	1000260560	6.79191E+20
6.53503E+03	1000260560	1.50381E+21	1000260560	1.50381E+21
3.32675E+03	1000260560	1.97190E+19	1000260560	1.97190E+19
3.23323E+03	1000260560	9.58368E+18	1000260560	9.58368E+18
8.89163E+03	1000260560	4.90222E+20	1000260560	4.90222E+20
3.43562E+03	1000260560	4.75467E+19	1000260560	4.75467E+19
6.89749E+02	1000260560	2.68311E+19	1000260560	2.68311E+19
4.64065E+02	1000260560	1.27954E+19	1000260560	1.27954E+19
3.42285E+03	1000260560	7.28201E+18	1000260560	7.28201E+18
1.07131E+03	1000260560	1.98224E+20	1000260560	1.98224E+20
5.82633E+03	1000260560	4.64330E+21	1000260560	4.64330E+21
4.28921E+03	1000260560	1.14307E+20	1000260560	1.14307E+20
2.73091E+03	1000260560	2.25118E+21	1000260560	2.25118E+21
2.83193E+03	1000260560	1.16622E+19	1000260560	1.16622E+19
7.92435E+03	1000260560	2.17423E+20	1000260560	2.17423E+20
1.19217E+03	1000260560	2.08110E+20	1000260560	2.08110E+20
4.89315E+02	1000260560	5.74874E+20	1000260560	5.74874E+20
1.11398E+03	1000260560	5.92403E+19	1000260560	5.92403E+19
2.17751E+02	1000260560	3.06936E+21	1000260560	3.06936E+21
4.09347E+03	1000260560	1.52212E+20	1000260560	1.52212E+20
4.22527E+02	1000260560	3.54333E+21	1000260560	3.54333E+21
1.41678E+03	1000260560	9.83407E+18	1000260560	9.83407E+18
2.98834E+02	1000260560	7.13243E+18	1000260560	7.13243E+18
8.21683E+03	1000260560	1.26975E+21	1000260560	1.26975E+21
5.90362E+02	1000260560	4.70034E+21	1000260560	4.70034E+21
9.13133E+03	1000260560	4.81454E+19	1000260560	4.81454E+19
2.86302E+03	1000260560	7.47428E+20	1000260560	7.47428E+20
5.60101E+03	1000260560	3.71889E+19	1000260560	3.71889E+19
8.54029E+02	1000260560	1.47899E+19	1000260560	1.47899E+19
2.46647E+03	1000260560	5.95184E+19	1000260560	5.95184E+19
5.26954E+03	1000260560	1.38384E+19	1000260560	1.38384E+19
8.72316E+03	1000260560	2.06432E+20	1000260560	2.06432E+20
9.24136E+03	1000260560	4.67275E+21	1000260560	4.67275E+21
2.08222E+03	1000260560	1.24042E+19	1000260560	1.24042E+19
4.36002E+02	1000260560	5.95404E+19	1000260560	5.95404E+19
5.29999E+03	1000260560	8.21574E+20	1000260560	8.21574E+20
2.54604E+03	1000260560	1.68789E+20	1000260560	1.68789E+20
1.81347E+03	1000260560	6.83730E+19	1000260560	6.83730E+19
4.06902E+03	1000260560	4.89097E+19	1000260560	4.89097E+19
2.14244E+03	1000260560	7.80708E+20	1000260560	7.80708E+20
1.50862E+03	1000260560	6.51013E+19	1000260560	6.51013E+19
6.24369E+02	1000260560	8.41982E+20	1000260560	8.41982E+20
5.77180E+02	1000260560	1.87606E+20	1000260560	1.87606E+20
2.06827E+03	1000260560	1.13544E+21	1000260560	1.13544E+21
1.38239E+03	1000260560	6.74544E+18	1000260560	6.74544E+18
4.51394E+03	1000260560	5.01879E+19	1000260560	5.01879E+19
5.96081E+03	1000260560	1.26985E+20	1000260560	1.26985E+20
3.71324E+03	1000260560	1.78490E+19	1000260560	1.78490E+19
3.01923E+03	1000260560	3.11928E+20	1000260560	3.11928E+20
3.39735E+03	1000260560	5.54811E+21	1000260560	5.54811E+21
1.09852E+02	1000260560	2.31424E+20	1000260560	2.31424E+20
1.56777E+03	1000260560	8.31837E+20	1000260560	8.31837E+20
4.57763E+03	1000260560	3.30131E+21	1000260560	3.30131E+21
5.49385E+02	1000260560	6.85081E+18	1000260560	6.85081E+18
3.40468E+03	1000260560	3.14552E+19	1000260560	3.14552E+19
3.39179E+03	1000260560	1.05757E+21	1000260560	1.05757E+21
6.77253E+02	1000260560	2.04679E+21	1000260560	2.04679E+21
3.06642E+03	1000260560	4.49651E+21	1000260560	4.49651E+21
4.91207E+02	1000260560	4.48127E+21	1000260560	4.48127E+21
4.95453E+03	1000260560	4.53281E+21	1000260560	4.53281E+21
1.19942E+02	1000260560	1.06748E+19	1000260560	1.06748E+19
3.36442E+02	1000260560	5.76269E+20	1000260560	5.76269E+20
2.40512E+03	1000260560	3.76343E+20	1000260560	3.76343E+20
3.39702E+03	1000260560	1.32618E+21	1000260560	1.32618E+21
2.01631E+03	1000260560	2.13347E+21	1000260560	2.13347E+21
7.13642E+02	1000260560	4.15655E+19	1000260560	4.15655E+19
6.10084E+03	1000260560	7.02966E+20	1000260560	7.02966E+20
8.51031E+03	1000260560	1.49739E+20	1000260560	1.49739E+20
7.27383E+03	1000260560	1.01066E+21	1000260560	1.01066E+21
3.52393E+03	1000260560	1.65728E+21	1000260560	1.65728E+21
2.82972E+03	1000260560	6.26321E+18	1000260560	6.26321E+18
2.02082E+03	1000260560	6.18554E+20	1000260560	6.18554E+20
7.96271E+03	1000260560	1.32928E+20	1000260560	1.32928E+20
1.24456E+03	1000260560	1.95479E+19	1000260560	1.95479E+19
7.41548E+03	1000260560	8.52604E+20	1000260560	8.52604E+20
2.20319E+03	1000260560	1.37282E+21	1000260560	1.37282E+21
4.56409E+03	1000260560	1.96028E+19	1000260560	1.96028E+19
1.15265E+03	1000260560	3.12101E+20	1000260560	3.12101E+20
4.49036E+03	1000260560	7.35628E+18	1000260560	7.35628E+18
8.42128E+03	1000260560	3.56522E+21	1000260560	3.56522E+21
4.31848E+03	1000260560	5.26577E+21	1000260560	5.26577E+21
8.49957E+03	1000260560	2.18890E+19	1000260560	2.18890E+19
6.54716E+03	1000260560	1.92351E+21	1000260560	1.92351E+21
3.99309E+03	1000260560	4.61165E+20	1000260560	4.61165E+20
6.61445E+02	1000260560	3.91642E+21	1000260560	3.91642E+21
6.73690E+03	1000260560	2.43707E+20	1000260560	2.43707E+20
3.61514E+03	1000260560	6.28940E+19	1000260560	6.28940E+19
4.72351E+03	1000260560	2.31056E+20	1000260560	2.31056E+20
8.60958E+02	1000260560	3.81462E+21	1000260560	3.81462E+21
5.32586E+03	1000260560	4.71574E+20	1000260560	4.71574E+20
7.61565E+02	1000260560	2.10637E+20	1000260560	2.10637E+20
3.70326E+03	1000260560	2.36904E+21	1000260560	2.36904E+21
6.04411E+03	1000260560	4.60781E+19	1000260560	4.60781E+19
2.40827E+03	1000260560	1.81790E+19	1000260560	1.81790E+19
2.39465E+03	1000260560	5.36616E+21	1000260560	5.36616E+21
2.12616E+03	1000260560	5.34771E+19	1000260560	5.34771E+19
1.99937E+03	1000260560	1.18541E+19	1000260560	1.18541E+19
8.37559E+03	1000260560	9.33702E+19	1000260560	9.33702E+19
2.01938E+03	1000260560	7.91606E+19	1000260560	7.91606E+19
8.70645E+03	1000260560	1.04662E+19	1000260560	1.04662E+19
7.03519E+03	1000260560	9.10274E+18	1000260560	9.10274E+18
3.69688E+02	1000260560	2.24587E+21	1000260560	2.24587E+21
3.63335E+03	1000260560	7.60131E+18	1000260560	7.60131E+18
9.30308E+03	1000260560	2.56854E+21	1000260560	2.56854E+21
4.99918E+03	1000260560	5.78311E+21	1000260560	5.78311E+21
7.63546E+02	1000260560	9.56242E+18	1000260560	9.56242E+18
4.67585E+03	1000260560	1.07120E+21	1000260560	1.07120E+21
4.37544E+02	1000260560	1.44520E+21	1000260560	1.44520E+21
2.69436E+03	1000260560	6.98566E+18	1000260560	6.98566E+18
2.04407E+03	1000260560	2.39485E+21	1000260560	2.39485E+21
4.65139E+02	1000260560	4.00715E+20	1000260560	4.00715E+20
4.72323E+02	1000260560	6.90275E+18	1000260560	6.90275E+18
2.82812E+03	1000260560	9.23886E+20	1000260560	9.23886E+20
3.85815E+03	1000260560	1.00224E+21	1000260560	1.00224E+21
4.19295E+03	1000260560	1.75074E+20	1000260560	1.75074E+20
5.96710E+03	1000260560	5.33043E+19	1000260560	5.33043E+19
1.45070E+03	1000260560	1.74767E+20	1000260560	1.74767E+20
3.90991E+03	1000260560	9.14527E+20	1000260560	9.14527E+20
1.48826E+03	1000260560	2.34393E+19	1000260560	2.34393E+19
5.77782E+03	1000260560	2.25919E+21	1000260560	2.25919E+21
9.37010E+03	1000260560	2.11999E+21	1000260560	2.11999E+21
1.80591E+02	1000260560	3.17221E+21	1000260560	3.17221E+21
1.26309E+02	1000260560	7.65085E+19	1000260560	7.65085E+19
5.39472E+03	1000260560	2.60607E+19	1000260560	2.60607E+19
3.11209E+03	1000260560	1.57298E+20	1000260560	1.57298E+20
3.66819E+03	1000260560	4.54988E+21	1000260560	4.54988E+21
3.08383E+03	1000260560	1.71096E+19	1000260560	1.71096E+19
8.46596E+03	1000260560	9.83176E+19	1000260560	9.83176E+19
1.60225E+03	1000260560	8.01497E+18	1000260560	8.01497E+18
5.39066E+03	1000260560	5.20627E+19	1000260560	5.20627E+19
6.74957E+03	1000260560	1.81391E+21	1000260560	1.81391E+21
4.60388E+03	1000260560	1.29810E+20	1000260560	1.29810E+20
3.68622E+03	1000260560	1.98838E+19	1000260560	1.98838E+19
1.70753E+03	1000260560	1.51148E+21	1000260560	1.51148E+21
7.54536E+03	1000260560	4.47115E+21	1000260560	4.47115E+21
1.29352E+03	1000260560	1.78008E+21	1000260560	1.78008E+21
6.86624E+03	1000260560	1.06614E+20	1000260560	1.06614E+20
1.60464E+03	1000260560	3.77903E+21	1000260560	3.77903E+21
8.42647E+02	1000260560	5.48901E+20	1000260560	5.48901E+20
1.09248E+03	1000260560	1.44588E+19	1000260560	1.44588E+19
8.07701E+03	1000260560	1.43130E+19	1000260560	1.43130E+19
2.33438E+03	1000260560	1.74528E+21	1000260560	1.74528E+21
3.67298E+03	1000260560	3.07743E+19	1000260560	3.07743E+19
4.08883E+03	1000260560	1.46269E+19	1000260560	1.46269E+19
1.97987E+03	1000260560	9.67732E+18	1000260560	9.67732E+18
5.38726E+03	1000260560	7.44301E+20	1000260560	7.44301E+20
6.20827E+03	1000260560	5.57903E+20	1000260560	5.57903E+20
1.29359E+03	1000260560	5.50509E+20	1000260560	5.50509E+20
1.59896E+03	1000260560	8.15891E+18	1000260560	8.15891E+18
4.54336E+03	1000260560	2.10246E+19	1000260560	2.10246E+19
6.92229E+03	1000260560	1.36025E+21	1000260560	1.36025E+21
1.04926E+03	1000260560	1.73294E+21	1000260560	1.73294E+21
4.51800E+02	1000260560	2.86340E+21	1000260560	2.86340E+21
8.71566E+02	1000260560	8.16767E+20	1000260560	8.16767E+20
3.22446E+03	1000260560	1.32612E+19	1000260560	1.32612E+19
1.14869E+03	1000260560	1.76163E+21	1000260560	1.76163E+21
1.05513E+03	1000260560	6.52963E+18	1000260560	6.52963E+18
6.19427E+02	1000260560	1.10765E+20	1000260560	1.10765E+20
5.78022E+03	1000260560	2.38749E+20	1000260560	2.38749E+20
1.59691E+03	1000260560	1.31321E+19	1000260560	1.31321E+19
6.28488E+03	1000260560	8.93028E+19	1000260560	8.93028E+19
6.75465E+03	1000260560	2.22457E+19	1000260560	2.22457E+19
4.33305E+03	1000260560	1.33297E+20	1000260560	1.33297E+20
1.59160E+03	1000260560	1.29717E+21	1000260560	1.29717E+21
3.77459E+03	1000260560	2.88248E+19	1000260560	2.88248E+19
4.42357E+03	1000260560	1.64889E+20	1000260560	1.64889E+20
6.36659E+02	1000260560	4.47452E+21	1000260560	4.47452E+21
1.02035E+03	1000260560	3.44982E+19	1000260560	3.44982E+19
4.92620E+03	1000260560	3.78588E+20	1000260560	3.78588E+20
3.91227E+02	1000260560	1.57074E+21	1000260560	1.57074E+21
1.19364E+03	1000260560	1.61005E+21	1000260560	1.61005E+21
7.18037E+02	1000260560	3.28029E+19	1000260560	3.28029E+19
4.63961E+03	1000260560	8.07264E+18	1000260560	8.07264E+18
2.23502E+03	1000260560	1.64140E+21	1000260560	1.64140E+21
1.75597E+03	1000260560	4.36859E+19	1000260560	4.36859E+19
7.22366E+03	1000260560	2.75656E+21	1000260560	2.75656E+21
7.43838E+03	1000260560	1.88246E+21	1000260560	1.88246E+21
6.20505E+03	1000260560	1.40905E+20	1000260560	1.40905E+20
2.91551E+03	1000260560	2.16129E+19	1000260560	2.16129E+19
4.28619E+03	1000260560	2.24654E+20	1000260560	2.24654E+20
6.40668E+03	1000260560	2.35982E+19	1000260560	2.35982E+19
3.49369E+03	1000260560	1.21958E+21	1000260560	1.21958E+21
7.39274E+03	1000260560	1.88962E+20	1000260560	1.88962E+20
3.20756E+03	1000260560	1.56237E+19	1000260560	1.56237E+19
2.69189E+03	1000260560	1.91305E+21	1000260560	1.91305E+21
4.34862E+02	1000260560	3.56173E+19	1000260560	3.56173E+19
1.35371E+02	1000260560	2.42097E+19	1000260560	2.42097E+19
7.12444E+03	1000260560	4.48391E+19	1000260560	4.48391E+19
4.19767E+03	1000260560	1.28704E+19	1000260560	1.28704E+19
5.50551E+02	1000260560	6.64848E+18	1000260560	6.64848E+18
3.16910E+03	1000260560	7.42610E+20	1000260560	7.42610E+20
8.73834E+03	1000260560	3.20834E+21	1000260560	3.20834E+21
4.54494E+03	1000260560	1.04075E+21	1000260560	1.04075E+21
1.09238E+03	1000260560	3.57457E+21	1000260560	3.57457E+21
5.64369E+03	1000260560	2.81075E+19	1000260560	2.81075E+19
9.67207E+02	1000260560	3.76810E+21	1000260560	3.76810E+21
2.45948E+03	1000260560	1.04816E+21	1000260560	1.04816E+21
8.22872E+02	1000260560	6.12213E+19	1000260560	6.12213E+19
1.91998E+03	1000260560	2.37876E+21	1000260560	2.37876E+21
3.41299E+02	1000260560	2.35712E+21	1000260560	2.35712E+21
5.76478E+03	1000260560	1.17752E+21	1000260560	1.17752E+21
4.65488E+03	1000260560	8.44405E+18	1000260560	8.44405E+18
3.35753E+03	1000260560	1.96124E+19	1000260560	1.96124E+19
7.45003E+03	1000260560	5.14422E+19	1000260560	5.14422E+19
2.58447E+03	1000260560	9.47370E+19	1000260560	9.47370E+19
9.03515E+03	1000260560	3.74231E+19	1000260560	3.74231E+19
4.94707E+03	1000260560	4.36774E+21	1000260560	4.36774E+21
4.93009E+03	1000260560	1.19152E+19	1000260560	1.19152E+19
9.63337E+03	1000260560	1.16460E+19	1000260560	1.16460E+19
2.09757E+03	1000260560	7.31292E+19	1000260560	7.31292E+19
4.85238E+02	1000260560	2.16527E+21	1000260560	2.16527E+21
1.98841E+03	1000260560	7.23919E+20	1000260560	7.23919E+20
4.83383E+03	1000260560	4.94370E+21	1000260560	4.94370E+21
1.34048E+03	1000260560	3.17762E+19	1000260560	3.17762E+19
1.99778E+02	1000260560	2.91243E+19	1000260560	2.91243E+19
2.18774E+03	1000260560	3.15706E+19	1000260560	3.15706E+19
8.75186E+03	1000260560	3.84003E+21	1000260560	3.84003E+21
5.90494E+03	1000260560	5.39126E+20	1000260560	5.39126E+20
3.10546E+03	1000260560	1.49648E+20	1000260560	1.49648E+20
7.25045E+03	1000260560	1.54830E+19	1000260560	1.54830E+19
8.72646E+02	1000260560	8.69070E+18	1000260560	8.69070E+18
2.56796E+03	1000260560	5.65259E+20	1000260560	5.65259E+20
5.54331E+03	1000260560	9.53700E+19	1000260560	9.53700E+19
6.62250E+03	1000260560	3.80128E+19	1000260560	3.80128E+19
4.23295E+03	1000260560	3.44708E+19	1000260560	3.44708E+19
1.23916E+03	1000260560	1.50684E+21	1000260560	1.50684E+21
3.72261E+03	1000260560	1.88573E+21	1000260560	1.88573E+21
2.70630E+03	1000260560	5.44415E+21	1000260560	5.44415E+21
1.66747E+03	1000260560	4.24360E+20	1000260560	4.24360E+20
8.54679E+03	1000260560	3.17891E+20	1000260560	3.17891E+20
1.39967E+03	1000260560	1.15459E+20	1000260560	1.15459E+20
5.12475E+03	1000260560	1.04731E+19	1000260560	1.04731E+19
5.57700E+02	1000260560	1.56607E+21	1000260560	1.56607E+21
2.83554E+03	1000260560	1.52661E+20	1000260560	1.52661E+20
6.83235E+03	1000260560	4.87899E+21	1000260560	4.87899E+21
2.73873E+02	1000260560	1.13881E+19	1000260560	1.13881E+19
1.58944E+03	1000260560	1.04201E+20	1000260560	1.04201E+20
9.53520E+02	1000260560	9.69081E+20	1000260560	9.69081E+20
4.14806E+03	1000260560	5.56223E+19	1000260560	5.56223E+19
1.13805E+03	1000260560	2.27699E+20	1000260560	2.27699E+20
8.67916E+02	1000260560	1.79848E+21	1000260560	1.79848E+21
9.70542E+03	1000260560	5.81148E+20	1000260560	5.81148E+20
2.27909E+03	1000260560	2.51143E+20	1000260560	2.51143E+20
7.40065E+03	1000260560	9.75096E+20	1000260560	9.75096E+20
2.59192E+03	1000260560	1.84498E+21	1000260560	1.84498E+21
3.57045E+03	1000260560	5.65847E+21	1000260560	5.65847E+21
7.76593E+02	1000260560	2.10440E+20	1000260560	2.10440E+20
5.34434E+02	1000260560	5.25418E+20	1000260560	5.25418E+20
3.13833E+03	1000260560	4.98249E+19	1000260560	4.98249E+19
2.04798E+02	1000260560	6.32955E+19	1000260560	6.32955E+19
7.48159E+03	1000260560	4.89837E+20	1000260560	4.89837E+20
1.19476E+03	1000260560	1.39175E+21	1000260560	1.39175E+21
5.21173E+03	1000260560	4.06646E+20	1000260560	4.06646E+20
6.99649E+03	1000260560	2.05683E+21	1000260560	2.05683E+21
3.45455E+03	1000260560	2.32960E+19	1000260560	2.32960E+19
5.46890E+03	1000260560	1.95184E+21	1000260560	1.95184E+21
1.01751E+03	1000260560	2.66681E+19	1000260560	2.66681E+19
9.58503E+03	1000260560	1.34666E+20	1000260560	1.34666E+20
3.98895E+03	1000260560	9.54094E+18	1000260560	9.54094E+18
1.46689E+03	1000260560	1.03027E+21	1000260560	1.03027E+21
4.94878E+03	1000260560	9.48048E+19	1000260560	9.48048E+19
7.57172E+03	1000260560	6.21585E+20	1000260560	6.21585E+20
4.28575E+03	1000260560	1.40041E+20	1000260560	1.40041E+20
2.41953E+03	1000260560	2.42451E+19	1000260560	2.42451E+19
3.32657E+03	1000260560	5.85070E+20	1000260560	5.85070E+20
2.09334E+02	1000260560	3.15685E+20	1000260560	3.15685E+20
9.87427E+02	1000260560	5.46814E+21	1000260560	5.46814E+21
4.45587E+03	1000260560	6.30404E+20	1000260560	6.30404E+20
4.67521E+02	1000260560	1.58139E+21	1000260560	1.58139E+21
6.70085E+03	1000260560	6.36819E+18	1000260560	6.36819E+18
5.06578E+03	1000260560	2.07236E+19	1000260560	2.07236E+19
5.17606E+03	1000260560	3.15223E+19	1000260560	3.15223E+19
3.24056E+03	1000260560	5.59531E+19	1000260560	5.59531E+19
3.89129E+03	1000260560	1.34795E+20	1000260560	1.34795E+20
4.17346E+02	1000260560	6.76327E+18	1000260560	6.76327E+18
4.30450E+02	1000260560	5.18941E+20	1000260560	5.18941E+20
1.58861E+03	1000260560	3.81956E+20	1000260560	3.81956E+20
1.20949E+03	1000260560	2.34251E+21	1000260560	2.34251E+21
1.75369E+03	1000260560	2.26812E+19	1000260560	2.26812E+19
2.02455E+03	1000260560	8.03137E+19	1000260560	8.03137E+19
7.03697E+03	1000260560	1.28781E+20	1000260560	1.28781E+20
2.36470E+02	1000260560	5.64080E+19	1000260560	5.64080E+19
3.46742E+03	1000260560	9.72106E+20	1000260560	9.72106E+20
5.88326E+03	1000260560	1.04377E+21	1000260560	1.04377E+21
2.08842E+03	1000260560	3.19057E+20	1000260560	3.19057E+20
6.22336E+03	1000260560	8.94593E+20	1000260560	8.94593E+20
7.97114E+03	1000260560	1.01274E+20	1000260560	1.01274E+20
9.94682E+02	1000260560	1.46341E+20	1000260560	1.46341E+20
2.00726E+03	1000260560	1.17990E+21	1000260560	1.17990E+21
6.99049E+02	1000260560	4.00713E+19	1000260560	4.00713E+19
7.10694E+03	1000260560	9.94172E+20	1000260560	9.94172E+20
8.59869E+03	1000260560	1.19535E+21	1000260560	1.19535E+21
5.33732E+03	1000260560	1.91719E+19	1000260560	1.91719E+19
4.33842E+03	1000260560	1.49066E+21	1000260560	1.49066E+21
3.59045E+03	1000260560	5.10989E+21	1000260560	5.10989E+21
2.82378E+03	1000260560	2.87497E+20	1000260560	2.87497E+20
1.45258E+03	1000260560	1.72984E+19	1000260560	1.72984E+19
7.85547E+02	1000260560	1.38601E+20	1000260560	1.38601E+20
1.49426E+03	1000260560	8.37932E+19	1000260560	8.37932E+19
2.40915E+03	1000260560	3.49337E+21	1000260560	3.49337E+21
1.66277E+03	1000260560	3.90496E+20	1000260560	3.90496E+20
2.85019E+03	1000260560	4.67394E+21	1000260560	4.67394E+21
6.70419E+03	1000260560	1.87488E+20	1000260560	1.87488E+20
5.37474E+03	1000260560	3.24520E+19	1000260560	3.24520E+19
4.41876E+02	1000260560	7.10264E+19	1000260560	7.10264E+19
4.26308E+03	1000260560	1.66022E+19	1000260560	1.66022E+19
1.36971E+03	1000260560	1.52721E+20	1000260560	1.52721E+20
2.15546E+03	1000260560	8.41385E+20	1000260560	8.41385E+20
7.11092E+03	1000260560	1.79173E+21	1000260560	1.79173E+21
4.69919E+03	1000260560	3.46991E+19	1000260560	3.46991E+19
8.30605E+02	1000260560	1.99090E+19	1000260560	1.99090E+19
3.79153E+03	1000260560	2.77230E+19	1000260560	2.77230E+19
1.48873E+03	1000260560	2.43956E+21	1000260560	2.43956E+21
2.61974E+03	1000260560	6.00375E+20	1000260560	6.00375E+20
1.89713E+03	1000260560	1.58135E+19	1000260560	1.58135E+19
7.65500E+03	1000260560	8.13772E+20	1000260560	8.13772E+20
4.93296E+02	1000260560	7.54374E+18	1000260560	7.54374E+18
2.55099E+02	1000260560	1.23689E+20	1000260560	1.23689E+20
3.80565E+03	1000260560	8.02646E+18	1000260560	8.02646E+18
2.82343E+03	1000260560	2.41179E+19	1000260560	2.41179E+19
1.96611E+03	1000260560	5.60247E+21	1000260560	5.60247E+21
6.01209E+03	1000260560	5.02850E+21	1000260560	5.02850E+21
3.18087E+03	1000260560	7.81130E+19	1000260560	7.81130E+19
1.75596E+03	1000260560	7.49440E+19	1000260560	7.49440E+19
1.46903E+03	1000260560	1.14170E+20	1000260560	1.14170E+20
4.43293E+03	1000260560	4.80746E+21	1000260560	4.80746E+21
1.24414E+03	1000260560	8.64606E+18	1000260560	8.64606E+18
4.14220E+03	1000260560	2.65598E+20	1000260560	2.65598E+20
4.13201E+03	1000260560	6.31647E+20	1000260560	6.31647E+20
7.81040E+02	1000260560	1.14107E+19	1000260560	1.14107E+19
4.01335E+03	1000260560	6.63533E+19	1000260560	6.63533E+19
3.39101E+03	1000260560	2.29991E+20	1000260560	2.29991E+20
4.27793E+02	1000260560	1.24694E+20	1000260560	1.24694E+20
9.38940E+03	1000260560	5.76228E+19	1000260560	5.76228E+19
8.35375E+03	1000260560	6.77514E+20	1000260560	6.77514E+20
2.57101E+03	1000260560	9.81825E+18	1000260560	9.81825E+18
6.82200E+02	1000260560	1.53916E+19	1000260560	1.53916E+19
2.15979E+03	1000260560	7.38675E+19	1000260560	7.38675E+19
6.57591E+02	1000260560	1.80286E+20	1000260560	1.80286E+20
7.72071E+03	1000260560	3.73015E+19	1000260560	3.73015E+19
7.35783E+03	1000260560	1.53980E+21	1000260560	1.53980E+21
4.88636E+02	1000260560	4.19645E+20	1000260560	4.19645E+20
4.05905E+03	1000260560	1.62542E+19	1000260560	1.62542E+19
1.90518E+03	1000260560	6.32499E+20	1000260560	6.32499E+20
6.02996E+03	1000260560	2.10483E+20	1000260560	2.10483E+20
2.77868E+03	1000260560	6.50291E+18	1000260560	6.50291E+18
1.06487E+03	1000260560	2.42309E+19	1000260560	2.42309E+19
3.26083E+03	1000260560	9.62309E+18	1000260560	9.62309E+18
2.43057E+03	1000260560	7.50970E+18	1000260560	7.50970E+18
3.62309E+03	1000260560	2.58031E+19	1000260560	2.58031E+19
3.44220E+02	1000260560	2.44308E+19	1000260560	2.44308E+19
8.32294E+03	1000260560	1.12043E+21	1000260560	1.12043E+21
2.05308E+03	1000260560	5.76478E+19	1000260560	5.76478E+19
6.67409E+03	1000260560	6.07942E+21	1000260560	6.07942E+21
2.59763E+03	1000260560	2.79156E+20	1000260560	2.79156E+20
2.25899E+03	1000260560	3.00642E+20	1000260560	3.00642E+20
1.92010E+02	1000260560	3.12722E+19	1000260560	3.12722E+19
4.02008E+03	1000260560	8.40551E+18	1000260560	8.40551E+18
3.91219E+03	1000260560	1.00565E+19	1000260560	1.00565E+19
1.02364E+03	1000260560	6.08492E+20	1000260560	6.08492E+20
3.29364E+03	1000260560	1.57579E+20	1000260560	1.57579E+20
5.20279E+02	1000260560	1.54600E+21	1000260560	1.54600E+21
4.86964E+02	1000260560	2.35315E+19	1000260560	2.35315E+19
7.88891E+03	1000260560	3.67822E+19	1000260560	3.67822E+19
6.23719E+03	1000260560	3.89833E+21	1000260560	3.89833E+21
3.84880E+03	1000260560	1.51416E+21	1000260560	1.51416E+21
2.18959E+03	1000260560	3.22887E+19	1000260560	3.22887E+19
6.29542E+03	1000260560	5.51543E+20	1000260560	5.51543E+20
9.60314E+02	1000260560	2.14928E+20	1000260560	2.14928E+20
4.02538E+03	1000260560	3.01515E+20	1000260560	3.01515E+20
6.01626E+03	1000260560	5.14232E+19	1000260560	5.14232E+19
1.93130E+03	1000260560	5.20237E+21	1000260560	5.20237E+21
1.86120E+03	1000260560	2.38290E+20	1000260560	2.38290E+20
4.78151E+02	1000260560	5.04658E+19	1000260560	5.04658E+19
4.28670E+03	1000260560	2.43410E+21	1000260560	2.43410E+21
5.58202E+03	1000260560	2.09935E+20	1000260560	2.09935E+20
1.70772E+03	1000260560	2.18089E+21	1000260560	2.18089E+21
1.95725E+02	1000260560	7.81015E+19	1000260560	7.81015E+19
6.13595E+02	1000260560	3.24685E+20	1000260560	3.24685E+20
2.33193E+03	1000260560	3.25115E+20	1000260560	3.25115E+20
2.16323E+02	1000260560	2.69005E+19	1000260560	2.69005E+19
4.84826E+03	1000260560	4.50797E+19	1000260560	4.50797E+19
7.08839E+02	1000260560	4.07900E+21	1000260560	4.07900E+21
4.28840E+03	1000260560	2.02083E+21	1000260560	2.02083E+21
5.89557E+02	1000260560	3.41453E+21	1000260560	3.41453E+21
1.84124E+03	1000260560	2.56481E+20	1000260560	2.56481E+20
2.09426E+02	1000260560	8.82965E+18	1000260560	8.82965E+18
1.70675E+03	1000260560	4.14397E+19	1000260560	4.14397E+19
