#	D	ID	E	ID0	E0
#
# D             Trajectory length [1 Mpc]
# ID/ID0/ID1    Particle type (PDG MC numbering scheme)
# E/E0/E1       Energy [1 EeV]
# no index = current, 0 = at source, 1 = at point of creation
#
# CRPropa version: -128-NOTFOUND
#
1.08494E+03	1000010010	9.15595E+18	1000010010	9.15595E+18
2.19889E+03	1000010010	1.16057E+21	1000010010	1.16057E+21
3.47229E+03	1000010010	6.42361E+19	1000010010	6.42361E+19
4.64893E+03	1000010010	2.81049E+19	1000010010	2.81049E+19
1.98386E+03	1000010010	5.48633E+21	1000010010	5.48633E+21
1.87227E+03	1000010010	2.19288E+19	1000010010	2.19288E+19
4.87784E+03	1000010010	5.02713E+19	1000010010	5.02713E+19
3.93763E+02	1000010010	1.55291E+19	1000010010	1.55291E+19
3.13599E+03	1000010010	5.66494E+20	1000010010	5.66494E+20
4.33107E+03	1000010010	6.33530E+20	1000010010	6.33530E+20
2.77794E+03	1000010010	1.39325E+21	1000010010	1.39325E+21
8.64044E+03	1000010010	2.81722E+20	1000010010	2.81722E+20
1.53933E+03	1000010010	5.04420E+21	1000010010	5.04420E+21
3.33142E+03	1000010010	1.55320E+19	1000010010	1.55320E+19
1.32835E+03	1000010010	7.16681E+20	1000010010	7.16681E+20
2.79421E+03	1000010010	2.61146E+20	1000010010	2.61146E+20
1.81070E+03	1000010010	2.43495E+20	1000010010	2.43495E+20
6.35507E+03	1000010010	4.49082E+19	1000010010	4.49082E+19
3.74711E+03	1000010010	7.09320E+18	1000010010	7.09320E+18
3.10882E+02	1000010010	6.81570E+20	1000010010	6.81570E+20
1.63479E+03	1000010010	6.90136E+20	1000010010	6.90136E+20
1.27029E+03	1000010010	6.03018E+21	1000010010	6.03018E+21
1.67033E+03	1000010010	2.38836E+20	1000010010	2.38836E+20
8.20823E+03	1000010010	8.33490E+18	1000010010	8.33490E+18
1.84750E+02	1000010010	2.99774E+20	1000010010	2.99774E+20
1.36852E+03	1000010010	5.43856E+21	1000010010	5.43856E+21
2.59863E+03	1000010010	4.34550E+20	1000010010	4.34550E+20
4.99467E+03	1000010010	2.75042E+21	1000010010	2.75042E+21
2.28983E+03	1000010010	4.12898E+21	1000010010	4.12898E+21
4.26580E+03	1000010010	1.95664E+21	1000010010	1.95664E+21
6.99092E+03	1000010010	3.38251E+19	1000010010	3.38251E+19
6.19802E+02	1000010010	7.10952E+19	1000010010	7.10952E+19
4.60756E+03	1000010010	7.15529E+19	1000010010	7.15529E+19
5.76564E+03	1000010010	9.97511E+20	1000010010	9.97511E+20
9.40551E+03	1000010010	6.56150E+18	1000010010	6.56150E+18
3.46472E+03	1000010010	5.06037E+19	1000010010	5.06037E+19
4.43554E+03	1000010010	3.62813E+21	1000010010	3.62813E+21
7.07171E+03	1000010010	4.28334E+20	1000010010	4.28334E+20
2.45960E+03	1000010010	1.92264E+19	1000010010	1.92264E+19
7.49257E+02	1000010010	5.25443E+19	1000010010	5.25443E+19
3.67533E+03	1000010010	2.17695E+20	1000010010	2.17695E+20
1.07630E+03	1000010010	1.62864E+20	1000010010	1.62864E+20
4.75990E+03	1000010010	1.64906E+20	1000010010	1.64906E+20
7.32314E+03	1000010010	5.67680E+20	1000010010	5.67680E+20
9.15051E+02	1000010010	3.62590E+21	1000010010	3.62590E+21
6.10519E+03	1000010010	2.38101E+21	1000010010	2.38101E+21
2.10451E+03	1000010010	2.92518E+20	1000010010	2.92518E+20
3.15226E+03	1000010010	4.12948E+20	1000010010	4.12948E+20
3.57382E+03	1000010010	5.80010E+20	1000010010	5.80010E+20
5.56979E+02	1000010010	3.21049E+19	1000010010	3.21049E+19
3.88766E+03	1000010010	3.77937E+21	1000010010	3.77937E+21
8.29282E+02	1000010010	6.49028E+18	1000010010	6.49028E+18
6.38824E+03	1000010010	1.03079E+21	1000010010	1.03079E+21
3.27767E+03	1000010010	3.09986E+20	1000010010	3.09986E+20
1.55986E+03	1000010010	7.87326E+18	1000010010	7.87326E+18
3.64701E+03	1000010010	1.92641E+20	1000010010	1.92641E+20
6.27789E+03	1000010010	6.68341E+19	1000010010	6.68341E+19
1.59091E+03	1000010010	2.32339E+21	1000010010	2.32339E+21
1.76279E+03	1000010010	8.37980E+19	1000010010	8.37980E+19
5.36293E+03	1000010010	1.39909E+19	1000010010	1.39909E+19
1.11466E+03	1000010010	7.74243E+18	1000010010	7.74243E+18
8.19364E+03	1000010010	6.92457E+20	1000010010	6.92457E+20
1.43771E+03	1000010010	4.06052E+19	1000010010	4.06052E+19
1.96937E+03	1000010010	1.26779E+21	1000010010	1.26779E+21
8.68869E+02	1000010010	2.80632E+20	1000010010	2.80632E+20
7.32674E+02	1000010010	2.17091E+20	1000010010	2.17091E+20
4.45911E+03	1000010010	4.78123E+21	1000010010	4.78123E+21
5.74691E+02	1000010010	1.33850E+21	1000010010	1.33850E+21
2.64696E+03	1000010010	2.25237E+20	1000010010	2.25237E+20
2.71751E+03	1000010010	1.35673E+20	1000010010	1.35673E+20
1.66193E+03	1000010010	2.05457E+19	1000010010	2.05457E+19
5.29428E+03	1000010010	3.69334E+21	1000010010	3.69334E+21
5.09707E+03	1000010010	7.22340E+18	1000010010	7.22340E+18
3.27492E+03	1000010010	1.63044E+20	1000010010	1.63044E+20
8.86371E+02	1000010010	1.72566E+21	1000010010	1.72566E+21
4.39315E+03	1000010010	2.23459E+21	1000010010	2.23459E+21
2.81206E+03	1000010010	1.30629E+19	1000010010	1.30629E+19
3.35244E+03	1000010010	2.72425E+19	1000010010	2.72425E+19
8.89669E+02	1000010010	5.60360E+21	1000010010	5.60360E+21
6.68744E+03	1000010010	9.75770E+20	1000010010	9.75770E+20
8.96552E+02	1000010010	1.14577E+20	1000010010	1.14577E+20
3.27931E+03	1000010010	1.45723E+20	1000010010	1.45723E+20
2.09533E+03	1000010010	2.16331E+19	1000010010	2.16331E+19
4.77271E+03	1000010010	1.50162E+20	1000010010	1.50162E+20
3.95351E+03	1000010010	2.29598E+20	1000010010	2.29598E+20
1.18918E+03	1000010010	1.47226E+20	1000010010	1.47226E+20
9.85633E+03	1000010010	4.59693E+20	1000010010	4.59693E+20
7.86559E+03	1000010010	1.47356E+20	1000010010	1.47356E+20
4.87884E+03	1000010010	1.12755E+21	1000010010	1.12755E+21
2.96537E+03	1000010010	1.51054E+20	1000010010	1.51054E+20
1.98063E+02	1000010010	6.77463E+20	1000010010	6.77463E+20
2.04735E+03	1000010010	1.08253E+19	1000010010	1.08253E+19
2.62443E+03	1000010010	6.31945E+19	1000010010	6.31945E+19
3.85623E+03	1000010010	3.69612E+20	1000010010	3.69612E+20
4.14530E+03	1000010010	7.75148E+18	1000010010	7.75148E+18
7.67473E+02	1000010010	6.37879E+20	1000010010	6.37879E+20
5.16770E+03	1000010010	1.07067E+20	1000010010	1.07067E+20
2.73936E+02	1000010010	1.71528E+21	1000010010	1.71528E+21
5.02138E+02	1000010010	1.14192E+19	1000010010	1.14192E+19
9.51575E+02	1000010010	3.55133E+19	1000010010	3.55133E+19
2.55677E+03	1000010010	1.94626E+20	1000010010	1.94626E+20
2.09076E+03	1000010010	8.58119E+20	1000010010	8.58119E+20
3.20407E+03	1000010010	1.86468E+20	1000010010	1.86468E+20
6.75685E+02	1000010010	5.38071E+19	1000010010	5.38071E+19
3.13552E+03	1000010010	3.15061E+20	1000010010	3.15061E+20
3.39676E+03	1000010010	2.20158E+21	1000010010	2.20158E+21
9.16547E+02	1000010010	7.37461E+20	1000010010	7.37461E+20
7.18929E+03	1000010010	1.31430E+19	1000010010	1.31430E+19
3.29458E+03	1000010010	7.98998E+20	1000010010	7.98998E+20
1.61632E+03	1000010010	7.80064E+20	1000010010	7.80064E+20
2.78400E+03	1000010010	1.87677E+19	1000010010	1.87677E+19
7.21278E+03	1000010010	2.31418E+20	1000010010	2.31418E+20
2.64236E+03	1000010010	1.25327E+20	1000010010	1.25327E+20
4.55434E+03	1000010010	5.02084E+21	1000010010	5.02084E+21
4.54190E+02	1000010010	5.82812E+21	1000010010	5.82812E+21
6.78728E+03	1000010010	1.55342E+21	1000010010	1.55342E+21
1.16890E+03	1000010010	3.22676E+19	1000010010	3.22676E+19
2.16414E+02	1000010010	1.07353E+21	1000010010	1.07353E+21
1.98681E+03	1000010010	6.82707E+18	1000010010	6.82707E+18
6.64246E+02	1000010010	5.13927E+21	1000010010	5.13927E+21
3.73782E+03	1000010010	9.71135E+18	1000010010	9.71135E+18
1.66861E+03	1000010010	3.21569E+20	1000010010	3.21569E+20
5.15413E+03	1000010010	6.39010E+20	1000010010	6.39010E+20
2.83956E+03	1000010010	9.35097E+20	1000010010	9.35097E+20
6.25008E+03	1000010010	9.51051E+20	1000010010	9.51051E+20
3.01381E+03	1000010010	1.02451E+19	1000010010	1.02451E+19
2.89283E+03	1000010010	3.88832E+21	1000010010	3.88832E+21
2.01795E+03	1000010010	1.10772E+21	1000010010	1.10772E+21
4.23690E+02	1000010010	8.54627E+18	1000010010	8.54627E+18
1.71975E+03	1000010010	1.54287E+21	1000010010	1.54287E+21
2.54935E+03	1000010010	2.85634E+20	1000010010	2.85634E+20
2.75115E+03	1000010010	2.97860E+19	1000010010	2.97860E+19
3.29456E+03	1000010010	6.90453E+18	1000010010	6.90453E+18
8.80900E+03	1000010010	1.67046E+19	1000010010	1.67046E+19
2.06638E+03	1000010010	2.74536E+19	1000010010	2.74536E+19
2.02956E+03	1000010010	5.72697E+21	1000010010	5.72697E+21
3.83024E+02	1000010010	1.69628E+20	1000010010	1.69628E+20
5.83360E+03	1000010010	6.61820E+19	1000010010	6.61820E+19
6.28162E+02	1000010010	1.93486E+20	1000010010	1.93486E+20
2.28726E+03	1000010010	5.39382E+19	1000010010	5.39382E+19
3.95558E+03	1000010010	4.32612E+19	1000010010	4.32612E+19
4.45335E+03	1000010010	1.05882E+21	1000010010	1.05882E+21
2.29858E+02	1000010010	1.64550E+19	1000010010	1.64550E+19
6.50749E+03	1000010010	4.10267E+21	1000010010	4.10267E+21
2.42334E+03	1000010010	1.40240E+21	1000010010	1.40240E+21
3.85096E+03	1000010010	1.01207E+19	1000010010	1.01207E+19
1.06587E+03	1000010010	2.30953E+19	1000010010	2.30953E+19
6.86407E+02	1000010010	1.31644E+20	1000010010	1.31644E+20
3.04676E+03	1000010010	2.38896E+20	1000010010	2.38896E+20
1.80219E+03	1000010010	1.83838E+21	1000010010	1.83838E+21
3.51025E+03	1000010010	2.02667E+21	1000010010	2.02667E+21
5.11494E+03	1000010010	1.97298E+20	1000010010	1.97298E+20
1.53924E+03	1000010010	2.05362E+20	1000010010	2.05362E+20
4.11201E+03	1000010010	9.46417E+18	1000010010	9.46417E+18
8.81411E+03	1000010010	2.07818E+21	1000010010	2.07818E+21
5.43105E+03	1000010010	2.05355E+20	1000010010	2.05355E+20
1.69905E+03	1000010010	4.03878E+20	1000010010	4.03878E+20
9.20840E+03	1000010010	3.19567E+21	1000010010	3.19567E+21
1.95555E+03	1000010010	6.43791E+18	1000010010	6.43791E+18
5.80764E+03	1000010010	2.11532E+19	1000010010	2.11532E+19
1.05940E+03	1000010010	7.66400E+19	1000010010	7.66400E+19
2.09177E+03	1000010010	4.95211E+20	1000010010	4.95211E+20
6.91097E+02	1000010010	1.70507E+20	1000010010	1.70507E+20
3.76226E+03	1000010010	3.38684E+21	1000010010	3.38684E+21
6.44682E+02	1000010010	2.44303E+20	1000010010	2.44303E+20
1.09892E+03	1000010010	3.43553E+21	1000010010	3.43553E+21
6.57585E+02	1000010010	1.19966E+20	1000010010	1.19966E+20
5.83859E+03	1000010010	1.18990E+20	1000010010	1.18990E+20
4.04814E+03	1000010010	4.43694E+21	1000010010	4.43694E+21
3.56378E+03	1000010010	1.92321E+20	1000010010	1.92321E+20
1.73544E+02	1000010010	3.41382E+19	1000010010	3.41382E+19
4.83359E+03	1000010010	4.78459E+21	1000010010	4.78459E+21
9.26297E+02	1000010010	2.18512E+19	1000010010	2.18512E+19
8.17973E+03	1000010010	6.71540E+19	1000010010	6.71540E+19
2.66204E+03	1000010010	1.31785E+21	1000010010	1.31785E+21
1.39766E+03	1000010010	4.99650E+21	1000010010	4.99650E+21
5.11655E+03	1000010010	1.70577E+21	1000010010	1.70577E+21
2.28626E+03	1000010010	6.65688E+18	1000010010	6.65688E+18
7.90292E+03	1000010010	4.93799E+21	1000010010	4.93799E+21
1.23034E+03	1000010010	5.68886E+19	1000010010	5.68886E+19
9.09529E+02	1000010010	2.33216E+19	1000010010	2.33216E+19
1.78017E+03	1000010010	6.84519E+20	1000010010	6.84519E+20
7.17326E+03	1000010010	8.80496E+20	1000010010	8.80496E+20
3.71647E+03	1000010010	3.61415E+20	1000010010	3.61415E+20
3.72127E+03	1000010010	1.45675E+21	1000010010	1.45675E+21
2.75523E+03	1000010010	2.98896E+19	1000010010	2.98896E+19
5.30454E+03	1000010010	1.42182E+21	1000010010	1.42182E+21
6.85248E+03	1000010010	1.17895E+20	1000010010	1.17895E+20
3.55077E+03	1000010010	3.24660E+21	1000010010	3.24660E+21
6.03409E+02	1000010010	3.14277E+21	1000010010	3.14277E+21
2.21936E+03	1000010010	3.90638E+19	1000010010	3.90638E+19
3.43577E+03	1000010010	5.31174E+21	1000010010	5.31174E+21
2.71956E+03	1000010010	1.18085E+20	1000010010	1.18085E+20
3.70349E+02	1000010010	9.67587E+20	1000010010	9.67587E+20
1.38836E+03	1000010010	1.94431E+21	1000010010	1.94431E+21
1.80520E+03	1000010010	1.02259E+21	1000010010	1.02259E+21
5.11834E+03	1000010010	3.27314E+19	1000010010	3.27314E+19
1.15349E+03	1000010010	3.41895E+20	1000010010	3.41895E+20
1.19882E+03	1000010010	5.33004E+20	1000010010	5.33004E+20
1.25720E+03	1000010010	2.36609E+19	1000010010	2.36609E+19
5.57240E+03	1000010010	2.44948E+20	1000010010	2.44948E+20
2.89207E+03	1000010010	1.46134E+19	1000010010	1.46134E+19
4.85578E+03	1000010010	1.21200E+19	1000010010	1.21200E+19
3.11453E+03	1000010010	7.09157E+19	1000010010	7.09157E+19
1.33389E+03	1000010010	3.07877E+20	1000010010	3.07877E+20
3.15700E+03	1000010010	3.22671E+19	1000010010	3.22671E+19
1.17793E+03	1000010010	6.62827E+20	1000010010	6.62827E+20
5.35455E+03	1000010010	5.16075E+20	1000010010	5.16075E+20
1.37954E+03	1000010010	8.30046E+20	1000010010	8.30046E+20
3.62502E+03	1000010010	5.99921E+21	1000010010	5.99921E+21
2.06389E+02	1000010010	1.78365E+21	1000010010	1.78365E+21
5.75113E+03	1000010010	7.20672E+19	1000010010	7.20672E+19
6.65490E+02	1000010010	6.10498E+20	1000010010	6.10498E+20
5.25378E+03	1000010010	5.63704E+20	1000010010	5.63704E+20
3.58669E+02	1000010010	5.20486E+19	1000010010	5.20486E+19
3.99986E+03	1000010010	2.88308E+20	1000010010	2.88308E+20
9.66653E+02	1000010010	1.09234E+21	1000010010	1.09234E+21
3.02570E+03	1000010010	3.03310E+19	1000010010	3.03310E+19
2.84218E+03	1000010010	4.69862E+21	1000010010	4.69862E+21
4.60428E+03	1000010010	2.62767E+20	1000010010	2.62767E+20
6.56313E+03	1000010010	8.65138E+20	1000010010	8.65138E+20
9.78874E+03	1000010010	3.18108E+19	1000010010	3.18108E+19
5.30979E+03	1000010010	3.70583E+19	1000010010	3.70583E+19
1.51742E+02	1000010010	5.67824E+19	1000010010	5.67824E+19
1.37042E+03	1000010010	6.76994E+19	1000010010	6.76994E+19
3.54367E+03	1000010010	2.63365E+21	1000010010	2.63365E+21
1.01383E+03	1000010010	2.85389E+20	1000010010	2.85389E+20
8.90515E+02	1000010010	8.68300E+20	1000010010	8.68300E+20
4.40315E+03	1000010010	1.24355E+21	1000010010	1.24355E+21
3.07982E+03	1000010010	3.34947E+21	1000010010	3.34947E+21
4.04130E+02	1000010010	1.56210E+19	1000010010	1.56210E+19
1.77194E+03	1000010010	1.00703E+20	1000010010	1.00703E+20
1.81717E+03	1000010010	6.05312E+20	1000010010	6.05312E+20
1.20502E+03	1000010010	1.74306E+19	1000010010	1.74306E+19
5.42182E+03	1000010010	3.99465E+21	1000010010	3.99465E+21
3.19718E+03	1000010010	3.50809E+21	1000010010	3.50809E+21
2.11145E+03	1000010010	3.69420E+21	1000010010	3.69420E+21
6.38758E+03	1000010010	4.86129E+19	1000010010	4.86129E+19
2.37728E+03	1000010010	8.52639E+20	1000010010	8.52639E+20
1.12239E+03	1000010010	2.29238E+19	1000010010	2.29238E+19
3.41781E+03	1000010010	5.28639E+21	1000010010	5.28639E+21
1.65545E+03	1000010010	8.04608E+20	1000010010	8.04608E+20
2.43141E+03	1000010010	5.24808E+21	1000010010	5.24808E+21
1.83243E+03	1000010010	1.44523E+19	1000010010	1.44523E+19
2.60941E+03	1000010010	2.93539E+19	1000010010	2.93539E+19
2.22418E+02	1000010010	3.58360E+19	1000010010	3.58360E+19
9.43407E+03	1000010010	3.24816E+21	1000010010	3.24816E+21
1.62722E+03	1000010010	5.52970E+20	1000010010	5.52970E+20
6.46619E+02	1000010010	9.61078E+19	1000010010	9.61078E+19
3.93657E+03	1000010010	2.53472E+21	1000010010	2.53472E+21
3.49671E+03	1000010010	1.01044E+19	1000010010	1.01044E+19
3.02663E+02	1000010010	3.31597E+20	1000010010	3.31597E+20
7.90496E+02	1000010010	2.40870E+21	1000010010	2.40870E+21
5.04440E+03	1000010010	4.74594E+21	1000010010	4.74594E+21
2.31905E+03	1000010010	3.82812E+21	1000010010	3.82812E+21
2.31834E+03	1000010010	1.11523E+20	1000010010	1.11523E+20
4.11924E+03	1000010010	5.61320E+20	1000010010	5.61320E+20
2.41025E+02	1000010010	1.82673E+19	1000010010	1.82673E+19
3.01941E+03	1000010010	6.79220E+20	1000010010	6.79220E+20
3.93937E+03	1000010010	2.74698E+19	1000010010	2.74698E+19
3.49829E+03	1000010010	7.98587E+19	1000010010	7.98587E+19
4.02963E+03	1000010010	1.17839E+21	1000010010	1.17839E+21
4.63774E+03	1000010010	7.49622E+18	1000010010	7.49622E+18
8.27290E+02	1000010010	3.23994E+20	1000010010	3.23994E+20
1.10162E+03	1000010010	9.81858E+19	1000010010	9.81858E+19
3.63631E+02	1000010010	2.79590E+19	1000010010	2.79590E+19
9.01654E+02	1000010010	1.65648E+20	1000010010	1.65648E+20
2.30516E+03	1000010010	3.96100E+19	1000010010	3.96100E+19
7.14254E+03	1000010010	1.44471E+19	1000010010	1.44471E+19
2.88991E+03	1000010010	7.93577E+20	1000010010	7.93577E+20
3.24450E+03	1000010010	7.98237E+18	1000010010	7.98237E+18
1.66138E+03	1000010010	8.18074E+19	1000010010	8.18074E+19
8.04695E+02	1000010010	4.15840E+20	1000010010	4.15840E+20
1.60851E+03	1000010010	5.54931E+20	1000010010	5.54931E+20
1.36150E+03	1000010010	2.30812E+20	1000010010	2.30812E+20
7.88663E+03	1000010010	2.42319E+21	1000010010	2.42319E+21
7.62694E+03	1000010010	2.60355E+19	1000010010	2.60355E+19
5.35866E+03	1000010010	3.51438E+21	1000010010	3.51438E+21
1.02474E+03	1000010010	9.23115E+18	1000010010	9.23115E+18
5.45785E+03	1000010010	1.48775E+19	1000010010	1.48775E+19
3.48358E+03	1000010010	3.00500E+19	1000010010	3.00500E+19
6.02900E+03	1000010010	1.67484E+21	1000010010	1.67484E+21
7.66603E+03	1000010010	1.36526E+20	1000010010	1.36526E+20
7.53760E+02	1000010010	2.36473E+21	1000010010	2.36473E+21
2.93925E+03	1000010010	2.95441E+19	1000010010	2.95441E+19
8.76954E+03	1000010010	1.41341E+20	1000010010	1.41341E+20
2.03356E+03	1000010010	6.37036E+18	1000010010	6.37036E+18
3.15630E+03	1000010010	1.64164E+20	1000010010	1.64164E+20
1.16553E+03	1000010010	7.77297E+20	1000010010	7.77297E+20
3.68097E+03	1000010010	5.05640E+20	1000010010	5.05640E+20
1.57559E+03	1000010010	1.56490E+19	1000010010	1.56490E+19
2.45801E+03	1000010010	9.65708E+20	1000010010	9.65708E+20
6.18528E+03	1000010010	1.25151E+21	1000010010	1.25151E+21
2.66866E+03	1000010010	2.62964E+21	1000010010	2.62964E+21
3.09861E+03	1000010010	1.42749E+19	1000010010	1.42749E+19
5.72633E+03	1000010010	5.21456E+19	1000010010	5.21456E+19
6.70261E+03	1000010010	4.74143E+19	1000010010	4.74143E+19
6.35787E+03	1000010010	6.34993E+20	1000010010	6.34993E+20
9.22510E+02	1000010010	1.72652E+20	1000010010	1.72652E+20
7.74064E+03	1000010010	1.11297E+21	1000010010	1.11297E+21
3.43069E+03	1000010010	1.29345E+20	1000010010	1.29345E+20
1.76646E+03	1000010010	8.14157E+18	1000010010	8.14157E+18
9.38662E+03	1000010010	3.00311E+20	1000010010	3.00311E+20
7.40886E+02	1000010010	2.12261E+19	1000010010	2.12261E+19
3.17332E+03	1000010010	2.88493E+20	1000010010	2.88493E+20
1.21792E+03	1000010010	2.60652E+19	1000010010	2.60652E+19
1.09012E+03	1000010010	3.89060E+21	1000010010	3.89060E+21
6.00587E+03	1000010010	3.49165E+20	1000010010	3.49165E+20
2.04610E+02	1000010010	9.30905E+18	1000010010	9.30905E+18
5.23609E+03	1000010010	1.02057E+19	1000010010	1.02057E+19
6.44559E+03	1000010010	1.59265E+21	1000010010	1.59265E+21
1.08092E+03	1000010010	5.97110E+19	1000010010	5.97110E+19
6.28852E+02	1000010010	5.79198E+21	1000010010	5.79198E+21
4.53183E+03	1000010010	1.22924E+21	1000010010	1.22924E+21
3.58609E+03	1000010010	5.61223E+21	1000010010	5.61223E+21
4.11382E+02	1000010010	2.89717E+19	1000010010	2.89717E+19
3.91449E+03	1000010010	1.12356E+21	1000010010	1.12356E+21
4.38976E+03	1000010010	2.73334E+20	1000010010	2.73334E+20
1.88335E+02	1000010010	4.47034E+21	1000010010	4.47034E+21
1.56938E+03	1000010010	2.32182E+19	1000010010	2.32182E+19
2.65549E+03	1000010010	8.73688E+19	1000010010	8.73688E+19
2.98195E+03	1000010010	1.04632E+21	1000010010	1.04632E+21
2.80450E+03	1000010010	5.24003E+19	1000010010	5.24003E+19
7.69320E+02	1000010010	2.37972E+19	1000010010	2.37972E+19
9.38563E+02	1000010010	4.16260E+20	1000010010	4.16260E+20
8.12275E+03	1000010010	2.81301E+19	1000010010	2.81301E+19
4.28137E+03	1000010010	7.99533E+19	1000010010	7.99533E+19
2.47847E+03	1000010010	3.20461E+21	1000010010	3.20461E+21
7.82595E+03	1000010010	4.99490E+19	1000010010	4.99490E+19
3.04593E+03	1000010010	1.12396E+19	1000010010	1.12396E+19
7.45204E+02	1000010010	6.12956E+20	1000010010	6.12956E+20
2.29413E+03	1000010010	2.18454E+19	1000010010	2.18454E+19
4.02910E+03	1000010010	8.80886E+20	1000010010	8.80886E+20
5.32098E+03	1000010010	2.83764E+20	1000010010	2.83764E+20
7.07505E+03	1000010010	1.77358E+20	1000010010	1.77358E+20
2.03818E+02	1000010010	3.75530E+20	1000010010	3.75530E+20
9.12916E+03	1000010010	1.05627E+21	1000010010	1.05627E+21
6.87280E+03	1000010010	1.40080E+21	1000010010	1.40080E+21
2.12260E+03	1000010010	7.02895E+18	1000010010	7.02895E+18
1.16472E+02	1000010010	8.41809E+18	1000010010	8.41809E+18
1.92660E+03	1000010010	1.35948E+20	1000010010	1.35948E+20
6.02020E+03	1000010010	1.01714E+19	1000010010	1.01714E+19
3.61961E+03	1000010010	1.36905E+20	1000010010	1.36905E+20
3.42682E+03	1000010010	1.56216E+19	1000010010	1.56216E+19
8.22921E+03	1000010010	9.28438E+19	1000010010	9.28438E+19
4.24531E+03	1000010010	1.37188E+19	1000010010	1.37188E+19
1.60389E+03	1000010010	2.60913E+21	1000010010	2.60913E+21
4.28808E+03	1000010010	3.54799E+21	1000010010	3.54799E+21
1.88526E+02	1000010010	9.51573E+18	1000010010	9.51573E+18
9.49515E+02	1000010010	4.83866E+20	1000010010	4.83866E+20
2.52791E+03	1000010010	2.44297E+19	1000010010	2.44297E+19
3.10256E+03	1000010010	1.66365E+21	1000010010	1.66365E+21
2.96767E+02	1000010010	2.11690E+20	1000010010	2.11690E+20
6.32428E+03	1000010010	1.01104E+19	1000010010	1.01104E+19
7.92689E+03	1000010010	1.77967E+21	1000010010	1.77967E+21
5.30472E+03	1000010010	2.21877E+19	1000010010	2.21877E+19
1.26039E+02	1000010010	5.72719E+19	1000010010	5.72719E+19
7.92534E+03	1000010010	3.36651E+21	1000010010	3.36651E+21
2.41678E+02	1000010010	4.94663E+19	1000010010	4.94663E+19
2.70782E+03	1000010010	3.47237E+19	1000010010	3.47237E+19
7.38788E+03	1000010010	1.58463E+21	1000010010	1.58463E+21
5.91294E+03	1000010010	5.42083E+20	1000010010	5.42083E+20
2.58504E+02	1000010010	3.00004E+19	1000010010	3.00004E+19
2.81411E+03	1000010010	4.50575E+19	1000010010	4.50575E+19
8.38978E+03	1000010010	2.90246E+20	1000010010	2.90246E+20
2.97130E+03	1000010010	9.03942E+19	1000010010	9.03942E+19
5.12590E+03	1000010010	3.75634E+19	1000010010	3.75634E+19
1.33997E+03	1000010010	5.31185E+20	1000010010	5.31185E+20
5.09637E+03	1000010010	1.80597E+21	1000010010	1.80597E+21
5.53928E+03	1000010010	1.94149E+19	1000010010	1.94149E+19
7.59761E+02	1000010010	2.06579E+19	1000010010	2.06579E+19
1.81062E+03	1000010010	1.64283E+21	1000010010	1.64283E+21
2.12808E+03	1000010010	3.02395E+21	1000010010	3.02395E+21
4.41406E+03	1000010010	2.48721E+21	1000010010	2.48721E+21
4.84685E+03	1000010010	5.64709E+19	1000010010	5.64709E+19
9.08472E+02	1000010010	1.18632E+20	1000010010	1.18632E+20
5.11450E+03	1000010010	6.08416E+20	1000010010	6.08416E+20
1.52301E+03	1000010010	2.11968E+19	1000010010	2.11968E+19
2.23635E+03	1000010010	5.49973E+21	1000010010	5.49973E+21
4.88660E+02	1000010010	5.40368E+19	1000010010	5.40368E+19
1.28836E+03	1000010010	6.85935E+18	1000010010	6.85935E+18
6.00482E+02	1000010010	1.14544E+21	1000010010	1.14544E+21
8.58943E+03	1000010010	1.57610E+21	1000010010	1.57610E+21
2.52928E+03	1000010010	3.57882E+19	1000010010	3.57882E+19
6.61113E+03	1000010010	1.71127E+19	1000010010	1.71127E+19
5.67911E+02	1000010010	2.30408E+21	1000010010	2.30408E+21
8.16266E+02	1000010010	1.27972E+21	1000010010	1.27972E+21
6.14777E+03	1000010010	4.10076E+21	1000010010	4.10076E+21
8.60080E+03	1000010010	1.63231E+19	1000010010	1.63231E+19
1.03734E+03	1000010010	1.50419E+19	1000010010	1.50419E+19
4.82655E+02	1000010010	5.80734E+20	1000010010	5.80734E+20
2.17976E+03	1000010010	1.15082E+21	1000010010	1.15082E+21
6.42153E+03	1000010010	6.77607E+18	1000010010	6.77607E+18
2.60529E+03	1000010010	8.10148E+19	1000010010	8.10148E+19
8.93785E+02	1000010010	4.17404E+21	1000010010	4.17404E+21
3.61345E+03	1000010010	2.06261E+19	1000010010	2.06261E+19
5.87399E+03	1000010010	4.77421E+19	1000010010	4.77421E+19
8.72557E+03	1000010010	8.73321E+20	1000010010	8.73321E+20
6.10307E+03	1000010010	4.70139E+19	1000010010	4.70139E+19
2.84045E+03	1000010010	9.22859E+19	1000010010	9.22859E+19
1.29204E+03	1000010010	5.98325E+20	1000010010	5.98325E+20
2.73389E+02	1000010010	4.38126E+21	1000010010	4.38126E+21
6.15543E+03	1000010010	1.78135E+20	1000010010	1.78135E+20
3.18368E+02	1000010010	5.29785E+21	1000010010	5.29785E+21
6.71995E+03	1000010010	1.71361E+20	1000010010	1.71361E+20
7.76875E+03	1000010010	8.48324E+20	1000010010	8.48324E+20
1.86383E+03	1000010010	3.11114E+21	1000010010	3.11114E+21
4.74401E+03	1000010010	4.40269E+20	1000010010	4.40269E+20
5.33455E+03	1000010010	2.07428E+19	1000010010	2.07428E+19
2.25672E+02	1000010010	2.82634E+20	1000010010	2.82634E+20
3.67841E+03	1000010010	5.13626E+19	1000010010	5.13626E+19
2.20539E+03	1000010010	2.26988E+19	1000010010	2.26988E+19
3.32896E+03	1000010010	2.37122E+19	1000010010	2.37122E+19
2.16458E+03	1000010010	2.02805E+21	1000010010	2.02805E+21
6.77719E+03	1000010010	7.59479E+19	1000010010	7.59479E+19
7.18712E+03	1000010010	1.54281E+19	1000010010	1.54281E+19
5.96455E+03	1000010010	3.03114E+20	1000010010	3.03114E+20
1.30399E+03	1000010010	1.66687E+21	1000010010	1.66687E+21
2.87003E+03	1000010010	1.72241E+20	1000010010	1.72241E+20
4.85065E+03	1000010010	8.52859E+20	1000010010	8.52859E+20
7.85499E+02	1000010010	5.22517E+19	1000010010	5.22517E+19
7.75557E+03	1000010010	6.96405E+20	1000010010	6.96405E+20
4.92221E+03	1000010010	5.86836E+21	1000010010	5.86836E+21
7.09963E+03	1000010010	8.47918E+18	1000010010	8.47918E+18
2.98782E+03	1000010010	2.91889E+19	1000010010	2.91889E+19
6.03772E+03	1000010010	3.29509E+20	1000010010	3.29509E+20
1.49573E+02	1000010010	2.32206E+19	1000010010	2.32206E+19
5.62369E+03	1000010010	1.85611E+21	1000010010	1.85611E+21
7.46324E+02	1000010010	4.34588E+20	1000010010	4.34588E+20
1.23634E+02	1000010010	1.70460E+21	1000010010	1.70460E+21
3.24783E+03	1000010010	2.50339E+20	1000010010	2.50339E+20
3.45178E+03	1000010010	6.55565E+18	1000010010	6.55565E+18
7.64502E+03	1000010010	9.10733E+20	1000010010	9.10733E+20
8.92708E+03	1000010010	4.28680E+19	1000010010	4.28680E+19
7.04399E+03	1000010010	1.87931E+20	1000010010	1.87931E+20
2.45078E+03	1000010010	4.28010E+21	1000010010	4.28010E+21
3.08767E+03	1000010010	3.85653E+20	1000010010	3.85653E+20
3.23494E+03	1000010010	5.00030E+20	1000010010	5.00030E+20
3.75713E+03	1000010010	3.33546E+19	1000010010	3.33546E+19
1.89054E+03	1000010010	4.47901E+20	1000010010	4.47901E+20
4.91961E+02	1000010010	2.70270E+19	1000010010	2.70270E+19
2.51229E+03	1000010010	3.96828E+19	1000010010	3.96828E+19
2.77430E+03	1000010010	3.80290E+20	1000010010	3.80290E+20
3.91728E+03	1000010010	6.18646E+19	1000010010	6.18646E+19
1.80854E+03	1000010010	1.82048E+19	1000010010	1.82048E+19
3.71976E+02	1000010010	6.36396E+20	1000010010	6.36396E+20
1.10034E+03	1000010010	2.01294E+20	1000010010	2.01294E+20
2.99190E+02	1000010010	8.19355E+19	1000010010	8.19355E+19
2.47278E+03	1000010010	6.37098E+20	1000010010	6.37098E+20
2.24956E+03	1000010010	2.52816E+19	1000010010	2.52816E+19
1.02445E+03	1000010010	2.03379E+20	1000010010	2.03379E+20
1.08073E+03	1000010010	2.09004E+20	1000010010	2.09004E+20
2.43250E+03	1000010010	2.14304E+19	1000010010	2.14304E+19
6.28964E+03	1000010010	3.18361E+21	1000010010	3.18361E+21
4.26718E+02	1000010010	5.16671E+21	1000010010	5.16671E+21
1.09476E+02	1000010010	3.52919E+20	1000010010	3.52919E+20
8.74473E+02	1000010010	2.85747E+21	1000010010	2.85747E+21
3.48019E+03	1000010010	3.36073E+20	1000010010	3.36073E+20
3.59114E+03	1000010010	4.47705E+20	1000010010	4.47705E+20
3.96758E+03	1000010010	6.98136E+19	1000010010	6.98136E+19
6.00384E+03	1000010010	1.53345E+21	1000010010	1.53345E+21
1.82492E+03	1000010010	1.12368E+19	1000010010	1.12368E+19
7.82574E+03	1000010010	2.36000E+21	1000010010	2.36000E+21
4.41751E+03	1000010010	9.78396E+19	1000010010	9.78396E+19
2.59978E+03	1000010010	3.78055E+21	1000010010	3.78055E+21
4.60639E+02	1000010010	6.23485E+21	1000010010	6.23485E+21
2.03695E+03	1000010010	1.24526E+20	1000010010	1.24526E+20
2.64215E+02	1000010010	6.57090E+19	1000010010	6.57090E+19
3.94607E+03	1000010010	6.87057E+18	1000010010	6.87057E+18
2.17106E+02	1000010010	1.42609E+20	1000010010	1.42609E+20
4.23022E+03	1000010010	3.71964E+21	1000010010	3.71964E+21
4.60729E+02	1000010010	1.03884E+19	1000010010	1.03884E+19
2.30507E+03	1000010010	1.69495E+19	1000010010	1.69495E+19
3.49649E+03	1000010010	2.78567E+19	1000010010	2.78567E+19
3.65012E+03	1000010010	3.05025E+19	1000010010	3.05025E+19
6.21648E+02	1000010010	1.59747E+20	1000010010	1.59747E+20
3.18754E+03	1000010010	2.93088E+20	1000010010	2.93088E+20
4.77589E+03	1000010010	1.54402E+19	1000010010	1.54402E+19
7.36554E+03	1000010010	2.09113E+21	1000010010	2.09113E+21
2.22768E+03	1000010010	4.09501E+21	1000010010	4.09501E+21
4.90762E+03	1000010010	1.46068E+19	1000010010	1.46068E+19
1.25246E+03	1000010010	1.66739E+21	1000010010	1.66739E+21
5.15002E+03	1000010010	4.66759E+19	1000010010	4.66759E+19
6.46484E+02	1000010010	1.35179E+21	1000010010	1.35179E+21
5.92575E+03	1000010010	5.20774E+19	1000010010	5.20774E+19
1.07871E+03	1000010010	2.47205E+21	1000010010	2.47205E+21
6.12527E+03	1000010010	2.14783E+19	1000010010	2.14783E+19
2.23777E+03	1000010010	1.32461E+19	1000010010	1.32461E+19
1.55896E+02	1000010010	5.72419E+21	1000010010	5.72419E+21
2.67319E+03	1000010010	1.90894E+21	1000010010	1.90894E+21
2.07852E+03	1000010010	1.57179E+21	1000010010	1.57179E+21
6.94952E+03	1000010010	1.02453E+19	1000010010	1.02453E+19
2.35327E+03	1000010010	2.08119E+19	1000010010	2.08119E+19
2.37948E+03	1000010010	1.79440E+21	1000010010	1.79440E+21
6.12087E+03	1000010010	3.73099E+21	1000010010	3.73099E+21
8.51567E+03	1000010010	2.33262E+19	1000010010	2.33262E+19
5.73124E+03	1000010010	1.01377E+20	1000010010	1.01377E+20
2.56345E+03	1000010010	2.52725E+19	1000010010	2.52725E+19
3.80011E+03	1000010010	1.00022E+20	1000010010	1.00022E+20
3.56331E+03	1000010010	4.31988E+19	1000010010	4.31988E+19
6.52898E+02	1000010010	2.03671E+19	1000010010	2.03671E+19
4.76174E+03	1000010010	3.60450E+20	1000010010	3.60450E+20
4.61286E+03	1000010010	1.75648E+19	1000010010	1.75648E+19
6.23738E+03	1000010010	2.10638E+19	1000010010	2.10638E+19
2.96085E+03	1000010010	7.25855E+19	1000010010	7.25855E+19
1.74898E+02	1000010010	7.76341E+18	1000010010	7.76341E+18
2.10630E+03	1000010010	5.22426E+21	1000010010	5.22426E+21
5.13405E+03	1000010010	1.41157E+19	1000010010	1.41157E+19
1.91755E+03	1000010010	6.64238E+19	1000010010	6.64238E+19
1.12809E+03	1000010010	3.60736E+20	1000010010	3.60736E+20
3.89635E+03	1000010010	1.22011E+19	1000010010	1.22011E+19
4.66298E+02	1000010010	7.05612E+20	1000010010	7.05612E+20
1.58323E+03	1000010010	9.29309E+18	1000010010	9.29309E+18
6.12731E+02	1000010010	8.23544E+19	1000010010	8.23544E+19
6.03984E+03	1000010010	1.79208E+20	1000010010	1.79208E+20
1.25511E+03	1000010010	1.65068E+20	1000010010	1.65068E+20
5.93086E+03	1000010010	4.45294E+19	1000010010	4.45294E+19
3.66335E+03	1000010010	1.27465E+20	1000010010	1.27465E+20
6.02628E+03	1000010010	6.42803E+19	1000010010	6.42803E+19
2.98579E+03	1000010010	5.05869E+19	1000010010	5.05869E+19
3.66206E+03	1000010010	1.65108E+21	1000010010	1.65108E+21
5.58396E+03	1000010010	1.24803E+20	1000010010	1.24803E+20
1.31352E+03	1000010010	1.07538E+21	1000010010	1.07538E+21
2.68453E+03	1000010010	1.74806E+21	1000010010	1.74806E+21
5.51758E+03	1000010010	7.40071E+20	1000010010	7.40071E+20
2.54603E+02	1000010010	3.93299E+21	1000010010	3.93299E+21
9.49483E+03	1000010010	2.41228E+20	1000010010	2.41228E+20
1.84947E+03	1000010010	2.71056E+21	1000010010	2.71056E+21
2.11889E+03	1000010010	1.09988E+20	1000010010	1.09988E+20
6.47893E+03	1000010010	7.59587E+20	1000010010	7.59587E+20
2.14566E+03	1000010010	3.47218E+21	1000010010	3.47218E+21
5.31751E+03	1000010010	1.64494E+20	1000010010	1.64494E+20
1.12996E+03	1000010010	9.70801E+19	1000010010	9.70801E+19
5.27547E+02	1000010010	4.31056E+20	1000010010	4.31056E+20
4.69141E+03	1000010010	1.49981E+21	1000010010	1.49981E+21
4.06194E+02	1000010010	1.40117E+19	1000010010	1.40117E+19
2.79961E+03	1000010010	2.41950E+20	1000010010	2.41950E+20
3.79866E+02	1000010010	5.70195E+21	1000010010	5.70195E+21
6.36526E+03	1000010010	8.77347E+20	1000010010	8.77347E+20
1.89526E+02	1000010010	3.26989E+21	1000010010	3.26989E+21
2.51380E+03	1000010010	6.83237E+18	1000010010	6.83237E+18
4.21455E+02	1000010010	1.13298E+20	1000010010	1.13298E+20
3.53473E+03	1000010010	6.34809E+18	1000010010	6.34809E+18
2.81326E+03	1000010010	1.85360E+19	1000010010	1.85360E+19
4.58397E+03	1000010010	4.99029E+21	1000010010	4.99029E+21
2.89906E+03	1000010010	8.93132E+19	1000010010	8.93132E+19
5.07405E+03	1000010010	2.72437E+20	1000010010	2.72437E+20
3.89665E+02	1000010010	5.00344E+20	1000010010	5.00344E+20
6.42433E+03	1000010010	5.31348E+21	1000010010	5.31348E+21
1.97621E+02	1000010010	2.63061E+21	1000010010	2.63061E+21
4.91652E+03	1000010010	1.95708E+21	1000010010	1.95708E+21
8.50638E+02	1000010010	3.19618E+20	1000010010	3.19618E+20
1.32177E+03	1000010010	7.13239E+19	1000010010	7.13239E+19
1.05907E+03	1000010010	4.27133E+19	1000010010	4.27133E+19
1.93757E+03	1000010010	1.09398E+20	1000010010	1.09398E+20
1.19657E+03	1000010010	2.56310E+20	1000010010	2.56310E+20
3.21890E+03	1000010010	2.08819E+21	1000010010	2.08819E+21
1.08840E+03	1000010010	2.28036E+19	1000010010	2.28036E+19
1.73863E+03	1000010010	3.31982E+21	1000010010	3.31982E+21
5.56674E+02	1000010010	1.27659E+21	1000010010	1.27659E+21
4.77078E+02	1000010010	1.19868E+19	1000010010	1.19868E+19
3.06170E+03	1000010010	7.32475E+20	1000010010	7.32475E+20
2.83998E+03	1000010010	1.75049E+20	1000010010	1.75049E+20
1.62443E+03	1000010010	3.75131E+19	1000010010	3.75131E+19
2.91680E+03	1000010010	3.15631E+20	1000010010	3.15631E+20
6.68681E+03	1000010010	5.47568E+21	1000010010	5.47568E+21
2.12514E+03	1000010010	7.25800E+18	1000010010	7.25800E+18
6.27491E+03	1000010010	3.04864E+21	1000010010	3.04864E+21
2.96596E+03	1000010010	3.65057E+20	1000010010	3.65057E+20
5.04283E+03	1000010010	1.00099E+21	1000010010	1.00099E+21
7.89406E+03	1000010010	1.86601E+21	1000010010	1.86601E+21
3.53445E+03	1000010010	2.17687E+20	1000010010	2.17687E+20
3.74007E+03	1000010010	7.64696E+18	1000010010	7.64696E+18
4.21775E+03	1000010010	1.53516E+21	1000010010	1.53516E+21
1.17308E+03	1000010010	1.24078E+21	1000010010	1.24078E+21
5.42156E+02	1000010010	1.23737E+19	1000010010	1.23737E+19
5.67980E+03	1000010010	1.04698E+20	1000010010	1.04698E+20
1.38781E+03	1000010010	1.92526E+19	1000010010	1.92526E+19
3.64663E+03	1000010010	5.72169E+21	1000010010	5.72169E+21
3.28196E+03	1000010010	2.56126E+20	1000010010	2.56126E+20
3.70960E+03	1000010010	5.71958E+20	1000010010	5.71958E+20
7.42375E+03	1000010010	3.01646E+19	1000010010	3.01646E+19
1.25321E+03	1000010010	1.84371E+19	1000010010	1.84371E+19
2.68548E+03	1000010010	3.10749E+19	1000010010	3.10749E+19
1.98198E+03	1000010010	3.17247E+21	1000010010	3.17247E+21
4.43832E+03	1000010010	5.32534E+21	1000010010	5.32534E+21
1.95301E+03	1000010010	7.16843E+19	1000010010	7.16843E+19
2.90525E+03	1000010010	4.24894E+20	1000010010	4.24894E+20
4.91937E+03	1000010010	5.66691E+21	1000010010	5.66691E+21
8.09064E+03	1000010010	2.63739E+19	1000010010	2.63739E+19
7.42068E+03	1000010010	7.85193E+18	1000010010	7.85193E+18
4.47516E+03	1000010010	1.52721E+20	1000010010	1.52721E+20
8.20836E+02	1000010010	1.48363E+21	1000010010	1.48363E+21
2.54446E+03	1000010010	5.35789E+19	1000010010	5.35789E+19
1.36470E+03	1000010010	1.53357E+19	1000010010	1.53357E+19
8.05362E+03	1000010010	1.36889E+20	1000010010	1.36889E+20
2.68324E+03	1000010010	3.18304E+19	1000010010	3.18304E+19
7.06040E+03	1000010010	7.86597E+20	1000010010	7.86597E+20
8.10242E+03	1000010010	3.13779E+19	1000010010	3.13779E+19
5.32968E+03	1000010010	1.91172E+19	1000010010	1.91172E+19
6.14236E+03	1000010010	4.51643E+20	1000010010	4.51643E+20
1.59332E+03	1000010010	3.27568E+19	1000010010	3.27568E+19
5.59268E+02	1000010010	9.39658E+19	1000010010	9.39658E+19
2.56507E+03	1000010010	2.02235E+21	1000010010	2.02235E+21
3.87645E+03	1000010010	4.28706E+19	1000010010	4.28706E+19
2.00128E+03	1000010010	4.31440E+20	1000010010	4.31440E+20
1.44513E+03	1000010010	4.72095E+21	1000010010	4.72095E+21
1.93168E+02	1000010010	5.90011E+19	1000010010	5.90011E+19
2.06453E+03	1000010010	2.05069E+21	1000010010	2.05069E+21
6.99996E+03	1000010010	3.53320E+21	1000010010	3.53320E+21
2.00370E+03	1000010010	1.04353E+19	1000010010	1.04353E+19
2.06754E+03	1000010010	2.44757E+21	1000010010	2.44757E+21
9.55176E+03	1000010010	7.59118E+20	1000010010	7.59118E+20
3.85090E+03	1000010010	7.73876E+18	1000010010	7.73876E+18
1.01732E+03	1000010010	3.82547E+21	1000010010	3.82547E+21
4.11266E+03	1000010010	6.56802E+20	1000010010	6.56802E+20
7.36511E+03	1000010010	2.04325E+19	1000010010	2.04325E+19
5.34644E+03	1000010010	8.78675E+18	1000010010	8.78675E+18
4.88121E+02	1000010010	5.20794E+20	1000010010	5.20794E+20
2.16268E+03	1000010010	1.16745E+20	1000010010	1.16745E+20
3.55848E+03	1000010010	4.88673E+20	1000010010	4.88673E+20
7.28980E+03	1000010010	1.21252E+20	1000010010	1.21252E+20
1.98088E+02	1000010010	5.82765E+19	1000010010	5.82765E+19
4.61294E+03	1000010010	3.08646E+20	1000010010	3.08646E+20
3.52016E+02	1000010010	1.12791E+21	1000010010	1.12791E+21
2.83032E+03	1000010010	2.94469E+20	1000010010	2.94469E+20
7.99360E+03	1000010010	5.44295E+19	1000010010	5.44295E+19
4.09198E+03	1000010010	2.40473E+21	1000010010	2.40473E+21
5.20477E+03	1000010010	4.52300E+21	1000010010	4.52300E+21
1.98687E+03	1000010010	1.94624E+20	1000010010	1.94624E+20
2.80392E+03	1000010010	3.86037E+19	1000010010	3.86037E+19
6.68156E+03	1000010010	1.91786E+19	1000010010	1.91786E+19
1.20774E+03	1000010010	9.68374E+19	1000010010	9.68374E+19
3.56286E+03	1000010010	2.51378E+21	1000010010	2.51378E+21
4.19999E+03	1000010010	2.56185E+21	1000010010	2.56185E+21
1.31929E+03	1000010010	8.70758E+19	1000010010	8.70758E+19
5.60468E+02	1000010010	6.29217E+19	1000010010	6.29217E+19
6.37958E+03	1000010010	1.04162E+19	1000010010	1.04162E+19
3.45400E+03	1000010010	7.05414E+18	1000010010	7.05414E+18
6.19370E+03	1000010010	1.16320E+20	1000010010	1.16320E+20
8.81299E+03	1000010010	4.72773E+20	1000010010	4.72773E+20
1.68926E+03	1000010010	4.14216E+19	1000010010	4.14216E+19
1.72646E+03	1000010010	1.23142E+20	1000010010	1.23142E+20
4.76288E+03	1000010010	1.07247E+21	1000010010	1.07247E+21
8.23133E+02	1000010010	1.95426E+19	1000010010	1.95426E+19
2.58106E+02	1000010010	7.26551E+19	1000010010	7.26551E+19
7.93237E+03	1000010010	4.40674E+21	1000010010	4.40674E+21
7.10260E+03	1000010010	1.84111E+21	1000010010	1.84111E+21
1.79317E+03	1000010010	7.48564E+18	1000010010	7.48564E+18
1.96194E+03	1000010010	1.08185E+19	1000010010	1.08185E+19
3.85029E+03	1000010010	7.85903E+20	1000010010	7.85903E+20
3.45562E+03	1000010010	1.00916E+19	1000010010	1.00916E+19
2.57696E+02	1000010010	2.81503E+21	1000010010	2.81503E+21
2.01004E+03	1000010010	4.99361E+20	1000010010	4.99361E+20
6.27873E+03	1000010010	2.15719E+20	1000010010	2.15719E+20
2.14430E+03	1000010010	3.78193E+21	1000010010	3.78193E+21
6.12695E+03	1000010010	3.92712E+19	1000010010	3.92712E+19
6.79309E+03	1000010010	4.40004E+19	1000010010	4.40004E+19
6.49216E+03	1000010010	9.77319E+18	1000010010	9.77319E+18
2.93263E+02	1000010010	8.20367E+20	1000010010	8.20367E+20
7.60351E+03	1000010010	4.51800E+20	1000010010	4.51800E+20
3.41314E+03	1000010010	7.41677E+19	1000010010	7.41677E+19
4.77139E+02	1000010010	3.25524E+21	1000010010	3.25524E+21
5.61261E+03	1000010010	6.98089E+19	1000010010	6.98089E+19
5.04751E+03	1000010010	1.49220E+19	1000010010	1.49220E+19
3.22035E+03	1000010010	9.63711E+18	1000010010	9.63711E+18
1.65701E+03	1000010010	1.57690E+19	1000010010	1.57690E+19
2.47913E+02	1000010010	6.18658E+19	1000010010	6.18658E+19
9.17066E+03	1000010010	5.82433E+20	1000010010	5.82433E+20
6.81903E+02	1000010010	9.84294E+19	1000010010	9.84294E+19
7.37801E+03	1000010010	7.93215E+19	1000010010	7.93215E+19
8.94002E+02	1000010010	1.36723E+19	1000010010	1.36723E+19
7.27936E+03	1000010010	8.32719E+19	1000010010	8.32719E+19
3.01308E+03	1000010010	6.64448E+20	1000010010	6.64448E+20
3.19161E+03	1000010010	1.42647E+20	1000010010	1.42647E+20
5.24316E+03	1000010010	1.13385E+20	1000010010	1.13385E+20
7.56160E+03	1000010010	2.11381E+21	1000010010	2.11381E+21
1.19921E+03	1000010010	2.46112E+19	1000010010	2.46112E+19
4.95076E+02	1000010010	9.53767E+18	1000010010	9.53767E+18
6.33369E+02	1000010010	2.15549E+21	1000010010	2.15549E+21
4.54092E+02	1000010010	6.41273E+18	1000010010	6.41273E+18
6.11899E+02	1000010010	1.69684E+20	1000010010	1.69684E+20
1.45284E+03	1000010010	1.07518E+21	1000010010	1.07518E+21
2.84433E+03	1000010010	5.43185E+20	1000010010	5.43185E+20
8.94269E+03	1000010010	3.80929E+21	1000010010	3.80929E+21
1.53192E+03	1000010010	5.57515E+21	1000010010	5.57515E+21
7.93971E+02	1000010010	2.40903E+20	1000010010	2.40903E+20
8.91718E+02	1000010010	3.12770E+19	1000010010	3.12770E+19
3.14081E+03	1000010010	1.84851E+20	1000010010	1.84851E+20
1.61480E+03	1000010010	1.80905E+20	1000010010	1.80905E+20
2.40964E+03	1000010010	3.29303E+20	1000010010	3.29303E+20
2.72679E+03	1000010010	6.47506E+19	1000010010	6.47506E+19
3.67444E+02	1000010010	4.61435E+19	1000010010	4.61435E+19
2.69636E+03	1000010010	7.30004E+18	1000010010	7.30004E+18
9.15238E+02	1000010010	4.22896E+19	1000010010	4.22896E+19
4.31077E+03	1000010010	5.23135E+21	1000010010	5.23135E+21
7.95677E+03	1000010010	2.72626E+21	1000010010	2.72626E+21
1.43956E+03	1000010010	5.10131E+19	1000010010	5.10131E+19
2.02191E+03	1000010010	7.46727E+18	1000010010	7.46727E+18
4.49188E+03	1000010010	2.70029E+19	1000010010	2.70029E+19
1.06637E+03	1000010010	1.00030E+19	1000010010	1.00030E+19
1.23739E+03	1000010010	5.21210E+21	1000010010	5.21210E+21
6.34112E+03	1000010010	4.03104E+20	1000010010	4.03104E+20
2.18905E+03	1000010010	4.59689E+20	1000010010	4.59689E+20
4.26620E+03	1000010010	2.02798E+20	1000010010	2.02798E+20
8.98971E+02	1000010010	2.92624E+21	1000010010	2.92624E+21
6.63891E+03	1000010010	1.13482E+21	1000010010	1.13482E+21
4.58778E+03	1000010010	8.09783E+20	1000010010	8.09783E+20
2.48048E+03	1000010010	1.08034E+20	1000010010	1.08034E+20
8.25359E+03	1000010010	4.47348E+21	1000010010	4.47348E+21
5.03201E+03	1000010010	2.06628E+20	1000010010	2.06628E+20
3.68504E+03	1000010010	8.38906E+20	1000010010	8.38906E+20
4.61492E+03	1000010010	4.38172E+21	1000010010	4.38172E+21
4.65098E+03	1000010010	6.22946E+20	1000010010	6.22946E+20
3.47444E+03	1000010010	1.05561E+20	1000010010	1.05561E+20
2.23125E+02	1000010010	5.79935E+21	1000010010	5.79935E+21
1.98955E+02	1000010010	3.85331E+19	1000010010	3.85331E+19
6.68032E+03	1000010010	8.14768E+18	1000010010	8.14768E+18
1.19208E+03	1000010010	8.40139E+20	1000010010	8.40139E+20
9.51098E+03	1000010010	2.83551E+21	1000010010	2.83551E+21
1.25621E+02	1000010010	4.49191E+21	1000010010	4.49191E+21
8.32041E+02	1000010010	1.57291E+20	1000010010	1.57291E+20
9.23014E+02	1000010010	5.94289E+21	1000010010	5.94289E+21
5.39119E+03	1000010010	3.58356E+21	1000010010	3.58356E+21
1.31009E+03	1000010010	1.25512E+21	1000010010	1.25512E+21
7.39748E+03	1000010010	2.34756E+19	1000010010	2.34756E+19
4.71989E+03	1000010010	1.99952E+19	1000010010	1.99952E+19
3.10487E+03	1000010010	1.69975E+19	1000010010	1.69975E+19
4.16507E+03	1000010010	1.43994E+21	1000010010	1.43994E+21
2.24798E+02	1000010010	4.35868E+20	1000010010	4.35868E+20
8.10160E+02	1000010010	9.98816E+19	1000010010	9.98816E+19
6.48496E+03	1000010010	1.33050E+20	1000010010	1.33050E+20
3.32776E+03	1000010010	5.31460E+21	1000010010	5.31460E+21
6.66783E+03	1000010010	4.50229E+19	1000010010	4.50229E+19
7.37422E+03	1000010010	2.66269E+20	1000010010	2.66269E+20
2.86842E+02	1000010010	1.99204E+20	1000010010	1.99204E+20
3.30345E+03	1000010010	4.08955E+20	1000010010	4.08955E+20
9.02801E+02	1000010010	6.80922E+20	1000010010	6.80922E+20
3.47425E+03	1000010010	3.00420E+21	1000010010	3.00420E+21
8.76931E+03	1000010010	8.72862E+19	1000010010	8.72862E+19
5.16452E+03	1000010010	1.13463E+21	1000010010	1.13463E+21
5.63226E+03	1000010010	2.91803E+19	1000010010	2.91803E+19
2.27095E+03	1000010010	1.61148E+19	1000010010	1.61148E+19
1.50704E+03	1000010010	3.08728E+21	1000010010	3.08728E+21
4.78890E+03	1000010010	1.25630E+21	1000010010	1.25630E+21
1.05383E+03	1000010010	7.54474E+20	1000010010	7.54474E+20
9.58893E+02	1000010010	4.76670E+19	1000010010	4.76670E+19
2.99253E+03	1000010010	8.27213E+19	1000010010	8.27213E+19
1.55812E+03	1000010010	2.56599E+21	1000010010	2.56599E+21
2.62218E+03	1000010010	1.91386E+21	1000010010	1.91386E+21
4.61910E+03	1000010010	1.63023E+21	1000010010	1.63023E+21
4.98335E+03	1000010010	3.57046E+20	1000010010	3.57046E+20
3.38406E+03	1000010010	5.69685E+19	1000010010	5.69685E+19
3.32090E+03	1000010010	1.36325E+19	1000010010	1.36325E+19
9.21921E+02	1000010010	1.11782E+21	1000010010	1.11782E+21
1.13158E+03	1000010010	2.85528E+19	1000010010	2.85528E+19
1.99041E+03	1000010010	3.86342E+21	1000010010	3.86342E+21
1.57241E+03	1000010010	1.37301E+19	1000010010	1.37301E+19
2.44475E+03	1000010010	1.16751E+19	1000010010	1.16751E+19
4.59253E+03	1000010010	1.10109E+21	1000010010	1.10109E+21
9.65889E+03	1000010010	1.62854E+21	1000010010	1.62854E+21
2.45724E+03	1000010010	7.38541E+20	1000010010	7.38541E+20
1.67446E+03	1000010010	3.03313E+19	1000010010	3.03313E+19
1.13505E+03	1000010010	9.75766E+18	1000010010	9.75766E+18
5.67856E+03	1000010010	4.16074E+19	1000010010	4.16074E+19
2.61719E+03	1000010010	7.93375E+18	1000010010	7.93375E+18
4.38015E+02	1000010010	1.79001E+19	1000010010	1.79001E+19
2.03878E+03	1000010010	2.07130E+21	1000010010	2.07130E+21
3.67219E+03	1000010010	1.38120E+19	1000010010	1.38120E+19
1.77378E+03	1000010010	2.85074E+20	1000010010	2.85074E+20
1.06452E+03	1000010010	9.02595E+18	1000010010	9.02595E+18
8.68130E+03	1000010010	4.57859E+20	1000010010	4.57859E+20
3.51497E+03	1000010010	1.44139E+19	1000010010	1.44139E+19
6.08580E+03	1000010010	1.41930E+20	1000010010	1.41930E+20
1.82875E+03	1000010010	3.82248E+19	1000010010	3.82248E+19
6.83578E+03	1000010010	1.47125E+20	1000010010	1.47125E+20
3.74711E+02	1000010010	5.05131E+19	1000010010	5.05131E+19
1.07023E+02	1000010010	2.93622E+20	1000010010	2.93622E+20
9.35600E+03	1000010010	2.30633E+19	1000010010	2.30633E+19
5.99709E+02	1000010010	5.42329E+21	1000010010	5.42329E+21
3.12191E+02	1000010010	3.12214E+19	1000010010	3.12214E+19
5.38527E+03	1000010010	4.37628E+20	1000010010	4.37628E+20
2.23520E+03	1000010010	3.08471E+20	1000010010	3.08471E+20
1.51637E+03	1000010010	4.67310E+19	1000010010	4.67310E+19
3.12189E+03	1000010010	6.71570E+18	1000010010	6.71570E+18
2.78721E+03	1000010010	8.09399E+18	1000010010	8.09399E+18
3.13399E+02	1000010010	9.90386E+19	1000010010	9.90386E+19
3.90733E+03	1000010010	3.86724E+21	1000010010	3.86724E+21
4.56917E+02	1000010010	1.04692E+19	1000010010	1.04692E+19
3.07755E+03	1000010010	2.29705E+21	1000010010	2.29705E+21
7.34788E+03	1000010010	5.65820E+21	1000010010	5.65820E+21
6.07238E+03	1000010010	8.08064E+20	1000010010	8.08064E+20
8.78244E+02	1000010010	5.92562E+19	1000010010	5.92562E+19
1.37638E+03	1000010010	7.29282E+18	1000010010	7.29282E+18
3.07615E+03	1000010010	3.46890E+21	1000010010	3.46890E+21
9.31128E+02	1000010010	4.57266E+21	1000010010	4.57266E+21
1.57658E+03	1000010010	4.26334E+19	1000010010	4.26334E+19
4.84554E+03	1000010010	2.72282E+21	1000010010	2.72282E+21
1.93758E+03	1000010010	4.82565E+19	1000010010	4.82565E+19
3.79876E+02	1000010010	3.27362E+20	1000010010	3.27362E+20
2.69090E+02	1000010010	6.79419E+20	1000010010	6.79419E+20
5.34883E+02	1000010010	1.48985E+19	1000010010	1.48985E+19
2.18302E+03	1000010010	9.82571E+19	1000010010	9.82571E+19
1.48716E+03	1000010010	3.34380E+20	1000010010	3.34380E+20
2.19297E+03	1000010010	7.27199E+20	1000010010	7.27199E+20
2.53387E+03	1000010010	1.31561E+21	1000010010	1.31561E+21
3.16748E+03	1000010010	2.69052E+21	1000010010	2.69052E+21
2.91142E+03	1000010010	1.67263E+19	1000010010	1.67263E+19
2.97590E+03	1000010010	1.19639E+19	1000010010	1.19639E+19
2.51501E+03	1000010010	3.31481E+20	1000010010	3.31481E+20
5.65469E+03	1000010010	5.91271E+20	1000010010	5.91271E+20
4.64890E+03	1000010010	3.18297E+19	1000010010	3.18297E+19
8.95847E+02	1000010010	6.05050E+20	1000010010	6.05050E+20
6.02711E+03	1000010010	3.38617E+21	1000010010	3.38617E+21
5.89162E+03	1000010010	1.28463E+21	1000010010	1.28463E+21
2.56566E+03	1000010010	7.14525E+19	1000010010	7.14525E+19
1.70059E+03	1000010010	2.59764E+21	1000010010	2.59764E+21
3.49297E+03	1000010010	1.48271E+19	1000010010	1.48271E+19
6.06897E+02	1000010010	3.24556E+20	1000010010	3.24556E+20
2.09640E+03	1000010010	1.77631E+20	1000010010	1.77631E+20
2.22419E+03	1000010010	6.51236E+18	1000010010	6.51236E+18
2.21586E+03	1000010010	1.04974E+19	1000010010	1.04974E+19
2.38488E+03	1000010010	6.27245E+18	1000010010	6.27245E+18
3.37309E+03	1000010010	2.72144E+20	1000010010	2.72144E+20
9.53878E+03	1000010010	6.85793E+20	1000010010	6.85793E+20
9.87608E+02	1000010010	4.31038E+21	1000010010	4.31038E+21
2.92114E+03	1000010010	3.39883E+20	1000010010	3.39883E+20
1.25481E+03	1000010010	3.26394E+21	1000010010	3.26394E+21
4.61114E+03	1000010010	5.56874E+21	1000010010	5.56874E+21
2.91581E+03	1000010010	5.24985E+20	1000010010	5.24985E+20
8.71949E+02	1000010010	1.01803E+19	1000010010	1.01803E+19
5.82865E+02	1000010010	2.18787E+21	1000010010	2.18787E+21
6.72758E+02	1000010010	7.32811E+18	1000010010	7.32811E+18
8.07608E+03	1000010010	5.36400E+20	1000010010	5.36400E+20
2.19200E+03	1000010010	3.60991E+20	1000010010	3.60991E+20
8.27054E+03	1000010010	3.04744E+19	1000010010	3.04744E+19
2.57826E+02	1000010010	1.51548E+19	1000010010	1.51548E+19
7.72618E+03	1000010010	6.93280E+19	1000010010	6.93280E+19
3.41784E+03	1000010010	7.85434E+18	1000010010	7.85434E+18
2.93577E+03	1000010010	7.74467E+18	1000010010	7.74467E+18
8.52787E+03	1000010010	1.30822E+20	1000010010	1.30822E+20
5.88681E+02	1000010010	2.09607E+20	1000010010	2.09607E+20
7.09507E+03	1000010010	1.80963E+21	1000010010	1.80963E+21
6.84562E+03	1000010010	2.32053E+20	1000010010	2.32053E+20
8.03986E+03	1000010010	2.23029E+19	1000010010	2.23029E+19
5.11964E+03	1000010010	1.04901E+21	1000010010	1.04901E+21
3.34645E+03	1000010010	1.38410E+20	1000010010	1.38410E+20
1.83598E+03	1000010010	1.49318E+19	1000010010	1.49318E+19
2.26577E+03	1000010010	1.15582E+20	1000010010	1.15582E+20
4.80859E+02	1000010010	4.10268E+19	1000010010	4.10268E+19
1.20410E+03	1000010010	2.09029E+20	1000010010	2.09029E+20
2.68737E+03	1000010010	6.36741E+19	1000010010	6.36741E+19
4.26604E+03	1000010010	3.61615E+20	1000010010	3.61615E+20
5.69097E+02	1000010010	8.12660E+18	1000010010	8.12660E+18
8.57457E+03	1000010010	4.12882E+21	1000010010	4.12882E+21
4.51844E+03	1000010010	5.73624E+21	1000010010	5.73624E+21
5.55293E+03	1000010010	1.04118E+19	1000010010	1.04118E+19
5.49639E+03	1000010010	1.62348E+20	1000010010	1.62348E+20
1.13600E+03	1000010010	9.44902E+19	1000010010	9.44902E+19
4.74344E+03	1000010010	3.28541E+20	1000010010	3.28541E+20
7.72016E+02	1000010010	9.48267E+19	1000010010	9.48267E+19
5.52914E+03	1000010010	2.90937E+20	1000010010	2.90937E+20
1.17828E+03	1000010010	2.14400E+21	1000010010	2.14400E+21
5.08893E+03	1000010010	1.75071E+19	1000010010	1.75071E+19
1.99381E+03	1000010010	4.64849E+20	1000010010	4.64849E+20
3.61899E+03	1000010010	9.74372E+20	1000010010	9.74372E+20
7.59154E+02	1000010010	1.14265E+21	1000010010	1.14265E+21
1.24253E+03	1000010010	1.73620E+20	1000010010	1.73620E+20
4.03408E+03	1000010010	1.84274E+21	1000010010	1.84274E+21
3.74816E+02	1000010010	2.22143E+20	1000010010	2.22143E+20
1.43748E+03	1000010010	4.66891E+20	1000010010	4.66891E+20
3.29233E+03	1000010010	3.07205E+20	1000010010	3.07205E+20
8.16095E+03	1000010010	1.31043E+19	1000010010	1.31043E+19
5.67104E+03	1000010010	3.95523E+20	1000010010	3.95523E+20
1.75291E+03	1000010010	6.17173E+20	1000010010	6.17173E+20
5.45941E+03	1000010010	8.19070E+19	1000010010	8.19070E+19
5.17233E+03	1000010010	9.22775E+19	1000010010	9.22775E+19
1.56260E+03	1000010010	9.06102E+19	1000010010	9.06102E+19
2.09684E+03	1000010010	2.89207E+21	1000010010	2.89207E+21
2.36900E+03	1000010010	4.08306E+20	1000010010	4.08306E+20
2.83802E+03	1000010010	1.38801E+21	1000010010	1.38801E+21
3.98819E+03	1000010010	8.57083E+19	1000010010	8.57083E+19
4.68192E+03	1000010010	2.23609E+20	1000010010	2.23609E+20
9.57633E+02	1000010010	2.95711E+20	1000010010	2.95711E+20
7.09708E+03	1000010010	6.90305E+20	1000010010	6.90305E+20
5.09510E+02	1000010010	1.08768E+20	1000010010	1.08768E+20
3.80482E+03	1000010010	4.92640E+20	1000010010	4.92640E+20
5.94583E+02	1000010010	6.76498E+20	1000010010	6.76498E+20
1.16618E+03	1000010010	9.46419E+18	1000010010	9.46419E+18
2.98894E+03	1000010010	1.94542E+19	1000010010	1.94542E+19
3.81259E+02	1000010010	1.90310E+19	1000010010	1.90310E+19
5.01073E+03	1000010010	1.54213E+21	1000010010	1.54213E+21
1.25136E+03	1000010010	1.93834E+20	1000010010	1.93834E+20
8.14946E+03	1000010010	3.00259E+20	1000010010	3.00259E+20
2.05433E+03	1000010010	1.57483E+21	1000010010	1.57483E+21
4.36369E+03	1000010010	6.06064E+20	1000010010	6.06064E+20
5.89584E+03	1000010010	3.54006E+21	1000010010	3.54006E+21
3.66534E+03	1000010010	3.03298E+19	1000010010	3.03298E+19
2.00511E+03	1000010010	1.15664E+19	1000010010	1.15664E+19
5.95271E+03	1000010010	5.02066E+19	1000010010	5.02066E+19
6.16518E+03	1000010010	1.65310E+20	1000010010	1.65310E+20
1.46563E+03	1000010010	1.99955E+20	1000010010	1.99955E+20
3.37903E+03	1000010010	1.02789E+19	1000010010	1.02789E+19
8.08541E+03	1000010010	1.60676E+21	1000010010	1.60676E+21
1.89459E+02	1000010010	4.58439E+21	1000010010	4.58439E+21
5.71474E+02	1000010010	1.38470E+19	1000010010	1.38470E+19
2.89156E+03	1000010010	2.19070E+21	1000010010	2.19070E+21
4.79903E+03	1000010010	6.96930E+19	1000010010	6.96930E+19
9.64349E+03	1000010010	8.00941E+20	1000010010	8.00941E+20
1.74905E+03	1000010010	9.95405E+19	1000010010	9.95405E+19
7.19951E+03	1000010010	9.69986E+18	1000010010	9.69986E+18
1.85315E+03	1000010010	1.72710E+19	1000010010	1.72710E+19
2.87658E+03	1000010010	8.96607E+18	1000010010	8.96607E+18
7.05208E+03	1000010010	1.55589E+21	1000010010	1.55589E+21
1.44564E+03	1000010010	2.91640E+19	1000010010	2.91640E+19
2.39350E+02	1000010010	3.66792E+19	1000010010	3.66792E+19
1.47654E+03	1000010010	4.33739E+19	1000010010	4.33739E+19
4.23149E+02	1000010010	4.60145E+19	1000010010	4.60145E+19
1.39564E+02	1000010010	5.91893E+19	1000010010	5.91893E+19
4.70211E+03	1000010010	8.60524E+20	1000010010	8.60524E+20
1.08524E+03	1000010010	2.51295E+19	1000010010	2.51295E+19
2.77904E+03	1000010010	9.36797E+18	1000010010	9.36797E+18
2.59608E+03	1000010010	1.70121E+21	1000010010	1.70121E+21
4.91070E+03	1000010010	2.09162E+21	1000010010	2.09162E+21
3.82773E+03	1000010010	1.45403E+20	1000010010	1.45403E+20
1.48200E+03	1000010010	7.36056E+20	1000010010	7.36056E+20
2.11367E+03	1000010010	1.93374E+19	1000010010	1.93374E+19
8.02190E+03	1000010010	1.24848E+20	1000010010	1.24848E+20
2.82904E+03	1000010010	1.80225E+21	1000010010	1.80225E+21
1.02455E+03	1000010010	1.30420E+21	1000010010	1.30420E+21
3.09902E+03	1000010010	2.38329E+19	1000010010	2.38329E+19
9.07296E+02	1000010010	6.59640E+20	1000010010	6.59640E+20
5.03386E+03	1000010010	2.17130E+20	1000010010	2.17130E+20
7.46036E+03	1000010010	3.54284E+19	1000010010	3.54284E+19
2.18163E+03	1000010010	2.06369E+21	1000010010	2.06369E+21
4.41896E+03	1000010010	1.21702E+21	1000010010	1.21702E+21
5.76895E+03	1000010010	6.66787E+19	1000010010	6.66787E+19
5.22242E+02	1000010010	3.99473E+21	1000010010	3.99473E+21
1.76024E+03	1000010010	6.41604E+19	1000010010	6.41604E+19
7.54484E+02	1000010010	1.67869E+20	1000010010	1.67869E+20
7.32503E+02	1000010010	3.00819E+20	1000010010	3.00819E+20
6.39644E+03	1000010010	1.75274E+20	1000010010	1.75274E+20
8.83029E+02	1000010010	1.35003E+20	1000010010	1.35003E+20
1.13437E+03	1000010010	1.02941E+19	1000010010	1.02941E+19
8.37931E+02	1000010010	2.75299E+21	1000010010	2.75299E+21
7.89155E+03	1000010010	3.15691E+20	1000010010	3.15691E+20
2.48796E+03	1000010010	3.63979E+19	1000010010	3.63979E+19
3.98746E+03	1000010010	4.47599E+21	1000010010	4.47599E+21
3.17321E+03	1000010010	1.67474E+21	1000010010	1.67474E+21
2.25045E+03	1000010010	7.73107E+20	1000010010	7.73107E+20
4.62173E+03	1000010010	1.96469E+20	1000010010	1.96469E+20
8.02507E+03	1000010010	5.58018E+20	1000010010	5.58018E+20
6.80550E+03	1000010010	4.02377E+20	1000010010	4.02377E+20
1.25190E+03	1000010010	2.16416E+20	1000010010	2.16416E+20
1.91348E+03	1000010010	3.03016E+21	1000010010	3.03016E+21
4.80081E+02	1000010010	5.38009E+19	1000010010	5.38009E+19
2.51781E+03	1000010010	7.80186E+19	1000010010	7.80186E+19
4.32968E+03	1000010010	2.03818E+20	1000010010	2.03818E+20
7.42664E+03	1000010010	1.65573E+19	1000010010	1.65573E+19
4.73044E+03	1000010010	1.30375E+20	1000010010	1.30375E+20
8.72026E+02	1000010010	1.54348E+21	1000010010	1.54348E+21
6.54436E+03	1000010010	2.28336E+21	1000010010	2.28336E+21
7.84732E+03	1000010010	3.35994E+21	1000010010	3.35994E+21
1.07335E+03	1000010010	3.27326E+20	1000010010	3.27326E+20
5.06414E+02	1000010010	4.31950E+19	1000010010	4.31950E+19
4.26018E+03	1000010010	1.01069E+21	1000010010	1.01069E+21
1.42249E+03	1000010010	2.29360E+19	1000010010	2.29360E+19
1.06937E+03	1000010010	1.11607E+20	1000010010	1.11607E+20
1.21931E+03	1000010010	3.93578E+21	1000010010	3.93578E+21
1.35447E+03	1000010010	1.51271E+19	1000010010	1.51271E+19
3.56233E+03	1000010010	2.13695E+21	1000010010	2.13695E+21
4.58183E+02	1000010010	2.16263E+19	1000010010	2.16263E+19
4.78449E+03	1000010010	7.44007E+19	1000010010	7.44007E+19
3.85789E+03	1000010010	4.08944E+21	1000010010	4.08944E+21
8.46332E+02	1000010010	3.85563E+21	1000010010	3.85563E+21
1.80608E+03	1000010010	1.54697E+20	1000010010	1.54697E+20
2.51718E+03	1000010010	1.04751E+20	1000010010	1.04751E+20
5.39382E+03	1000010010	9.03283E+18	1000010010	9.03283E+18
1.88508E+03	1000010010	1.23340E+19	1000010010	1.23340E+19
2.48759E+03	1000010010	7.86171E+18	1000010010	7.86171E+18
3.89956E+03	1000010010	7.60903E+18	1000010010	7.60903E+18
7.14180E+03	1000010010	2.21363E+21	1000010010	2.21363E+21
2.58690E+03	1000010010	8.89448E+19	1000010010	8.89448E+19
1.07432E+03	1000010010	9.01131E+18	1000010010	9.01131E+18
6.75502E+03	1000010010	2.51813E+19	1000010010	2.51813E+19
3.36353E+03	1000010010	7.56990E+18	1000010010	7.56990E+18
2.82211E+03	1000010010	4.80168E+19	1000010010	4.80168E+19
1.18818E+02	1000010010	1.74075E+19	1000010010	1.74075E+19
9.86747E+02	1000010010	5.79925E+21	1000010010	5.79925E+21
3.27095E+03	1000010010	1.25253E+19	1000010010	1.25253E+19
1.02796E+03	1000010010	1.46088E+19	1000010010	1.46088E+19
8.83847E+02	1000010010	6.57468E+18	1000010010	6.57468E+18
2.15385E+02	1000010010	1.62711E+20	1000010010	1.62711E+20
5.35830E+02	1000010010	6.77728E+19	1000010010	6.77728E+19
3.58358E+03	1000010010	5.39490E+19	1000010010	5.39490E+19
1.95447E+03	1000010010	1.63569E+21	1000010010	1.63569E+21
2.69628E+03	1000010010	7.45069E+19	1000010010	7.45069E+19
3.65163E+03	1000010010	6.70965E+19	1000010010	6.70965E+19
3.25554E+03	1000010010	3.06528E+21	1000010010	3.06528E+21
8.31705E+03	1000010010	2.58952E+20	1000010010	2.58952E+20
