#	D	ID	E	ID0	E0
#
# D             Trajectory length [1 Mpc]
# ID/ID0/ID1    Particle type (PDG MC numbering scheme)
# E/E0/E1       Energy [1 EeV]
# no index = current, 0 = at source, 1 = at point of creation
#
# CRPropa version: -128-NOTFOUND
#
2.92350E+03	1000260560	1.60428E+21	1000260560	2.91400E+21
2.78815E+03	1000260560	7.27766E+19	1000260560	1.28695E+20
4.10958E+03	1000260560	9.00355E+20	1000260560	2.07857E+21
3.04444E+03	1000260560	1.77578E+21	1000260560	3.30386E+21
8.23260E+03	1000260560	1.60414E+19	1000260560	1.04999E+20
1.69729E+03	1000260560	7.05854E+19	1000260560	1.00615E+20
1.12462E+03	1000260560	4.75709E+21	1000260560	6.04300E+21
1.95642E+03	1000260560	7.88878E+19	1000260560	1.18382E+20
4.72189E+03	1000260560	3.33260E+19	1000260560	8.75848E+19
3.20864E+03	1000260560	9.48212E+20	1000260560	1.82282E+21
7.90104E+02	1000260560	2.31425E+21	1000260560	2.74410E+21
4.35316E+03	1000260560	4.30022E+20	1000260560	1.04464E+21
3.87124E+03	1000260560	1.11347E+21	1000260560	2.44721E+21
6.56736E+02	1000260560	4.01437E+19	1000260560	4.62896E+19
1.80176E+03	1000260560	2.94562E+19	1000260560	4.28689E+19
1.48461E+03	1000260560	6.33652E+18	1000260560	8.65668E+18
2.14206E+03	1000260560	2.25969E+21	1000260560	3.51768E+21
2.99407E+03	1000260560	1.50838E+19	1000260560	2.77843E+19
4.01905E+03	1000260560	6.24881E+19	1000260560	1.41579E+20
2.14381E+03	1000260560	1.03340E+20	1000260560	1.60925E+20
4.88113E+03	1000260560	1.46006E+21	1000260560	3.97241E+21
4.27401E+03	1000260560	3.63790E+20	1000260560	8.69164E+20
1.12615E+03	1000260560	1.03250E+20	1000260560	1.31201E+20
3.59460E+02	1000260560	3.06665E+21	1000260560	3.31910E+21
7.21180E+03	1000260560	8.18680E+18	1000260560	3.94437E+19
3.11647E+03	1000260560	7.95428E+20	1000260560	1.50127E+21
1.42575E+03	1000260560	1.05259E+19	1000260560	1.42112E+19
5.02284E+02	1000260560	4.33573E+19	1000260560	4.83866E+19
2.24231E+03	1000260560	3.05676E+19	1000260560	4.85353E+19
3.15687E+03	1000260560	2.85771E+19	1000260560	5.43715E+19
1.05582E+03	1000260560	3.30679E+19	1000260560	4.14204E+19
6.32721E+03	1000260560	5.74126E+19	1000260560	2.18933E+20
1.15144E+03	1000260560	1.18272E+21	1000260560	1.51066E+21
5.35995E+03	1000260560	3.53709E+20	1000260560	1.07081E+21
3.74031E+03	1000260560	2.68950E+20	1000260560	5.75500E+20
1.22927E+03	1000260560	2.79649E+19	1000260560	3.62881E+19
2.41665E+03	1000260560	1.70308E+21	1000260560	2.79871E+21
1.33696E+02	1000260560	1.26200E+20	1000260560	1.30015E+20
8.66007E+02	1000260560	3.24040E+21	1000260560	3.90334E+21
1.02118E+03	1000260560	1.01402E+19	1000260560	1.26117E+19
4.54154E+03	1000260560	9.65793E+18	1000260560	2.44180E+19
9.10074E+03	1000260560	2.07506E+19	1000260560	1.83760E+20
1.41306E+03	1000260560	2.21628E+19	1000260560	2.98461E+19
3.01463E+03	1000260560	2.30387E+19	1000260560	4.26107E+19
7.54162E+03	1000260560	1.90247E+19	1000260560	1.00712E+20
2.67091E+02	1000260560	5.04780E+19	1000260560	5.35492E+19
4.13786E+03	1000260560	2.51192E+21	1000260560	5.83322E+21
1.07652E+03	1000260560	2.99839E+19	1000260560	3.77168E+19
1.81740E+03	1000260560	7.90894E+19	1000260560	1.15460E+20
6.54826E+03	1000260560	9.29753E+19	1000260560	3.75020E+20
1.47626E+03	1000260560	6.84321E+20	1000260560	9.33324E+20
5.48329E+03	1000260560	1.37505E+19	1000260560	4.28200E+19
1.44387E+03	1000260560	1.72156E+20	1000260560	2.33277E+20
6.63619E+02	1000260560	2.62359E+20	1000260560	3.02964E+20
1.00864E+03	1000260560	6.41131E+18	1000260560	7.95345E+18
3.62189E+03	1000260560	6.80948E+19	1000260560	1.42245E+20
2.75988E+02	1000260560	1.16831E+21	1000260560	1.24180E+21
9.68948E+02	1000260560	7.62766E+19	1000260560	9.38550E+19
2.44531E+03	1000260560	1.78319E+21	1000260560	2.94697E+21
8.12497E+03	1000260560	1.84556E+19	1000260560	1.16700E+20
4.02896E+02	1000260560	1.10606E+20	1000260560	1.20837E+20
2.88078E+03	1000260560	5.47200E+19	1000260560	9.85545E+19
7.12587E+03	1000260560	1.07498E+19	1000260560	5.05718E+19
4.07892E+03	1000260560	6.24199E+18	1000260560	1.43189E+19
2.33701E+03	1000260560	1.39558E+20	1000260560	2.25767E+20
2.06672E+03	1000260560	3.69982E+20	1000260560	5.67450E+20
2.55302E+03	1000260560	5.44373E+19	1000260560	9.18966E+19
4.13176E+02	1000260560	1.10301E+21	1000260560	1.20771E+21
3.53165E+03	1000260560	1.22524E+20	1000260560	2.51313E+20
1.57500E+02	1000260560	3.00742E+19	1000260560	3.11466E+19
3.25610E+02	1000260560	6.52081E+18	1000260560	7.00609E+18
5.29088E+03	1000260560	1.43776E+19	1000260560	4.28498E+19
2.79432E+03	1000260560	2.20020E+20	1000260560	3.89548E+20
1.68327E+03	1000260560	4.79233E+20	1000260560	6.81211E+20
4.62220E+03	1000260560	1.05133E+21	1000260560	2.70433E+21
6.82495E+02	1000260560	6.95105E+18	1000260560	8.05876E+18
3.31017E+03	1000260560	5.73706E+20	1000260560	1.12550E+21
5.22730E+03	1000260560	1.06651E+20	1000260560	3.13323E+20
3.09972E+03	1000260560	1.71493E+21	1000260560	3.22593E+21
5.36040E+02	1000260560	1.84568E+19	1000260560	2.07462E+19
2.68942E+03	1000260560	2.20431E+21	1000260560	3.82268E+21
4.44887E+02	1000260560	2.00625E+19	1000260560	2.21167E+19
5.30903E+03	1000260560	6.18727E+19	1000260560	1.85158E+20
6.23608E+02	1000260560	1.67022E+20	1000260560	1.91253E+20
1.48888E+03	1000260560	2.38743E+19	1000260560	3.26440E+19
4.85554E+02	1000260560	1.11474E+20	1000260560	1.23962E+20
1.29654E+03	1000260560	1.41941E+19	1000260560	1.86712E+19
3.43512E+03	1000260560	1.38353E+20	1000260560	2.78313E+20
2.28328E+03	1000260560	6.54412E+18	1000260560	1.04750E+19
4.16004E+03	1000260560	1.02948E+21	1000260560	2.40172E+21
2.29451E+03	1000260560	7.05577E+20	1000260560	1.13191E+21
7.58768E+02	1000260560	9.35980E+18	1000260560	1.10260E+19
2.23505E+03	1000260560	6.22293E+18	1000260560	9.86664E+18
2.11337E+02	1000260560	1.57591E+21	1000260560	1.65154E+21
1.18248E+03	1000260560	1.04068E+20	1000260560	1.33766E+20
3.51649E+03	1000260560	8.82975E+18	1000260560	1.80557E+19
4.37536E+03	1000260560	4.78919E+19	1000260560	1.16889E+20
3.44714E+03	1000260560	1.60848E+20	1000260560	3.24349E+20
4.24413E+03	1000260560	3.07822E+20	1000260560	7.30849E+20
1.76601E+03	1000260560	3.34456E+19	1000260560	4.83305E+19
5.83241E+02	1000260560	7.38607E+19	1000260560	8.38580E+19
2.20082E+02	1000260560	6.64172E+20	1000260560	6.97382E+20
4.17437E+03	1000260560	1.43724E+19	1000260560	3.36305E+19
8.99712E+03	1000260560	1.27681E+20	1000260560	1.08795E+21
5.06237E+02	1000260560	5.74411E+19	1000260560	6.41580E+19
2.38879E+03	1000260560	8.29014E+18	1000260560	1.35488E+19
1.66673E+03	1000260560	1.77067E+21	1000260560	2.50866E+21
1.13878E+03	1000260560	2.68258E+19	1000260560	3.41756E+19
3.33402E+02	1000260560	1.91362E+19	1000260560	2.05951E+19
4.32972E+03	1000260560	1.90133E+20	1000260560	4.59612E+20
1.12905E+02	1000260560	1.57681E+20	1000260560	1.61702E+20
3.10876E+03	1000260560	2.03918E+19	1000260560	3.84277E+19
6.63209E+02	1000260560	9.06389E+18	1000260560	1.04658E+19
1.90496E+03	1000260560	8.07620E+19	1000260560	1.19966E+20
7.33548E+03	1000260560	1.23558E+19	1000260560	6.16385E+19
4.46743E+03	1000260560	2.28835E+21	1000260560	5.69502E+21
5.86055E+03	1000260560	6.63324E+18	1000260560	2.25662E+19
9.70317E+02	1000260560	9.29606E+18	1000260560	1.14416E+19
9.45159E+03	1000260560	1.20741E+20	1000260560	1.22530E+21
8.35004E+03	1000260560	2.40179E+19	1000260560	1.63356E+20
2.69584E+03	1000260560	1.01615E+20	1000260560	1.76442E+20
8.05124E+03	1000260560	5.84045E+20	1000260560	3.60794E+21
6.33876E+03	1000260560	4.76821E+20	1000260560	1.82354E+21
4.28340E+03	1000260560	1.43708E+19	1000260560	3.44020E+19
3.68533E+03	1000260560	8.19758E+18	1000260560	1.73459E+19
1.64607E+03	1000260560	2.96616E+21	1000260560	4.18515E+21
5.95350E+03	1000260560	6.21916E+20	1000260560	2.16344E+21
7.69612E+03	1000260560	2.13089E+20	1000260560	1.18068E+21
1.36668E+03	1000260560	1.09208E+19	1000260560	1.45701E+19
2.86553E+03	1000260560	1.27354E+19	1000260560	2.28682E+19
4.70661E+02	1000260560	1.19281E+20	1000260560	1.32221E+20
5.07705E+03	1000260560	9.18127E+19	1000260560	2.60820E+20
4.05663E+03	1000260560	5.37682E+20	1000260560	1.22773E+21
3.10586E+03	1000260560	7.37853E+18	1000260560	1.38966E+19
1.05224E+03	1000260560	7.99095E+19	1000260560	1.00020E+20
9.96663E+02	1000260560	2.19896E+21	1000260560	2.72119E+21
3.67393E+03	1000260560	6.42141E+20	1000260560	1.35562E+21
7.35923E+02	1000260560	1.53654E+19	1000260560	1.80146E+19
1.68633E+03	1000260560	2.02219E+20	1000260560	2.87622E+20
4.93984E+03	1000260560	5.29815E+19	1000260560	1.46015E+20
1.22538E+03	1000260560	4.65889E+20	1000260560	6.04074E+20
1.36037E+03	1000260560	2.11100E+20	1000260560	2.81285E+20
3.89831E+02	1000260560	2.15004E+20	1000260560	2.34232E+20
3.17256E+03	1000260560	4.36601E+20	1000260560	8.33287E+20
4.81333E+03	1000260560	2.87381E+19	1000260560	7.70403E+19
1.19283E+03	1000260560	3.87047E+20	1000260560	4.98543E+20
7.09837E+03	1000260560	5.78177E+19	1000260560	2.69940E+20
7.98652E+03	1000260560	8.64317E+18	1000260560	5.23226E+19
1.99178E+03	1000260560	8.07847E+19	1000260560	1.22079E+20
4.84927E+03	1000260560	1.30946E+20	1000260560	3.53794E+20
4.17083E+03	1000260560	1.80308E+21	1000260560	4.21595E+21
3.18368E+03	1000260560	2.92712E+21	1000260560	5.59907E+21
2.68385E+03	1000260560	3.58378E+21	1000260560	6.20811E+21
1.41075E+03	1000260560	6.74413E+18	1000260560	9.07793E+18
1.63331E+03	1000260560	1.31431E+21	1000260560	1.84973E+21
3.24781E+03	1000260560	1.89556E+20	1000260560	3.67261E+20
7.74474E+02	1000260560	9.60593E+20	1000260560	1.13531E+21
3.62616E+03	1000260560	2.38909E+19	1000260560	4.99495E+19
7.61292E+03	1000260560	1.99829E+19	1000260560	1.08021E+20
1.48317E+03	1000260560	1.10896E+20	1000260560	1.51457E+20
2.02594E+03	1000260560	1.58363E+20	1000260560	2.40934E+20
3.96587E+02	1000260560	3.06793E+19	1000260560	3.34716E+19
1.68749E+03	1000260560	3.10301E+21	1000260560	4.41451E+21
2.41096E+02	1000260560	2.12971E+20	1000260560	2.24650E+20
3.79731E+02	1000260560	9.07405E+18	1000260560	9.86407E+18
6.70701E+03	1000260560	1.20108E+21	1000260560	5.04843E+21
1.19994E+03	1000260560	3.85421E+20	1000260560	4.97165E+20
4.53153E+03	1000260560	2.20967E+21	1000260560	5.57477E+21
5.00198E+02	1000260560	1.63525E+21	1000260560	1.82413E+21
5.19751E+03	1000260560	5.83841E+20	1000260560	1.70379E+21
1.09406E+03	1000260560	6.74612E+19	1000260560	8.51643E+19
1.41234E+03	1000260560	1.98531E+20	1000260560	2.67317E+20
3.29837E+03	1000260560	1.75953E+21	1000260560	3.44370E+21
9.53030E+02	1000260560	1.73661E+21	1000260560	2.12983E+21
2.01802E+03	1000260560	2.66872E+20	1000260560	4.05387E+20
3.10708E+03	1000260560	2.09658E+21	1000260560	3.94962E+21
5.88460E+03	1000260560	4.37286E+20	1000260560	1.49619E+21
1.51519E+03	1000260560	3.86727E+21	1000260560	5.31575E+21
1.40406E+03	1000260560	1.63936E+19	1000260560	2.20369E+19
7.29951E+03	1000260560	7.20370E+18	1000260560	3.55727E+19
1.16810E+02	1000260560	9.05757E+19	1000260560	9.29658E+19
2.06242E+02	1000260560	1.05052E+20	1000260560	1.09970E+20
3.00783E+03	1000260560	5.28258E+20	1000260560	9.75707E+20
3.78371E+03	1000260560	1.56681E+19	1000260560	3.38246E+19
1.53148E+03	1000260560	1.24294E+20	1000260560	1.71406E+20
8.83429E+03	1000260560	4.09989E+19	1000260560	3.29291E+20
5.97620E+03	1000260560	2.74958E+20	1000260560	9.61735E+20
1.81613E+03	1000260560	4.15394E+21	1000260560	6.06267E+21
6.35264E+02	1000260560	1.11032E+19	1000260560	1.27454E+19
4.80148E+03	1000260560	2.96098E+19	1000260560	7.91725E+19
9.76904E+02	1000260560	1.22934E+20	1000260560	1.51513E+20
1.00221E+03	1000260560	1.18006E+20	1000260560	1.46197E+20
1.20953E+02	1000260560	3.31218E+20	1000260560	3.40271E+20
3.34525E+03	1000260560	1.63249E+20	1000260560	3.22521E+20
3.27301E+02	1000260560	1.06019E+21	1000260560	1.13951E+21
3.56780E+03	1000260560	3.28443E+20	1000260560	6.78622E+20
3.83365E+03	1000260560	2.16526E+19	1000260560	4.72234E+19
8.79648E+02	1000260560	1.45039E+20	1000260560	1.75206E+20
1.13672E+03	1000260560	1.93932E+20	1000260560	2.46963E+20
7.38085E+03	1000260560	8.16871E+19	1000260560	4.12811E+20
1.35188E+03	1000260560	1.61455E+20	1000260560	2.14766E+20
4.50712E+02	1000260560	8.91675E+18	1000260560	9.84202E+18
7.65514E+02	1000260560	8.24660E+19	1000260560	9.72834E+19
5.09377E+03	1000260560	1.60130E+20	1000260560	4.56593E+20
2.25700E+03	1000260560	3.61661E+21	1000260560	5.75911E+21
5.45295E+03	1000260560	1.40120E+21	1000260560	4.33313E+21
4.78760E+03	1000260560	1.15810E+19	1000260560	3.08724E+19
4.47864E+03	1000260560	3.29578E+20	1000260560	8.22174E+20
1.48817E+03	1000260560	3.29094E+20	1000260560	4.49914E+20
3.94808E+03	1000260560	1.22232E+20	1000260560	2.72919E+20
3.49520E+03	1000260560	9.41584E+20	1000260560	1.91717E+21
1.09776E+03	1000260560	3.34219E+19	1000260560	4.22244E+19
5.78880E+03	1000260560	1.04395E+20	1000260560	3.49141E+20
6.36388E+03	1000260560	9.50517E+20	1000260560	3.65821E+21
1.87041E+03	1000260560	8.64513E+18	1000260560	1.27541E+19
7.85893E+02	1000260560	5.47554E+20	1000260560	6.48688E+20
3.99953E+03	1000260560	7.47052E+19	1000260560	1.68580E+20
2.94511E+03	1000260560	2.32065E+20	1000260560	4.23328E+20
1.55740E+02	1000260560	4.31053E+20	1000260560	4.46251E+20
1.55552E+03	1000260560	5.21575E+19	1000260560	7.22739E+19
3.40310E+03	1000260560	1.49294E+19	1000260560	2.98395E+19
4.39424E+03	1000260560	1.53920E+21	1000260560	3.77168E+21
4.96050E+02	1000260560	5.45492E+20	1000260560	6.07958E+20
5.47160E+02	1000260560	4.68321E+19	1000260560	5.27658E+19
1.74750E+03	1000260560	2.67540E+20	1000260560	3.85188E+20
1.28608E+03	1000260560	1.93602E+20	1000260560	2.54129E+20
1.58972E+03	1000260560	2.05768E+19	1000260560	2.87085E+19
8.08673E+02	1000260560	6.20542E+20	1000260560	7.38652E+20
2.38358E+03	1000260560	9.22619E+18	1000260560	1.50631E+19
1.46767E+02	1000260560	5.90567E+19	1000260560	6.10180E+19
6.31730E+03	1000260560	8.46243E+18	1000260560	3.21902E+19
1.73600E+03	1000260560	3.09064E+21	1000260560	4.43956E+21
1.78440E+02	1000260560	2.76505E+21	1000260560	2.87688E+21
2.14874E+03	1000260560	2.54677E+19	1000260560	3.96979E+19
4.46606E+02	1000260560	1.86015E+20	1000260560	2.05137E+20
1.34376E+03	1000260560	8.48524E+19	1000260560	1.12685E+20
8.22575E+03	1000260560	1.64792E+19	1000260560	1.07627E+20
4.07592E+03	1000260560	1.01054E+21	1000260560	2.31670E+21
1.50069E+03	1000260560	1.00504E+20	1000260560	1.37747E+20
6.77236E+02	1000260560	2.36195E+19	1000260560	2.73533E+19
2.79262E+03	1000260560	3.02834E+19	1000260560	5.35991E+19
1.80795E+03	1000260560	8.03748E+19	1000260560	1.17117E+20
5.15178E+02	1000260560	5.55833E+19	1000260560	6.22014E+19
1.36057E+03	1000260560	5.20335E+19	1000260560	6.93358E+19
4.07465E+03	1000260560	1.55160E+21	1000260560	3.55618E+21
3.19969E+03	1000260560	4.69558E+20	1000260560	9.01055E+20
1.23498E+03	1000260560	2.25077E+19	1000260560	2.92404E+19
9.46227E+03	1000260560	4.85883E+19	1000260560	4.95220E+20
3.70230E+03	1000260560	2.29730E+19	1000260560	4.87787E+19
6.55309E+02	1000260560	2.28483E+20	1000260560	2.63384E+20
3.38507E+03	1000260560	8.35810E+18	1000260560	1.66451E+19
9.51411E+02	1000260560	5.93684E+20	1000260560	7.27871E+20
2.30887E+03	1000260560	1.99605E+19	1000260560	3.21120E+19
3.86733E+03	1000260560	4.04599E+19	1000260560	8.88522E+19
6.24364E+02	1000260560	1.08496E+20	1000260560	1.24257E+20
4.52420E+02	1000260560	5.16995E+20	1000260560	5.70851E+20
1.22372E+02	1000260560	1.15212E+21	1000260560	1.18398E+21
1.96587E+03	1000260560	1.04966E+20	1000260560	1.57811E+20
6.32024E+03	1000260560	1.27578E+19	1000260560	4.85652E+19
8.78749E+02	1000260560	8.10878E+20	1000260560	9.79351E+20
4.10719E+02	1000260560	3.74129E+19	1000260560	4.09423E+19
3.09771E+03	1000260560	5.76465E+20	1000260560	1.08395E+21
2.65673E+03	1000260560	3.42641E+20	1000260560	5.90381E+20
3.12896E+03	1000260560	1.68764E+20	1000260560	3.19313E+20
2.63845E+03	1000260560	8.67966E+18	1000260560	1.49014E+19
3.28005E+02	1000260560	9.61470E+18	1000260560	1.03356E+19
3.97052E+03	1000260560	1.13441E+21	1000260560	2.54463E+21
4.40619E+02	1000260560	1.39282E+20	1000260560	1.53403E+20
1.40313E+03	1000260560	1.05767E+19	1000260560	1.42149E+19
1.06243E+03	1000260560	3.63273E+21	1000260560	4.55647E+21
4.40749E+03	1000260560	1.05473E+21	1000260560	2.59178E+21
1.86648E+03	1000260560	2.49910E+19	1000260560	3.68404E+19
8.11295E+03	1000260560	1.31705E+20	1000260560	8.29650E+20
1.55064E+03	1000260560	1.25912E+19	1000260560	1.74304E+19
8.60087E+03	1000260560	2.65038E+19	1000260560	1.96145E+20
4.17347E+03	1000260560	1.68391E+19	1000260560	3.93949E+19
3.39225E+03	1000260560	1.19763E+21	1000260560	2.38851E+21
4.33823E+02	1000260560	3.97401E+21	1000260560	4.37053E+21
9.24680E+02	1000260560	9.86138E+20	1000260560	1.20238E+21
2.63196E+03	1000260560	1.13005E+20	1000260560	1.93762E+20
2.70873E+03	1000260560	2.75138E+20	1000260560	4.78964E+20
7.26517E+03	1000260560	9.02678E+19	1000260560	4.41463E+20
3.19762E+03	1000260560	9.02802E+18	1000260560	1.73171E+19
1.38322E+03	1000260560	2.81943E+21	1000260560	3.77413E+21
7.53406E+02	1000260560	6.38553E+19	1000260560	7.51386E+19
6.56259E+03	1000260560	5.23617E+19	1000260560	2.11984E+20
2.60799E+03	1000260560	2.21151E+21	1000260560	3.77401E+21
3.01652E+02	1000260560	1.70730E+19	1000260560	1.82485E+19
6.37919E+03	1000260560	1.25022E+21	1000260560	4.83022E+21
2.56318E+03	1000260560	7.58717E+18	1000260560	1.28338E+19
6.18661E+03	1000260560	6.20731E+20	1000260560	2.28567E+21
3.86160E+03	1000260560	2.04343E+20	1000260560	4.48225E+20
3.32843E+03	1000260560	1.98237E+19	1000260560	3.90328E+19
5.21672E+03	1000260560	5.46136E+20	1000260560	1.60066E+21
1.49189E+02	1000260560	3.36235E+20	1000260560	3.47587E+20
1.59939E+03	1000260560	7.05148E+20	1000260560	9.85717E+20
1.05598E+03	1000260560	5.53009E+20	1000260560	6.92715E+20
6.19030E+02	1000260560	1.07817E+20	1000260560	1.23340E+20
1.60405E+03	1000260560	7.17034E+20	1000260560	1.00326E+21
5.82204E+03	1000260560	4.62265E+20	1000260560	1.55825E+21
5.16851E+03	1000260560	1.11799E+21	1000260560	3.24145E+21
1.04075E+03	1000260560	1.37496E+20	1000260560	1.71695E+20
8.22731E+02	1000260560	1.62564E+19	1000260560	1.94072E+19
3.75988E+02	1000260560	1.23799E+19	1000260560	1.34469E+19
2.25321E+03	1000260560	3.74513E+19	1000260560	5.95929E+19
2.29337E+03	1000260560	1.54362E+20	1000260560	2.47577E+20
7.83580E+02	1000260560	1.07853E+19	1000260560	1.27712E+19
9.22775E+02	1000260560	1.75053E+20	1000260560	2.13355E+20
2.64083E+03	1000260560	1.19986E+19	1000260560	2.06091E+19
8.24283E+03	1000260560	2.14256E+19	1000260560	1.40707E+20
3.94949E+03	1000260560	4.39074E+20	1000260560	9.80646E+20
4.86197E+03	1000260560	1.12155E+20	1000260560	3.03865E+20
4.05074E+03	1000260560	1.42728E+20	1000260560	3.25507E+20
7.26547E+02	1000260560	4.20136E+20	1000260560	4.91606E+20
3.22182E+03	1000260560	3.46222E+20	1000260560	6.67323E+20
3.59331E+03	1000260560	2.54679E+21	1000260560	5.28935E+21
6.04657E+03	1000260560	8.04820E+18	1000260560	2.86348E+19
9.07233E+02	1000260560	2.05909E+19	1000260560	2.50159E+19
6.14080E+02	1000260560	1.18285E+21	1000260560	1.35174E+21
5.49595E+02	1000260560	2.17590E+20	1000260560	2.45285E+20
6.39017E+02	1000260560	2.07394E+19	1000260560	2.38255E+19
8.92509E+02	1000260560	7.22836E+20	1000260560	8.75506E+20
1.03283E+03	1000260560	1.64300E+21	1000260560	2.04834E+21
7.03723E+03	1000260560	3.00603E+20	1000260560	1.38017E+21
3.17158E+02	1000260560	2.41657E+20	1000260560	2.59166E+20
3.67882E+03	1000260560	8.54790E+19	1000260560	1.80634E+20
1.39120E+03	1000260560	1.79326E+19	1000260560	2.40433E+19
4.41243E+03	1000260560	8.72851E+20	1000260560	2.14710E+21
2.57533E+03	1000260560	1.22977E+20	1000260560	2.08517E+20
1.16625E+03	1000260560	7.55340E+19	1000260560	9.67689E+19
2.23001E+03	1000260560	8.83151E+18	1000260560	1.39887E+19
4.37947E+03	1000260560	8.82147E+20	1000260560	2.15491E+21
8.65880E+02	1000260560	2.23176E+21	1000260560	2.68827E+21
7.12371E+03	1000260560	8.00733E+20	1000260560	3.76474E+21
9.72884E+02	1000260560	6.72991E+18	1000260560	8.28757E+18
5.56614E+03	1000260560	1.83610E+20	1000260560	5.82828E+20
2.55149E+03	1000260560	1.01802E+21	1000260560	1.71802E+21
2.74840E+03	1000260560	7.69573E+18	1000260560	1.35023E+19
1.66121E+03	1000260560	1.91383E+20	1000260560	2.70850E+20
3.23332E+03	1000260560	1.07272E+20	1000260560	2.07236E+20
5.19066E+03	1000260560	6.09834E+19	1000260560	1.77690E+20
9.48689E+03	1000260560	1.44669E+20	1000260560	1.48920E+21
5.43721E+03	1000260560	4.86727E+20	1000260560	1.49973E+21
1.53706E+03	1000260560	4.48364E+21	1000260560	6.19002E+21
1.40572E+03	1000260560	6.92984E+20	1000260560	9.31845E+20
2.43864E+03	1000260560	1.16846E+19	1000260560	1.92850E+19
1.00688E+03	1000260560	4.31842E+19	1000260560	5.35521E+19
5.75295E+02	1000260560	1.70868E+21	1000260560	1.93669E+21
9.84333E+02	1000260560	1.16909E+21	1000260560	1.44308E+21
9.99921E+03	1000260560	1.82835E+19	1000260560	2.34237E+20
4.19268E+03	1000260560	2.34892E+20	1000260560	5.51735E+20
5.03632E+03	1000260560	1.03498E+21	1000260560	2.91371E+21
2.74444E+03	1000260560	1.48874E+21	1000260560	2.60998E+21
1.90031E+03	1000260560	2.51662E+20	1000260560	3.73481E+20
4.75090E+02	1000260560	1.02953E+19	1000260560	1.14230E+19
4.50625E+03	1000260560	2.72659E+20	1000260560	6.84193E+20
6.93069E+03	1000260560	1.26192E+19	1000260560	5.62888E+19
6.79095E+03	1000260560	4.01558E+20	1000260560	1.72558E+21
1.87030E+03	1000260560	1.48950E+20	1000260560	2.19739E+20
1.75086E+02	1000260560	1.90841E+19	1000260560	1.98414E+19
2.42996E+03	1000260560	9.49495E+20	1000260560	1.56443E+21
7.19915E+03	1000260560	4.02155E+19	1000260560	1.93077E+20
2.49256E+02	1000260560	8.08562E+18	1000260560	8.54426E+18
2.04366E+03	1000260560	1.11483E+21	1000260560	1.70206E+21
2.93590E+03	1000260560	5.36934E+20	1000260560	9.77681E+20
4.51716E+03	1000260560	2.33286E+19	1000260560	5.86750E+19
1.76969E+03	1000260560	6.86329E+19	1000260560	9.92501E+19
4.51039E+03	1000260560	6.27724E+18	1000260560	1.57655E+19
1.23632E+03	1000260560	1.77893E+21	1000260560	2.31170E+21
7.49860E+03	1000260560	1.78663E+20	1000260560	9.34024E+20
6.65009E+02	1000260560	8.37252E+20	1000260560	9.67115E+20
1.41863E+03	1000260560	3.64443E+20	1000260560	4.91335E+20
3.92609E+03	1000260560	7.65675E+20	1000260560	1.70188E+21
3.49112E+03	1000260560	4.61838E+19	1000260560	9.39582E+19
2.89722E+03	1000260560	5.06466E+20	1000260560	9.15160E+20
4.15718E+03	1000260560	2.09981E+19	1000260560	4.89587E+19
3.89960E+03	1000260560	1.62229E+20	1000260560	3.58630E+20
2.17671E+03	1000260560	3.72058E+19	1000260560	5.83157E+19
3.57379E+03	1000260560	2.59119E+21	1000260560	5.36034E+21
3.89025E+03	1000260560	4.48342E+19	1000260560	9.89231E+19
7.55063E+02	1000260560	1.48952E+19	1000260560	1.75333E+19
4.72392E+03	1000260560	1.25177E+20	1000260560	3.29126E+20
2.15564E+03	1000260560	5.85009E+20	1000260560	9.13129E+20
1.96200E+03	1000260560	2.38404E+20	1000260560	3.58152E+20
2.16550E+02	1000260560	7.04066E+20	1000260560	7.38699E+20
1.05227E+03	1000260560	1.07589E+20	1000260560	1.34667E+20
3.22066E+03	1000260560	5.62868E+19	1000260560	1.08465E+20
3.45233E+03	1000260560	1.76123E+21	1000260560	3.55523E+21
3.42031E+03	1000260560	8.48852E+18	1000260560	1.70249E+19
1.30336E+03	1000260560	1.68621E+21	1000260560	2.22113E+21
2.67947E+03	1000260560	3.93349E+19	1000260560	6.80802E+19
8.11748E+02	1000260560	1.36890E+20	1000260560	1.63049E+20
2.22668E+03	1000260560	5.99562E+19	1000260560	9.49053E+19
1.26261E+03	1000260560	3.04365E+21	1000260560	3.97629E+21
2.02741E+03	1000260560	1.96780E+20	1000260560	2.99470E+20
5.95147E+03	1000260560	1.83929E+19	1000260560	6.39515E+19
6.34555E+03	1000260560	1.32141E+21	1000260560	5.06223E+21
2.61482E+03	1000260560	2.16319E+19	1000260560	3.69652E+19
1.57712E+03	1000260560	2.11191E+21	1000260560	2.93911E+21
3.80505E+02	1000260560	1.34344E+21	1000260560	1.46065E+21
4.44330E+03	1000260560	1.25920E+20	1000260560	3.11776E+20
4.63921E+03	1000260560	1.19787E+20	1000260560	3.09254E+20
2.30027E+03	1000260560	3.87293E+20	1000260560	6.22014E+20
1.71506E+03	1000260560	2.61966E+19	1000260560	3.74738E+19
2.75818E+03	1000260560	8.37061E+20	1000260560	1.47147E+21
4.76345E+03	1000260560	5.17250E+19	1000260560	1.37168E+20
5.30979E+02	1000260560	1.18259E+19	1000260560	1.32786E+19
1.00633E+03	1000260560	1.30258E+21	1000260560	1.61512E+21
3.14203E+03	1000260560	7.09078E+18	1000260560	1.34512E+19
1.21417E+03	1000260560	2.38642E+19	1000260560	3.08722E+19
5.37382E+03	1000260560	1.58211E+21	1000260560	4.80486E+21
1.22368E+03	1000260560	2.26843E+19	1000260560	2.94025E+19
6.10465E+02	1000260560	2.43087E+19	1000260560	2.77583E+19
3.86163E+02	1000260560	3.52496E+21	1000260560	3.83716E+21
7.28483E+03	1000260560	2.72854E+19	1000260560	1.34182E+20
1.42381E+03	1000260560	4.09641E+21	1000260560	5.52845E+21
1.63793E+03	1000260560	6.89868E+19	1000260560	9.71801E+19
9.51158E+02	1000260560	7.13886E+19	1000260560	8.75194E+19
5.68259E+03	1000260560	1.22889E+21	1000260560	4.00819E+21
1.96463E+03	1000260560	6.75659E+19	1000260560	1.01557E+20
3.81758E+03	1000260560	5.12586E+20	1000260560	1.11427E+21
4.96538E+03	1000260560	2.05862E+19	1000260560	5.70545E+19
1.50217E+03	1000260560	4.39734E+21	1000260560	6.02862E+21
3.86540E+03	1000260560	6.33551E+18	1000260560	1.39077E+19
3.10913E+03	1000260560	3.13866E+19	1000260560	5.91515E+19
6.75273E+02	1000260560	1.46598E+20	1000260560	1.69702E+20
3.01880E+03	1000260560	4.65901E+19	1000260560	8.62413E+19
7.36317E+02	1000260560	3.51708E+19	1000260560	4.12380E+19
5.20913E+03	1000260560	6.26319E+20	1000260560	1.83254E+21
1.43281E+03	1000260560	4.11404E+20	1000260560	5.56231E+20
7.33179E+03	1000260560	1.30796E+19	1000260560	6.51813E+19
1.40174E+02	1000260560	1.37203E+19	1000260560	1.41553E+19
1.69129E+03	1000260560	7.72432E+19	1000260560	1.09973E+20
4.36850E+02	1000260560	1.31058E+19	1000260560	1.44228E+19
1.07983E+03	1000260560	1.26755E+20	1000260560	1.59553E+20
2.31227E+03	1000260560	2.75898E+19	1000260560	4.44157E+19
6.64954E+03	1000260560	1.08076E+20	1000260560	4.47502E+20
1.51587E+03	1000260560	5.18148E+20	1000260560	7.12316E+20
4.20144E+02	1000260560	1.17883E+21	1000260560	1.29266E+21
2.75714E+03	1000260560	8.37798E+20	1000260560	1.47247E+21
4.72391E+03	1000260560	1.03984E+19	1000260560	2.73403E+19
8.59268E+03	1000260560	2.80277E+19	1000260560	2.06836E+20
1.39077E+03	1000260560	4.10428E+21	1000260560	5.50240E+21
7.54968E+02	1000260560	4.56240E+21	1000260560	5.37034E+21
5.97083E+02	1000260560	5.15207E+19	1000260560	5.86657E+19
7.06491E+03	1000260560	1.62420E+19	1000260560	7.51383E+19
7.13947E+03	1000260560	2.84214E+19	1000260560	1.34208E+20
6.87873E+03	1000260560	1.55559E+20	1000260560	6.84274E+20
2.41695E+03	1000260560	3.64888E+20	1000260560	5.99666E+20
9.64080E+02	1000260560	4.88170E+21	1000260560	6.00071E+21
7.65178E+02	1000260560	1.39950E+21	1000260560	1.65084E+21
8.58531E+03	1000260560	1.36543E+20	1000260560	1.00512E+21
1.55242E+03	1000260560	7.84607E+20	1000260560	1.08655E+21
3.75170E+03	1000260560	1.71706E+21	1000260560	3.68270E+21
3.47962E+02	1000260560	2.00740E+19	1000260560	2.16725E+19
3.03705E+03	1000260560	1.80609E+20	1000260560	3.35532E+20
1.23707E+03	1000260560	1.18560E+21	1000260560	1.54090E+21
9.35201E+02	1000260560	7.94354E+20	1000260560	9.70648E+20
3.51401E+02	1000260560	3.36852E+21	1000260560	3.63946E+21
6.62176E+03	1000260560	9.81895E+18	1000260560	4.03638E+19
2.92433E+03	1000260560	8.99673E+19	1000260560	1.63442E+20
1.05994E+03	1000260560	4.35418E+21	1000260560	5.45859E+21
4.71160E+03	1000260560	7.63568E+20	1000260560	2.00227E+21
3.84423E+03	1000260560	1.27825E+19	1000260560	2.79387E+19
5.50750E+03	1000260560	7.02196E+19	1000260560	2.19894E+20
4.26513E+03	1000260560	4.39801E+19	1000260560	1.04882E+20
9.06606E+03	1000260560	6.16152E+20	1000260560	5.38602E+21
1.61685E+03	1000260560	2.44478E+20	1000260560	3.42945E+20
7.46874E+03	1000260560	1.24181E+20	1000260560	6.43609E+20
8.66826E+02	1000260560	6.68495E+18	1000260560	8.05395E+18
3.44010E+03	1000260560	7.27317E+20	1000260560	1.46455E+21
1.86472E+03	1000260560	3.77462E+21	1000260560	5.56239E+21
3.78952E+03	1000260560	1.98216E+19	1000260560	4.28421E+19
1.26620E+03	1000260560	5.82425E+20	1000260560	7.61445E+20
1.77213E+02	1000260560	5.44185E+19	1000260560	5.66043E+19
5.50312E+02	1000260560	3.72737E+19	1000260560	4.20244E+19
6.50863E+03	1000260560	6.49601E+18	1000260560	2.59368E+19
4.95957E+02	1000260560	1.42489E+20	1000260560	1.58803E+20
3.56488E+03	1000260560	1.17398E+20	1000260560	2.42421E+20
2.66345E+03	1000260560	1.16554E+20	1000260560	2.01093E+20
4.73987E+03	1000260560	5.71459E+19	1000260560	1.50772E+20
5.31002E+03	1000260560	8.31832E+18	1000260560	2.48987E+19
2.35457E+03	1000260560	1.56410E+19	1000260560	2.53906E+19
9.62887E+02	1000260560	7.10951E+19	1000260560	8.73704E+19
3.93210E+02	1000260560	3.71857E+19	1000260560	4.05408E+19
2.40726E+03	1000260560	7.13159E+18	1000260560	1.16979E+19
1.04164E+03	1000260560	9.60193E+20	1000260560	1.19924E+21
2.55985E+03	1000260560	2.26958E+20	1000260560	3.83648E+20
7.79573E+03	1000260560	8.45062E+20	1000260560	4.82454E+21
3.11348E+02	1000260560	3.52136E+21	1000260560	3.77174E+21
2.43513E+03	1000260560	1.13429E+19	1000260560	1.87082E+19
3.95419E+03	1000260560	3.98480E+20	1000260560	8.90844E+20
8.17867E+02	1000260560	6.73646E+19	1000260560	8.03397E+19
2.10372E+03	1000260560	2.19517E+20	1000260560	3.39145E+20
6.71394E+03	1000260560	9.12347E+20	1000260560	3.84180E+21
1.69666E+02	1000260560	9.69466E+19	1000260560	1.00673E+20
4.89254E+02	1000260560	1.17366E+20	1000260560	1.30617E+20
1.47388E+03	1000260560	8.67091E+18	1000260560	1.18204E+19
1.56679E+03	1000260560	1.17159E+19	1000260560	1.62712E+19
1.17229E+03	1000260560	6.76895E+20	1000260560	8.68257E+20
3.60880E+03	1000260560	2.12939E+21	1000260560	4.43636E+21
3.55974E+02	1000260560	3.23489E+20	1000260560	3.49854E+20
2.99618E+03	1000260560	2.28497E+19	1000260560	4.21068E+19
8.00603E+02	1000260560	9.16778E+18	1000260560	1.08944E+19
1.33085E+03	1000260560	2.00727E+19	1000260560	2.65875E+19
8.39474E+03	1000260560	4.63638E+19	1000260560	3.20045E+20
3.90629E+03	1000260560	2.53464E+20	1000260560	5.61088E+20
4.11525E+03	1000260560	2.17864E+20	1000260560	5.03555E+20
1.86407E+03	1000260560	3.68259E+19	1000260560	5.42608E+19
9.59720E+03	1000260560	2.14152E+20	1000260560	2.30623E+21
2.74662E+03	1000260560	1.79245E+21	1000260560	3.14378E+21
8.84956E+03	1000260560	8.03170E+19	1000260560	6.48637E+20
2.15824E+03	1000260560	3.57830E+20	1000260560	5.58818E+20
2.34123E+02	1000260560	6.17362E+19	1000260560	6.50226E+19
8.60867E+02	1000260560	4.57310E+20	1000260560	5.50282E+20
6.55623E+02	1000260560	4.28469E+21	1000260560	4.93952E+21
7.17203E+02	1000260560	1.09219E+19	1000260560	1.27549E+19
5.61649E+03	1000260560	1.68102E+21	1000260560	5.39889E+21
1.79736E+03	1000260560	6.74518E+19	1000260560	9.80797E+19
2.54571E+03	1000260560	1.23376E+19	1000260560	2.07975E+19
1.16930E+02	1000260560	2.91396E+20	1000260560	2.99093E+20
2.45405E+03	1000260560	1.27109E+19	1000260560	2.10428E+19
2.32065E+03	1000260560	1.48167E+21	1000260560	2.38922E+21
1.38722E+03	1000260560	9.35121E+20	1000260560	1.25277E+21
4.61611E+02	1000260560	3.57006E+19	1000260560	3.94972E+19
5.08139E+03	1000260560	1.15446E+21	1000260560	3.28276E+21
1.31381E+03	1000260560	2.07959E+19	1000260560	2.74509E+19
3.89360E+03	1000260560	7.83137E+20	1000260560	1.72912E+21
6.62067E+03	1000260560	8.84125E+18	1000260560	3.63343E+19
8.57985E+03	1000260560	6.04434E+19	1000260560	4.44109E+20
5.99616E+03	1000260560	7.59419E+19	1000260560	2.66913E+20
2.17726E+03	1000260560	1.64732E+19	1000260560	2.58227E+19
3.93110E+03	1000260560	9.27373E+18	1000260560	2.06342E+19
2.20179E+03	1000260560	1.63150E+21	1000260560	2.56987E+21
5.64796E+03	1000260560	5.12472E+20	1000260560	1.65802E+21
3.25751E+03	1000260560	7.32348E+20	1000260560	1.42166E+21
9.12106E+02	1000260560	1.78078E+20	1000260560	2.16565E+20
1.76853E+03	1000260560	7.90571E+18	1000260560	1.14298E+19
2.82973E+03	1000260560	2.50240E+21	1000260560	4.46168E+21
4.00495E+02	1000260560	2.07034E+20	1000260560	2.26067E+20
2.77297E+02	1000260560	6.71661E+19	1000260560	7.14113E+19
7.59751E+02	1000260560	1.72336E+19	1000260560	2.03057E+19
3.25450E+03	1000260560	1.30624E+21	1000260560	2.53420E+21
7.08516E+03	1000260560	8.01786E+18	1000260560	3.72989E+19
9.68845E+02	1000260560	7.98643E+18	1000260560	9.82675E+18
5.06916E+03	1000260560	1.41017E+19	1000260560	3.99896E+19
2.26501E+03	1000260560	2.33129E+21	1000260560	3.71824E+21
2.60811E+03	1000260560	1.64841E+19	1000260560	2.81312E+19
8.72085E+03	1000260560	1.28790E+20	1000260560	9.93678E+20
3.20129E+03	1000260560	6.24056E+18	1000260560	1.19791E+19
4.50713E+03	1000260560	1.11526E+19	1000260560	2.79908E+19
2.34758E+03	1000260560	8.79937E+18	1000260560	1.42647E+19
5.27999E+02	1000260560	1.36458E+21	1000260560	1.53122E+21
2.16168E+03	1000260560	3.61050E+20	1000260560	5.64229E+20
7.48236E+02	1000260560	7.76489E+18	1000260560	9.12710E+18
3.20219E+03	1000260560	4.24885E+20	1000260560	8.15734E+20
8.16152E+03	1000260560	3.68393E+20	1000260560	2.35678E+21
4.23566E+03	1000260560	5.88006E+19	1000260560	1.39362E+20
7.05184E+02	1000260560	5.36355E+19	1000260560	6.24794E+19
6.25070E+02	1000260560	2.60163E+19	1000260560	2.97999E+19
1.60172E+03	1000260560	8.92500E+18	1000260560	1.24819E+19
2.19226E+03	1000260560	2.90558E+19	1000260560	4.56816E+19
2.05841E+03	1000260560	6.38760E+20	1000260560	9.78071E+20
4.91409E+02	1000260560	4.03843E+19	1000260560	4.49644E+19
2.99053E+03	1000260560	6.03195E+20	1000260560	1.11030E+21
2.60999E+02	1000260560	3.84768E+21	1000260560	4.07636E+21
4.30353E+03	1000260560	5.80205E+20	1000260560	1.39484E+21
4.67612E+03	1000260560	9.12266E+19	1000260560	2.37397E+20
3.66276E+03	1000260560	2.40622E+21	1000260560	5.06827E+21
4.05742E+03	1000260560	5.12872E+19	1000260560	1.17128E+20
9.84277E+03	1000260560	2.61573E+20	1000260560	3.12648E+21
2.06001E+03	1000260560	1.83914E+21	1000260560	2.81699E+21
2.79268E+03	1000260560	2.69970E+19	1000260560	4.77831E+19
3.98867E+03	1000260560	3.43864E+19	1000260560	7.74227E+19
8.97534E+03	1000260560	3.09144E+19	1000260560	2.61319E+20
3.20231E+03	1000260560	6.79752E+20	1000260560	1.30508E+21
6.84831E+03	1000260560	6.20897E+20	1000260560	2.70910E+21
1.29818E+03	1000260560	1.36756E+19	1000260560	1.79951E+19
8.33710E+02	1000260560	2.30332E+20	1000260560	2.75602E+20
4.37585E+03	1000260560	5.93741E+20	1000260560	1.44928E+21
7.30360E+02	1000260560	1.70725E+20	1000260560	1.99927E+20
2.52204E+03	1000260560	4.39053E+19	1000260560	7.36658E+19
5.63144E+02	1000260560	1.38972E+20	1000260560	1.57112E+20
7.36004E+03	1000260560	7.79633E+20	1000260560	3.91663E+21
6.19475E+03	1000260560	1.18438E+21	1000260560	4.36992E+21
3.09901E+03	1000260560	1.75769E+19	1000260560	3.30590E+19
4.02503E+03	1000260560	4.69302E+20	1000260560	1.06462E+21
9.90542E+03	1000260560	9.74217E+19	1000260560	1.19692E+21
3.91475E+03	1000260560	2.53091E+21	1000260560	5.61240E+21
1.01709E+03	1000260560	2.32647E+21	1000260560	2.89107E+21
3.51358E+03	1000260560	1.13790E+20	1000260560	2.32549E+20
4.39052E+03	1000260560	1.88298E+19	1000260560	4.61046E+19
8.63903E+03	1000260560	3.85464E+19	1000260560	2.89047E+20
6.18224E+03	1000260560	4.84250E+20	1000260560	1.78119E+21
6.67028E+02	1000260560	8.72587E+19	1000260560	1.00836E+20
5.31450E+03	1000260560	8.57669E+18	1000260560	2.56980E+19
8.15806E+03	1000260560	2.60819E+20	1000260560	1.66675E+21
5.61312E+03	1000260560	1.41445E+20	1000260560	4.53919E+20
1.63749E+03	1000260560	1.45101E+21	1000260560	2.04382E+21
7.22489E+03	1000260560	1.17745E+19	1000260560	5.69374E+19
2.82225E+03	1000260560	1.49500E+21	1000260560	2.66158E+21
2.98524E+03	1000260560	2.33640E+21	1000260560	4.29610E+21
3.85600E+02	1000260560	4.36599E+20	1000260560	4.75211E+20
9.85096E+02	1000260560	2.71713E+21	1000260560	3.35443E+21
3.75962E+03	1000260560	1.89167E+19	1000260560	4.06373E+19
1.18877E+03	1000260560	3.03065E+21	1000260560	3.90047E+21
7.83916E+02	1000260560	2.14771E+19	1000260560	2.54335E+19
3.80470E+03	1000260560	2.59571E+21	1000260560	5.62775E+21
1.01428E+03	1000260560	4.61001E+21	1000260560	5.72549E+21
4.98225E+03	1000260560	9.38977E+19	1000260560	2.61205E+20
3.05354E+03	1000260560	2.20696E+21	1000260560	4.11353E+21
3.04648E+03	1000260560	1.12439E+20	1000260560	2.09279E+20
1.10295E+03	1000260560	2.29082E+19	1000260560	2.89722E+19
2.08502E+03	1000260560	1.29144E+19	1000260560	1.98788E+19
6.93586E+03	1000260560	1.15091E+21	1000260560	5.14083E+21
4.70924E+03	1000260560	9.84049E+20	1000260560	2.57913E+21
6.22090E+03	1000260560	3.20583E+20	1000260560	1.19051E+21
5.61150E+02	1000260560	3.05634E+19	1000260560	3.45382E+19
6.30782E+03	1000260560	2.18334E+19	1000260560	8.28550E+19
1.76392E+02	1000260560	2.83271E+21	1000260560	2.94596E+21
1.37637E+03	1000260560	1.36363E+19	1000260560	1.82286E+19
7.53215E+02	1000260560	6.68734E+18	1000260560	7.86869E+18
4.20006E+02	1000260560	3.18474E+20	1000260560	3.49214E+20
2.23696E+03	1000260560	3.74167E+21	1000260560	5.93477E+21
1.83974E+03	1000260560	5.26729E+19	1000260560	7.72368E+19
9.36969E+02	1000260560	1.97269E+19	1000260560	2.41137E+19
2.12251E+03	1000260560	8.82916E+19	1000260560	1.36914E+20
3.77106E+03	1000260560	3.15858E+19	1000260560	6.80124E+19
8.16919E+03	1000260560	1.44521E+20	1000260560	9.26844E+20
2.51945E+03	1000260560	2.36534E+19	1000260560	3.96664E+19
4.82158E+02	1000260560	2.62924E+20	1000260560	2.92165E+20
1.49832E+03	1000260560	6.49200E+18	1000260560	8.89347E+18
4.84199E+03	1000260560	7.04640E+20	1000260560	1.90080E+21
8.50261E+03	1000260560	6.24602E+20	1000260560	4.47024E+21
3.90100E+03	1000260560	1.71834E+20	1000260560	3.79975E+20
1.04727E+03	1000260560	1.69950E+20	1000260560	2.12505E+20
4.45531E+02	1000260560	3.01115E+21	1000260560	3.31992E+21
3.55402E+03	1000260560	7.29716E+18	1000260560	1.50353E+19
1.66201E+03	1000260560	1.05804E+21	1000260560	1.49761E+21
3.44653E+03	1000260560	2.22309E+20	1000260560	4.48229E+20
2.47549E+03	1000260560	1.97519E+19	1000260560	3.28376E+19
4.87631E+02	1000260560	1.14344E+21	1000260560	1.27209E+21
1.40254E+02	1000260560	5.97412E+19	1000260560	6.16365E+19
2.97295E+03	1000260560	7.17547E+19	1000260560	1.31619E+20
2.85254E+03	1000260560	7.31842E+19	1000260560	1.31075E+20
4.52668E+03	1000260560	3.03610E+19	1000260560	7.65181E+19
1.05158E+03	1000260560	4.80201E+21	1000260560	6.00972E+21
2.16924E+03	1000260560	1.17885E+20	1000260560	1.84500E+20
1.06526E+03	1000260560	1.29401E+21	1000260560	1.62400E+21
5.83774E+03	1000260560	2.28973E+19	1000260560	7.74730E+19
4.60822E+03	1000260560	1.14725E+20	1000260560	2.94225E+20
2.67571E+03	1000260560	2.55458E+20	1000260560	4.41814E+20
2.46601E+03	1000260560	2.39844E+19	1000260560	3.97997E+19
8.21793E+03	1000260560	2.04833E+20	1000260560	1.33441E+21
3.73949E+03	1000260560	1.55778E+20	1000260560	3.33278E+20
2.92514E+03	1000260560	2.62001E+21	1000260560	4.76049E+21
2.49796E+03	1000260560	6.51769E+18	1000260560	1.08838E+19
9.03161E+02	1000260560	6.10731E+19	1000260560	7.41353E+19
1.57220E+03	1000260560	5.09904E+20	1000260560	7.08927E+20
8.45319E+02	1000260560	5.13838E+21	1000260560	6.16313E+21
2.42128E+03	1000260560	8.79106E+20	1000260560	1.44598E+21
3.81079E+03	1000260560	1.32204E+21	1000260560	2.86989E+21
6.49131E+02	1000260560	4.23534E+21	1000260560	4.87596E+21
9.78393E+02	1000260560	2.82031E+19	1000260560	3.47702E+19
3.87266E+03	1000260560	2.40870E+21	1000260560	5.29544E+21
1.17931E+03	1000260560	7.31650E+19	1000260560	9.39830E+19
2.80334E+03	1000260560	8.36923E+18	1000260560	1.48443E+19
3.42388E+03	1000260560	1.28497E+21	1000260560	2.57905E+21
6.69871E+03	1000260560	7.64060E+18	1000260560	3.20452E+19
1.55740E+02	1000260560	7.42975E+20	1000260560	7.69171E+20
6.96063E+03	1000260560	1.70797E+19	1000260560	7.68038E+19
2.69458E+02	1000260560	3.76219E+20	1000260560	3.99315E+20
2.40982E+03	1000260560	2.88156E+21	1000260560	4.72897E+21
2.81205E+03	1000260560	6.42693E+19	1000260560	1.14190E+20
7.36718E+03	1000260560	4.67456E+19	1000260560	2.35312E+20
7.99194E+03	1000260560	7.44163E+19	1000260560	4.51254E+20
1.93819E+03	1000260560	9.25456E+19	1000260560	1.38377E+20
4.18894E+03	1000260560	1.75376E+20	1000260560	4.11618E+20
2.51183E+03	1000260560	3.28246E+19	1000260560	5.49638E+19
1.33662E+03	1000260560	7.79297E+20	1000260560	1.03343E+21
1.74848E+02	1000260560	6.51472E+18	1000260560	6.77287E+18
5.78196E+02	1000260560	8.15455E+19	1000260560	9.24840E+19
2.77953E+03	1000260560	2.23784E+20	1000260560	3.95056E+20
4.55074E+02	1000260560	1.86961E+20	1000260560	2.06554E+20
1.59389E+03	1000260560	3.74886E+20	1000260560	5.23472E+20
2.92876E+03	1000260560	3.02316E+19	1000260560	5.49695E+19
4.20398E+03	1000260560	8.73604E+20	1000260560	2.05683E+21
1.42386E+03	1000260560	2.90630E+21	1000260560	3.92234E+21
2.59326E+02	1000260560	9.31483E+20	1000260560	9.86486E+20
8.27769E+02	1000260560	5.28419E+19	1000260560	6.31496E+19
1.03609E+03	1000260560	2.41974E+21	1000260560	3.01871E+21
9.69815E+02	1000260560	3.39508E+21	1000260560	4.17824E+21
1.48694E+03	1000260560	4.11393E+20	1000260560	5.62289E+20
8.60643E+02	1000260560	2.97014E+20	1000260560	3.57381E+20
1.86596E+03	1000260560	6.86566E+18	1000260560	1.01199E+19
2.14329E+03	1000260560	1.60687E+20	1000260560	2.50203E+20
3.13280E+03	1000260560	1.99932E+20	1000260560	3.78574E+20
2.02887E+03	1000260560	1.16609E+19	1000260560	1.77513E+19
3.50366E+02	1000260560	6.50257E+20	1000260560	7.02404E+20
2.06443E+03	1000260560	5.86582E+19	1000260560	8.99245E+19
3.70601E+02	1000260560	9.44524E+19	1000260560	1.02474E+20
2.59821E+03	1000260560	4.25884E+20	1000260560	7.25384E+20
5.12143E+03	1000260560	8.30613E+19	1000260560	2.38302E+20
7.46536E+03	1000260560	1.77215E+19	1000260560	9.17583E+19
5.73116E+03	1000260560	7.07854E+20	1000260560	2.33531E+21
1.46005E+03	1000260560	8.26001E+19	1000260560	1.12290E+20
1.87779E+03	1000260560	1.22556E+21	1000260560	1.81071E+21
9.52055E+02	1000260560	1.35142E+20	1000260560	1.65709E+20
2.81677E+03	1000260560	1.94287E+21	1000260560	3.45519E+21
6.72071E+02	1000260560	7.71234E+20	1000260560	8.92181E+20
7.30687E+03	1000260560	2.99900E+20	1000260560	1.48404E+21
2.88406E+03	1000260560	3.06999E+21	1000260560	5.53286E+21
3.84517E+02	1000260560	2.58088E+19	1000260560	2.80847E+19
2.47974E+03	1000260560	1.98746E+21	1000260560	3.30694E+21
5.50717E+03	1000260560	3.59137E+20	1000260560	1.12456E+21
3.69489E+03	1000260560	2.00374E+19	1000260560	4.24815E+19
2.25771E+02	1000260560	1.71781E+21	1000260560	1.80595E+21
4.34758E+03	1000260560	3.60479E+19	1000260560	8.74674E+19
3.02839E+03	1000260560	9.50716E+18	1000260560	1.76319E+19
2.46078E+02	1000260560	5.33287E+20	1000260560	5.63146E+20
5.56902E+03	1000260560	7.21791E+19	1000260560	2.29270E+20
4.10320E+03	1000260560	2.01783E+20	1000260560	4.65220E+20
2.41713E+03	1000260560	2.39027E+20	1000260560	3.92837E+20
2.99001E+03	1000260560	1.93598E+20	1000260560	3.56319E+20
2.69679E+03	1000260560	5.56907E+20	1000260560	9.67185E+20
1.67086E+03	1000260560	4.16620E+19	1000260560	5.90747E+19
8.27944E+03	1000260560	3.98647E+19	1000260560	2.64935E+20
1.67281E+03	1000260560	6.26172E+18	1000260560	8.88225E+18
1.69230E+03	1000260560	4.21743E+19	1000260560	6.00569E+19
6.39073E+03	1000260560	3.43277E+19	1000260560	1.33013E+20
2.33904E+03	1000260560	4.95033E+19	1000260560	8.01150E+19
6.85092E+02	1000260560	3.21472E+20	1000260560	3.72904E+20
4.22694E+03	1000260560	4.20027E+20	1000260560	9.93685E+20
5.57303E+02	1000260560	2.19881E+20	1000260560	2.48274E+20
7.14352E+03	1000260560	1.51320E+20	1000260560	7.15346E+20
6.55922E+03	1000260560	1.01889E+20	1000260560	4.12137E+20
3.96936E+03	1000260560	1.12398E+21	1000260560	2.52065E+21
7.33392E+03	1000260560	1.01132E+21	1000260560	5.04285E+21
8.82219E+03	1000260560	5.34516E+20	1000260560	4.27463E+21
1.31602E+03	1000260560	2.65950E+19	1000260560	3.51215E+19
3.84082E+03	1000260560	8.58000E+20	1000260560	1.87402E+21
3.92368E+03	1000260560	1.50944E+20	1000260560	3.35339E+20
5.99068E+03	1000260560	1.95264E+20	1000260560	6.85384E+20
1.28707E+03	1000260560	1.24888E+21	1000260560	1.63965E+21
5.02352E+03	1000260560	2.51064E+20	1000260560	7.04806E+20
4.38206E+03	1000260560	2.47216E+20	1000260560	6.04228E+20
7.24033E+03	1000260560	2.00667E+19	1000260560	9.74565E+19
1.11159E+03	1000260560	7.09990E+18	1000260560	8.99519E+18
6.93536E+03	1000260560	5.89612E+19	1000260560	2.63330E+20
3.22753E+03	1000260560	5.10956E+19	1000260560	9.85962E+19
1.01415E+03	1000260560	2.96445E+19	1000260560	3.68167E+19
1.09532E+03	1000260560	8.24957E+20	1000260560	1.04171E+21
3.67360E+03	1000260560	2.66631E+20	1000260560	5.62847E+20
8.97905E+03	1000260560	2.72715E+20	1000260560	2.30841E+21
7.53820E+03	1000260560	9.89995E+18	1000260560	5.23554E+19
1.22562E+02	1000260560	3.90278E+21	1000260560	4.01087E+21
1.66165E+03	1000260560	1.16902E+19	1000260560	1.65457E+19
2.34674E+03	1000260560	7.10743E+18	1000260560	1.15200E+19
1.24722E+03	1000260560	2.50153E+21	1000260560	3.25788E+21
4.75604E+03	1000260560	6.40657E+20	1000260560	1.69620E+21
2.98512E+03	1000260560	5.97604E+20	1000260560	1.09883E+21
1.41192E+03	1000260560	9.25579E+18	1000260560	1.24617E+19
6.40973E+03	1000260560	1.42780E+20	1000260560	5.55906E+20
4.83759E+02	1000260560	3.44501E+19	1000260560	3.82945E+19
4.08129E+03	1000260560	2.50157E+21	1000260560	5.74135E+21
6.03696E+03	1000260560	2.54239E+20	1000260560	9.02458E+20
8.56616E+02	1000260560	6.81632E+18	1000260560	8.19487E+18
2.24433E+03	1000260560	1.76943E+21	1000260560	2.81063E+21
9.37972E+03	1000260560	2.41635E+19	1000260560	2.38290E+20
8.42580E+03	1000260560	5.48569E+20	1000260560	3.82606E+21
2.49031E+03	1000260560	3.48044E+21	1000260560	5.80319E+21
5.15266E+03	1000260560	9.12663E+19	1000260560	2.63673E+20
2.25237E+02	1000260560	1.78659E+19	1000260560	1.87804E+19
7.52018E+02	1000260560	1.05446E+21	1000260560	1.24043E+21
6.21512E+03	1000260560	2.10483E+20	1000260560	7.80517E+20
9.19462E+02	1000260560	6.84896E+20	1000260560	8.34185E+20
2.40077E+03	1000260560	1.67983E+19	1000260560	2.75189E+19
7.07964E+03	1000260560	3.74767E+20	1000260560	1.74077E+21
7.27475E+03	1000260560	8.11998E+18	1000260560	3.98189E+19
1.95961E+03	1000260560	3.71546E+21	1000260560	5.57908E+21
2.98762E+03	1000260560	1.50773E+20	1000260560	2.77368E+20
1.45746E+03	1000260560	1.21012E+19	1000260560	1.64423E+19
4.85065E+02	1000260560	9.68538E+20	1000260560	1.07692E+21
5.51719E+02	1000260560	3.86583E+21	1000260560	4.35986E+21
1.45984E+03	1000260560	1.45793E+21	1000260560	1.98188E+21
2.90253E+03	1000260560	1.26012E+21	1000260560	2.27938E+21
2.15353E+03	1000260560	1.11968E+21	1000260560	1.74695E+21
9.56650E+02	1000260560	5.93088E+20	1000260560	7.27924E+20
1.63456E+03	1000260560	5.88411E+19	1000260560	8.28322E+19
1.98187E+03	1000260560	2.36617E+20	1000260560	3.56867E+20
1.85991E+03	1000260560	1.33238E+19	1000260560	1.96156E+19
6.53486E+02	1000260560	4.00909E+19	1000260560	4.61971E+19
4.20134E+03	1000260560	1.21189E+20	1000260560	2.85173E+20
3.12543E+03	1000260560	2.91023E+19	1000260560	5.50250E+19
1.30792E+03	1000260560	1.04896E+20	1000260560	1.38300E+20
5.20511E+02	1000260560	2.77565E+20	1000260560	3.10966E+20
4.48038E+02	1000260560	4.38656E+21	1000260560	4.83897E+21
7.95688E+03	1000260560	6.66511E+18	1000260560	3.99786E+19
5.16284E+02	1000260560	5.48597E+21	1000260560	6.14061E+21
9.11074E+02	1000260560	6.31645E+19	1000260560	7.67995E+19
8.71071E+03	1000260560	2.78579E+20	1000260560	2.14175E+21
3.41442E+03	1000260560	1.64598E+20	1000260560	3.29733E+20
3.02660E+03	1000260560	3.20579E+20	1000260560	5.94334E+20
5.98292E+03	1000260560	1.13520E+20	1000260560	3.97711E+20
3.10574E+03	1000260560	1.27880E+19	1000260560	2.40841E+19
7.09061E+03	1000260560	8.02091E+18	1000260560	3.73687E+19
4.18494E+02	1000260560	5.35351E+19	1000260560	5.86835E+19
4.95072E+03	1000260560	3.56179E+19	1000260560	9.83957E+19
6.34295E+02	1000260560	4.23366E+19	1000260560	4.85882E+19
7.86151E+03	1000260560	1.81666E+19	1000260560	1.05813E+20
4.51595E+03	1000260560	7.99145E+18	1000260560	2.00945E+19
8.40697E+02	1000260560	3.13120E+20	1000260560	3.75204E+20
6.24457E+03	1000260560	3.57393E+20	1000260560	1.33503E+21
4.68587E+02	1000260560	2.37210E+19	1000260560	2.62828E+19
4.90138E+03	1000260560	5.93937E+20	1000260560	1.62311E+21
9.43403E+03	1000260560	3.07409E+20	1000260560	3.09784E+21
5.65380E+03	1000260560	2.17376E+19	1000260560	7.04249E+19
9.41194E+02	1000260560	1.39051E+19	1000260560	1.70121E+19
2.01420E+03	1000260560	5.57936E+20	1000260560	8.46883E+20
4.70696E+03	1000260560	9.73305E+19	1000260560	2.54972E+20
2.04530E+03	1000260560	3.13576E+20	1000260560	4.78906E+20
8.82392E+02	1000260560	5.13039E+20	1000260560	6.20098E+20
2.46450E+03	1000260560	6.86647E+19	1000260560	1.13908E+20
4.41085E+03	1000260560	1.88232E+21	1000260560	4.62873E+21
4.07553E+02	1000260560	1.56576E+20	1000260560	1.71231E+20
7.96865E+03	1000260560	3.78845E+19	1000260560	2.28069E+20
1.22062E+03	1000260560	2.19930E+21	1000260560	2.84887E+21
5.15829E+03	1000260560	7.08846E+19	1000260560	2.05048E+20
4.02384E+03	1000260560	4.78471E+19	1000260560	1.08515E+20
5.39110E+03	1000260560	1.49099E+20	1000260560	4.54595E+20
1.30956E+03	1000260560	6.91035E+20	1000260560	9.11393E+20
4.75495E+03	1000260560	5.56774E+19	1000260560	1.47377E+20
6.45804E+03	1000260560	1.34503E+21	1000260560	5.30135E+21
2.73083E+03	1000260560	1.96645E+19	1000260560	3.43820E+19
2.70248E+03	1000260560	1.98306E+19	1000260560	3.44786E+19
3.45629E+03	1000260560	1.56726E+19	1000260560	3.16619E+19
7.71048E+02	1000260560	5.42661E+20	1000260560	6.40905E+20
1.63904E+03	1000260560	9.47097E+20	1000260560	1.33445E+21
1.21424E+03	1000260560	1.02423E+19	1000260560	1.32502E+19
3.87041E+03	1000260560	2.75361E+20	1000260560	6.05090E+20
2.45691E+03	1000260560	4.04741E+19	1000260560	6.70425E+19
7.25553E+03	1000260560	3.45484E+20	1000260560	1.68502E+21
1.50205E+03	1000260560	1.24383E+19	1000260560	1.70522E+19
6.15820E+03	1000260560	6.83568E+19	1000260560	2.49948E+20
2.99837E+02	1000260560	1.08495E+20	1000260560	1.15920E+20
6.78016E+02	1000260560	1.17513E+19	1000260560	1.36112E+19
6.64830E+02	1000260560	3.37012E+21	1000260560	3.89270E+21
9.30737E+02	1000260560	1.23929E+21	1000260560	1.51294E+21
2.81018E+03	1000260560	4.29916E+20	1000260560	7.63565E+20
1.12280E+03	1000260560	1.83908E+20	1000260560	2.33534E+20
2.66095E+03	1000260560	1.54555E+19	1000260560	2.66524E+19
1.21355E+03	1000260560	1.54564E+21	1000260560	1.99929E+21
2.79692E+03	1000260560	1.30493E+21	1000260560	2.31160E+21
9.40227E+02	1000260560	4.19455E+21	1000260560	5.13078E+21
6.18875E+03	1000260560	1.01889E+21	1000260560	3.75376E+21
3.07148E+03	1000260560	2.50390E+19	1000260560	4.68364E+19
1.81024E+03	1000260560	3.77672E+21	1000260560	5.50568E+21
2.26137E+03	1000260560	1.02307E+20	1000260560	1.63055E+20
6.39248E+02	1000260560	3.05308E+19	1000260560	3.50757E+19
7.82811E+02	1000260560	3.24555E+20	1000260560	3.84254E+20
1.94902E+03	1000260560	2.21664E+21	1000260560	3.32150E+21
5.83264E+02	1000260560	2.52764E+21	1000260560	2.86977E+21
6.43684E+03	1000260560	1.01635E+21	1000260560	3.98445E+21
1.48515E+03	1000260560	7.28577E+18	1000260560	9.95457E+18
5.34181E+03	1000260560	1.03650E+19	1000260560	3.12496E+19
3.97454E+02	1000260560	3.14335E+21	1000260560	3.43008E+21
5.29648E+03	1000260560	1.59438E+20	1000260560	4.75778E+20
6.20635E+03	1000260560	7.40165E+19	1000260560	2.73876E+20
2.51210E+03	1000260560	1.45172E+21	1000260560	2.43099E+21
6.94466E+03	1000260560	1.24489E+20	1000260560	5.57384E+20
7.92919E+02	1000260560	1.86791E+20	1000260560	2.21616E+20
7.01838E+03	1000260560	3.27651E+19	1000260560	1.49661E+20
4.06942E+02	1000260560	4.85611E+21	1000260560	5.30992E+21
2.68298E+03	1000260560	8.53769E+19	1000260560	1.47871E+20
5.50453E+02	1000260560	7.06707E+20	1000260560	7.96804E+20
3.37009E+02	1000260560	8.70290E+19	1000260560	9.37369E+19
6.23649E+03	1000260560	3.68967E+20	1000260560	1.37550E+21
8.16639E+02	1000260560	3.60592E+19	1000260560	4.29937E+19
2.73301E+03	1000260560	6.58602E+19	1000260560	1.15202E+20
2.92152E+03	1000260560	1.33889E+19	1000260560	2.43098E+19
4.66084E+03	1000260560	3.43000E+19	1000260560	8.89655E+19
3.42854E+03	1000260560	6.69449E+19	1000260560	1.34490E+20
1.26383E+03	1000260560	3.36903E+21	1000260560	4.40246E+21
9.81203E+02	1000260560	8.44712E+19	1000260560	1.04200E+20
2.60154E+03	1000260560	3.37602E+21	1000260560	5.75395E+21
1.48519E+03	1000260560	6.17600E+20	1000260560	8.43835E+20
1.04240E+02	1000260560	2.99611E+20	1000260560	3.06662E+20
3.04861E+02	1000260560	2.61861E+21	1000260560	2.80085E+21
1.72029E+03	1000260560	4.01138E+20	1000260560	5.74418E+20
4.29031E+03	1000260560	8.51863E+18	1000260560	2.04223E+19
3.67556E+03	1000260560	3.01841E+19	1000260560	6.37427E+19
3.32009E+03	1000260560	7.04712E+20	1000260560	1.38526E+21
2.91174E+03	1000260560	2.05042E+21	1000260560	3.71567E+21
2.15569E+03	1000260560	1.66821E+19	1000260560	2.60391E+19
1.92037E+03	1000260560	9.77039E+20	1000260560	1.45576E+21
4.60499E+03	1000260560	1.12153E+19	1000260560	2.87429E+19
1.16397E+03	1000260560	3.82547E+21	1000260560	4.89864E+21
1.44023E+03	1000260560	2.57401E+20	1000260560	3.48533E+20
1.15435E+03	1000260560	1.99773E+20	1000260560	2.55316E+20
6.93289E+03	1000260560	4.55234E+19	1000260560	2.03181E+20
1.15517E+03	1000260560	7.83135E+20	1000260560	1.00104E+21
1.25577E+03	1000260560	1.59289E+19	1000260560	2.07811E+19
1.04726E+03	1000260560	3.00937E+19	1000260560	3.76290E+19
