#	D	ID	E	ID0	E0
#
# D             Trajectory length [1 Mpc]
# ID/ID0/ID1    Particle type (PDG MC numbering scheme)
# E/E0/E1       Energy [1 EeV]
# no index = current, 0 = at source, 1 = at point of creation
#
# CRPropa version: -128-NOTFOUND
#
3.64116E+02	1000010010	2.84799E+00	1000010010	3.08553E+00
1.01143E+03	1000010010	5.15867E+02	1000010010	6.40317E+02
2.05423E+03	1000010010	5.92613E+00	1000010010	9.06660E+00
2.47934E+03	1000010010	1.65248E+02	1000010010	2.74934E+02
3.41997E+03	1000010010	3.37700E+01	1000010010	6.77260E+01
2.06003E+03	1000010010	1.45911E+02	1000010010	2.23491E+02
3.43551E+03	1000010010	3.86434E+01	1000010010	7.77419E+01
3.00337E+03	1000010010	1.15063E+02	1000010010	2.12337E+02
1.62762E+03	1000010010	3.75564E+00	1000010010	5.27961E+00
2.45926E+03	1000010010	6.18563E+01	1000010010	1.02508E+02
2.97981E+03	1000010010	1.29705E+01	1000010010	2.38240E+01
4.31013E+03	1000010010	1.31707E+00	1000010010	3.17068E+00
3.43413E+02	1000010010	1.01692E+00	1000010010	1.09682E+00
1.30127E+03	1000010010	2.27974E+02	1000010010	3.00168E+02
2.90129E+03	1000010010	5.81835E+00	1000010010	1.05220E+01
6.88736E+02	1000010010	5.86126E+01	1000010010	6.80421E+01
2.94945E+03	1000010010	2.59106E+00	1000010010	4.73064E+00
1.82200E+03	1000010010	1.71609E+00	1000010010	2.50754E+00
2.24658E+03	1000010010	8.44243E+00	1000010010	1.34162E+01
4.09536E+03	1000010010	3.54043E+01	1000010010	8.14932E+01
3.23339E+03	1000010010	3.74199E+00	1000010010	7.22913E+00
4.23600E+03	1000010010	1.61250E+02	1000010010	3.82203E+02
3.74400E+02	1000010010	3.17116E+01	1000010010	3.44329E+01
2.43809E+03	1000010010	7.90547E+00	1000010010	1.30463E+01
2.26929E+03	1000010010	1.12542E+01	1000010010	1.79647E+01
2.16424E+03	1000010010	6.20370E+00	1000010010	9.69971E+00
1.11576E+03	1000010010	3.91739E+00	1000010010	4.96733E+00
5.83172E+02	1000010010	7.51815E+00	1000010010	8.53563E+00
2.70021E+03	1000010010	1.98595E+01	1000010010	3.45135E+01
5.13588E+02	1000010010	7.49656E+02	1000010010	8.38631E+02
3.84408E+02	1000010010	4.16052E+00	1000010010	4.52731E+00
3.01750E+03	1000010010	1.81238E+01	1000010010	3.35397E+01
1.42387E+03	1000010010	1.82463E+01	1000010010	2.46252E+01
4.41460E+03	1000010010	3.81665E+01	1000010010	9.39277E+01
1.25584E+03	1000010010	1.75974E+00	1000010010	2.29581E+00
2.79105E+03	1000010010	6.94500E+00	1000010010	1.22883E+01
5.34475E+02	1000010010	9.33389E+01	1000010010	1.04882E+02
1.66629E+03	1000010010	5.39701E+01	1000010010	7.64573E+01
8.44298E+02	1000010010	1.33316E+01	1000010010	1.59870E+01
4.94622E+02	1000010010	2.85602E+00	1000010010	3.18210E+00
4.80630E+03	1000010010	6.99075E+01	1000010010	1.87119E+02
1.48504E+03	1000010010	1.62594E+02	1000010010	2.22148E+02
4.78468E+02	1000010010	2.49751E+00	1000010010	2.77309E+00
2.52029E+03	1000010010	1.24181E+01	1000010010	2.08284E+01
1.47110E+03	1000010010	1.44094E+00	1000010010	1.96322E+00
2.72404E+03	1000010010	2.09920E+01	1000010010	3.66539E+01
3.07679E+03	1000010010	2.21164E+01	1000010010	4.14135E+01
3.51963E+02	1000010010	3.29727E+00	1000010010	3.56293E+00
1.92475E+03	1000010010	4.08445E+00	1000010010	6.09097E+00
7.44534E+02	1000010010	3.51794E+00	1000010010	4.13190E+00
2.15123E+03	1000010010	1.57355E+02	1000010010	2.45398E+02
1.29496E+03	1000010010	7.48361E+00	1000010010	9.84093E+00
6.77208E+02	1000010010	2.05436E+01	1000010010	2.37909E+01
3.06255E+02	1000010010	3.00167E+00	1000010010	3.21155E+00
2.40109E+03	1000010010	2.74714E+02	1000010010	4.50064E+02
1.71492E+03	1000010010	2.55271E+00	1000010010	3.65150E+00
2.11893E+03	1000010010	1.53397E+02	1000010010	2.37706E+02
9.03844E+02	1000010010	5.02292E+00	1000010010	6.09808E+00
1.33548E+03	1000010010	2.91973E+02	1000010010	3.87097E+02
5.40303E+02	1000010010	3.72281E+00	1000010010	4.18839E+00
2.08488E+02	1000010010	2.22976E+01	1000010010	2.33532E+01
2.41427E+03	1000010010	1.20534E+00	1000010010	1.97984E+00
1.20574E+03	1000010010	5.29002E+01	1000010010	6.83180E+01
5.75731E+02	1000010010	5.75628E+01	1000010010	6.52502E+01
4.16084E+03	1000010010	5.66825E+01	1000010010	1.32260E+02
4.81298E+02	1000010010	7.05538E+00	1000010010	7.83860E+00
8.17226E+02	1000010010	1.37557E+00	1000010010	1.64030E+00
7.92777E+02	1000010010	2.04913E+01	1000010010	2.43110E+01
3.60311E+03	1000010010	9.53947E+01	1000010010	1.98516E+02
3.30673E+03	1000010010	2.41513E+02	1000010010	4.73474E+02
2.97453E+02	1000010010	1.10832E+02	1000010010	1.18355E+02
4.38462E+03	1000010010	3.69918E+02	1000010010	9.04619E+02
5.95300E+02	1000010010	2.83098E+00	1000010010	3.22237E+00
1.64977E+02	1000010010	3.95854E+01	1000010010	4.10646E+01
4.00632E+03	1000010010	1.39124E+02	1000010010	3.14387E+02
2.31827E+03	1000010010	1.11964E+00	1000010010	1.80460E+00
2.73189E+02	1000010010	1.72409E+00	1000010010	1.83142E+00
3.74695E+03	1000010010	2.90935E+02	1000010010	6.23387E+02
3.07609E+03	1000010010	8.32572E+01	1000010010	1.55879E+02
1.56934E+03	1000010010	1.91048E+02	1000010010	2.65465E+02
4.27752E+03	1000010010	7.70429E+00	1000010010	1.84205E+01
2.29849E+03	1000010010	5.54228E+02	1000010010	8.89807E+02
3.92811E+03	1000010010	5.16200E+01	1000010010	1.14785E+02
1.73794E+03	1000010010	1.01581E+01	1000010010	1.45973E+01
2.75092E+03	1000010010	1.02924E+01	1000010010	1.80672E+01
1.62159E+03	1000010010	6.65991E+02	1000010010	9.35113E+02
2.97713E+03	1000010010	2.21628E+00	1000010010	4.06866E+00
3.02039E+02	1000010010	4.08242E+00	1000010010	4.36387E+00
4.09467E+03	1000010010	4.61883E+01	1000010010	1.06300E+02
1.21413E+03	1000010010	1.77997E+01	1000010010	2.30265E+01
1.89244E+03	1000010010	1.64399E+01	1000010010	2.43598E+01
1.48158E+03	1000010010	4.31494E+01	1000010010	5.89129E+01
2.38707E+03	1000010010	1.31142E+02	1000010010	2.14255E+02
1.68066E+03	1000010010	1.88876E+01	1000010010	2.68340E+01
3.15440E+02	1000010010	3.46003E+01	1000010010	3.70934E+01
2.00272E+03	1000010010	2.77046E+02	1000010010	4.19569E+02
2.68091E+02	1000010010	4.33112E+00	1000010010	4.59564E+00
1.42793E+03	1000010010	5.56960E+02	1000010010	7.52288E+02
5.54746E+02	1000010010	7.64189E+01	1000010010	8.62400E+01
4.20963E+03	1000010010	4.50565E+00	1000010010	1.06207E+01
2.46468E+03	1000010010	1.15564E+02	1000010010	1.91717E+02
6.76060E+02	1000010010	5.65436E+00	1000010010	6.54658E+00
2.26694E+03	1000010010	3.62932E+01	1000010010	5.79070E+01
2.43508E+03	1000010010	2.04049E+01	1000010010	3.36540E+01
3.47379E+03	1000010010	1.28390E+01	1000010010	2.60289E+01
4.92998E+03	1000010010	1.91394E+01	1000010010	5.26335E+01
1.66103E+03	1000010010	2.46981E+01	1000010010	3.49521E+01
3.93337E+03	1000010010	8.57522E+00	1000010010	1.90889E+01
3.44643E+02	1000010010	3.61542E+00	1000010010	3.90053E+00
2.95081E+03	1000010010	1.06661E+01	1000010010	1.94790E+01
1.41096E+03	1000010010	2.36155E+00	1000010010	3.17890E+00
2.41448E+03	1000010010	1.51901E+01	1000010010	2.49516E+01
2.35190E+03	1000010010	1.41420E+00	1000010010	2.29452E+00
1.09249E+03	1000010010	2.08675E+02	1000010010	2.63351E+02
1.43361E+02	1000010010	3.53759E+02	1000010010	3.65232E+02
9.69450E+02	1000010010	1.61436E+02	1000010010	1.98660E+02
9.61263E+02	1000010010	1.59628E+00	1000010010	1.96105E+00
1.67972E+03	1000010010	4.57271E+01	1000010010	6.49534E+01
1.65535E+03	1000010010	2.33288E+00	1000010010	3.29771E+00
6.48810E+02	1000010010	2.49897E+00	1000010010	2.87676E+00
1.40947E+03	1000010010	8.03218E+00	1000010010	1.08089E+01
2.16275E+02	1000010010	3.96627E+00	1000010010	4.16112E+00
1.04570E+02	1000010010	7.12839E+00	1000010010	7.29667E+00
1.74674E+03	1000010010	2.59566E+02	1000010010	3.73651E+02
1.02218E+03	1000010010	1.08327E+02	1000010010	1.34757E+02
3.40235E+03	1000010010	2.54831E+00	1000010010	5.09257E+00
4.91306E+03	1000010010	2.71814E+02	1000010010	7.44711E+02
4.57545E+03	1000010010	6.80185E+01	1000010010	1.73221E+02
3.61118E+03	1000010010	1.86834E+02	1000010010	3.89436E+02
4.34949E+03	1000010010	3.02127E+00	1000010010	7.33382E+00
2.59801E+03	1000010010	1.78961E+01	1000010010	3.04803E+01
3.34511E+03	1000010010	1.25418E+01	1000010010	2.47774E+01
1.18552E+03	1000010010	1.36278E+00	1000010010	1.75274E+00
1.94525E+03	1000010010	4.42176E+00	1000010010	6.62081E+00
2.71265E+03	1000010010	1.00056E+01	1000010010	1.74314E+01
3.56020E+03	1000010010	1.95261E+02	1000010010	4.02825E+02
3.83617E+03	1000010010	5.74098E+01	1000010010	1.25273E+02
1.41712E+03	1000010010	9.66385E+00	1000010010	1.30247E+01
1.00778E+03	1000010010	1.50678E+02	1000010010	1.86889E+02
9.13886E+02	1000010010	3.72786E+00	1000010010	4.53520E+00
2.85672E+02	1000010010	1.16418E+01	1000010010	1.24002E+01
3.18612E+03	1000010010	4.29919E+00	1000010010	8.22761E+00
1.00417E+03	1000010010	1.02911E+00	1000010010	1.27547E+00
4.50865E+03	1000010010	6.64700E+01	1000010010	1.66880E+02
2.54494E+03	1000010010	6.76549E+00	1000010010	1.14028E+01
3.19315E+03	1000010010	1.95844E+02	1000010010	3.75324E+02
1.14200E+03	1000010010	1.29968E+00	1000010010	1.65685E+00
4.83876E+03	1000010010	2.86996E+01	1000010010	7.73641E+01
1.23797E+03	1000010010	2.00326E+01	1000010010	2.60408E+01
4.99886E+03	1000010010	2.67286E+01	1000010010	7.46267E+01
1.26642E+03	1000010010	7.38430E+01	1000010010	9.65446E+01
3.33263E+02	1000010010	2.25490E+00	1000010010	2.42673E+00
3.15904E+03	1000010010	4.40205E+01	1000010010	8.37907E+01
1.95430E+03	1000010010	1.01483E+01	1000010010	1.52226E+01
1.43100E+03	1000010010	7.12640E+01	1000010010	9.63159E+01
2.32802E+03	1000010010	2.71850E+01	1000010010	4.39001E+01
4.19341E+03	1000010010	3.38215E+02	1000010010	7.94550E+02
2.21786E+03	1000010010	4.90462E+02	1000010010	7.75010E+02
3.43729E+03	1000010010	1.19759E+02	1000010010	2.41015E+02
6.85776E+02	1000010010	8.25227E+01	1000010010	9.57394E+01
3.44434E+02	1000010010	4.52962E+00	1000010010	4.88659E+00
1.18323E+03	1000010010	6.47343E+00	1000010010	8.32197E+00
1.77436E+02	1000010010	4.41221E+02	1000010010	4.58966E+02
4.64680E+03	1000010010	8.42929E+00	1000010010	2.17975E+01
3.13023E+02	1000010010	2.55843E+01	1000010010	2.74134E+01
7.46288E+02	1000010010	6.82191E+00	1000010010	8.01542E+00
1.69631E+03	1000010010	6.26295E+00	1000010010	8.92567E+00
2.08418E+03	1000010010	5.08583E+01	1000010010	7.82717E+01
4.29648E+02	1000010010	1.30616E+01	1000010010	1.43520E+01
3.25672E+03	1000010010	4.56402E+01	1000010010	8.85845E+01
1.60956E+03	1000010010	2.93969E+00	1000010010	4.11770E+00
1.84885E+03	1000010010	3.34742E+01	1000010010	4.91736E+01
6.48602E+02	1000010010	5.98326E+02	1000010010	6.88748E+02
2.13299E+03	1000010010	4.02289E+00	1000010010	6.25126E+00
2.48382E+03	1000010010	1.36389E+02	1000010010	2.27121E+02
4.66653E+02	1000010010	3.72865E+02	1000010010	4.12963E+02
6.01278E+02	1000010010	7.10206E+00	1000010010	8.09416E+00
2.11781E+03	1000010010	1.55786E+00	1000010010	2.41355E+00
2.71697E+03	1000010010	1.48500E+02	1000010010	2.58933E+02
1.20708E+03	1000010010	6.56467E+00	1000010010	8.48024E+00
3.14933E+03	1000010010	3.76425E+00	1000010010	7.15120E+00
3.43830E+03	1000010010	2.45658E+02	1000010010	4.94487E+02
1.93610E+03	1000010010	5.84636E+01	1000010010	8.73804E+01
3.66117E+03	1000010010	2.01647E+00	1000010010	4.24594E+00
1.89232E+03	1000010010	2.84129E+02	1000010010	4.20997E+02
5.20832E+02	1000010010	5.37927E+01	1000010010	6.02701E+01
1.17265E+03	1000010010	3.30547E+02	1000010010	4.24025E+02
2.38600E+03	1000010010	6.43930E+00	1000010010	1.05181E+01
1.80115E+02	1000010010	2.16168E+00	1000010010	2.24994E+00
6.50545E+02	1000010010	1.02239E+02	1000010010	1.17738E+02
1.49891E+03	1000010010	2.33802E+01	1000010010	3.20327E+01
4.05095E+03	1000010010	1.28635E+00	1000010010	2.93378E+00
1.06248E+02	1000010010	1.23011E+01	1000010010	1.25962E+01
1.08592E+03	1000010010	7.55633E+00	1000010010	9.52341E+00
1.33765E+03	1000010010	7.27957E+00	1000010010	9.65546E+00
1.33716E+03	1000010010	1.47899E+02	1000010010	1.96151E+02
5.02150E+02	1000010010	8.98151E+00	1000010010	1.00230E+01
4.70853E+03	1000010010	1.19666E+01	1000010010	3.13588E+01
3.13541E+03	1000010010	2.69844E+01	1000010010	5.11220E+01
1.50262E+03	1000010010	8.90571E+01	1000010010	1.22106E+02
4.42172E+03	1000010010	1.22349E+01	1000010010	3.01555E+01
4.35583E+03	1000010010	1.29194E+00	1000010010	3.14024E+00
6.49200E+02	1000010010	1.31202E+02	1000010010	1.51049E+02
1.07030E+03	1000010010	1.63885E+02	1000010010	2.05890E+02
4.79647E+03	1000010010	2.24587E+00	1000010010	5.99857E+00
1.96036E+03	1000010010	7.22274E+01	1000010010	1.08471E+02
4.95427E+03	1000010010	1.76108E+01	1000010010	4.86885E+01
1.81048E+02	1000010010	2.82785E+02	1000010010	2.94391E+02
3.41276E+03	1000010010	1.50778E+00	1000010010	3.01948E+00
2.24857E+03	1000010010	1.97511E+00	1000010010	3.13995E+00
9.70685E+02	1000010010	5.14848E+00	1000010010	6.33725E+00
8.54221E+02	1000010010	2.01484E+02	1000010010	2.42112E+02
1.79707E+03	1000010010	1.83204E+00	1000010010	2.66376E+00
2.28777E+03	1000010010	1.71488E+00	1000010010	2.74741E+00
8.79881E+02	1000010010	2.85772E+00	1000010010	3.45227E+00
9.88992E+02	1000010010	7.16626E+02	1000010010	8.85419E+02
3.98941E+02	1000010010	3.01461E+00	1000010010	3.29066E+00
3.05284E+03	1000010010	3.20105E+01	1000010010	5.96557E+01
2.27999E+03	1000010010	1.91110E+01	1000010010	3.05707E+01
1.39638E+03	1000010010	2.36533E+00	1000010010	3.17466E+00
3.36522E+03	1000010010	3.90838E+00	1000010010	7.75255E+00
4.07299E+03	1000010010	4.22564E+01	1000010010	9.68158E+01
3.22747E+03	1000010010	2.82734E+01	1000010010	5.45570E+01
6.42970E+02	1000010010	6.24962E+02	1000010010	7.18558E+02
1.64242E+03	1000010010	1.49944E+01	1000010010	2.11412E+01
2.90864E+03	1000010010	1.74617E+02	1000010010	3.16238E+02
3.45100E+03	1000010010	1.26433E+01	1000010010	2.55150E+01
1.56331E+03	1000010010	1.55248E+02	1000010010	2.15461E+02
1.43162E+03	1000010010	7.29321E+02	1000010010	9.85827E+02
4.00221E+02	1000010010	1.63662E+02	1000010010	1.78698E+02
3.82136E+03	1000010010	7.75621E+00	1000010010	1.68736E+01
6.92936E+02	1000010010	5.18669E+00	1000010010	6.02642E+00
3.01921E+03	1000010010	2.96671E+02	1000010010	5.49201E+02
2.26106E+03	1000010010	3.00855E+02	1000010010	4.79468E+02
1.04859E+03	1000010010	4.02763E+02	1000010010	5.03749E+02
5.78574E+02	1000010010	1.36411E+00	1000010010	1.54721E+00
2.89156E+03	1000010010	1.01797E+00	1000010010	1.83736E+00
1.15298E+03	1000010010	1.65700E+01	1000010010	2.11711E+01
1.68298E+02	1000010010	3.67833E+02	1000010010	3.81857E+02
1.28209E+03	1000010010	7.97494E+00	1000010010	1.04598E+01
1.99333E+03	1000010010	5.24170E+01	1000010010	7.92354E+01
3.04479E+03	1000010010	3.98805E+01	1000010010	7.42035E+01
2.18516E+03	1000010010	5.88370E+02	1000010010	9.23743E+02
5.61955E+02	1000010010	2.68228E+01	1000010010	3.03164E+01
3.17468E+03	1000010010	2.29004E+01	1000010010	4.37258E+01
3.24177E+03	1000010010	3.75005E+02	1000010010	7.25686E+02
1.36964E+03	1000010010	6.29182E+01	1000010010	8.39931E+01
1.04022E+03	1000010010	5.66741E+00	1000010010	7.07629E+00
1.32771E+03	1000010010	2.84135E+02	1000010010	3.76116E+02
2.39250E+03	1000010010	1.08073E+02	1000010010	1.76756E+02
7.64262E+02	1000010010	5.18551E+00	1000010010	6.11564E+00
4.96800E+03	1000010010	2.17072E+01	1000010010	6.01960E+01
2.42289E+03	1000010010	3.36204E+00	1000010010	5.53174E+00
3.12585E+02	1000010010	3.01893E+01	1000010010	3.23446E+01
1.88283E+03	1000010010	2.24125E+01	1000010010	3.31466E+01
9.50299E+02	1000010010	2.45103E+00	1000010010	3.00433E+00
3.96766E+03	1000010010	1.66040E+01	1000010010	3.72231E+01
4.69041E+03	1000010010	1.10632E+00	1000010010	2.88785E+00
1.75907E+03	1000010010	5.60802E+02	1000010010	8.09268E+02
2.58614E+03	1000010010	2.14446E+00	1000010010	3.64384E+00
7.53996E+02	1000010010	1.33644E+02	1000010010	1.57278E+02
3.45399E+03	1000010010	8.74830E+00	1000010010	1.76653E+01
2.57228E+03	1000010010	1.12112E+02	1000010010	1.89979E+02
1.51776E+03	1000010010	3.20735E+00	1000010010	4.41092E+00
5.34940E+02	1000010010	2.64351E+01	1000010010	2.97073E+01
3.87890E+03	1000010010	1.01302E+01	1000010010	2.22994E+01
4.75949E+03	1000010010	1.24552E+01	1000010010	3.30012E+01
3.29528E+03	1000010010	1.85585E+01	1000010010	3.62997E+01
3.89562E+03	1000010010	2.36212E+02	1000010010	5.21757E+02
2.69911E+03	1000010010	1.60669E+02	1000010010	2.79164E+02
4.47393E+03	1000010010	4.82108E+01	1000010010	1.20148E+02
2.23978E+03	1000010010	5.07448E+01	1000010010	8.05326E+01
4.80655E+03	1000010010	1.35924E+02	1000010010	3.63842E+02
1.49814E+03	1000010010	2.32493E+00	1000010010	3.18484E+00
1.45426E+03	1000010010	2.16342E+00	1000010010	2.93763E+00
5.78413E+02	1000010010	5.04121E+02	1000010010	5.71770E+02
2.83575E+03	1000010010	2.28552E+01	1000010010	4.07986E+01
2.14121E+03	1000010010	5.02830E+02	1000010010	7.82627E+02
2.91709E+03	1000010010	1.44036E+02	1000010010	2.61292E+02
4.44192E+03	1000010010	3.64932E+00	1000010010	9.03306E+00
5.06170E+02	1000010010	8.78180E+02	1000010010	9.80857E+02
4.26170E+02	1000010010	6.22475E+02	1000010010	6.83462E+02
4.83798E+03	1000010010	1.65946E+01	1000010010	4.47254E+01
3.22717E+03	1000010010	1.71058E+01	1000010010	3.30056E+01
3.52345E+03	1000010010	2.25519E+00	1000010010	4.61807E+00
3.77263E+03	1000010010	2.36074E+02	1000010010	5.08491E+02
1.74932E+03	1000010010	6.85984E+02	1000010010	9.87996E+02
2.31437E+03	1000010010	3.03543E+00	1000010010	4.88863E+00
1.31180E+03	1000010010	1.54620E+01	1000010010	2.04018E+01
3.00920E+03	1000010010	1.37838E+02	1000010010	2.54660E+02
1.47341E+03	1000010010	2.00254E+00	1000010010	2.72964E+00
3.50796E+03	1000010010	2.82767E+00	1000010010	5.77227E+00
4.52145E+02	1000010010	1.18155E+02	1000010010	1.30456E+02
1.13087E+03	1000010010	4.47661E+02	1000010010	5.69395E+02
2.74151E+02	1000010010	2.48076E+01	1000010010	2.63575E+01
1.09249E+03	1000010010	9.47504E+01	1000010010	1.19576E+02
4.77474E+02	1000010010	1.08048E+01	1000010010	1.19944E+01
3.24222E+03	1000010010	3.48814E+02	1000010010	6.75063E+02
1.78213E+03	1000010010	6.58161E+02	1000010010	9.54122E+02
1.21486E+03	1000010010	1.20126E+00	1000010010	1.55424E+00
7.08047E+02	1000010010	1.14381E+02	1000010010	1.33321E+02
4.24380E+02	1000010010	1.87394E+01	1000010010	2.05675E+01
2.73407E+03	1000010010	4.73387E+02	1000010010	8.28214E+02
1.44126E+03	1000010010	4.18110E+01	1000010010	5.66256E+01
2.77013E+03	1000010010	1.66930E+00	1000010010	2.94142E+00
3.67384E+02	1000010010	1.34457E+00	1000010010	1.45775E+00
3.92740E+03	1000010010	1.52572E+01	1000010010	3.39216E+01
2.45088E+03	1000010010	7.21822E+01	1000010010	1.19423E+02
2.01524E+03	1000010010	2.43202E+00	1000010010	3.69229E+00
1.58042E+03	1000010010	3.25473E+02	1000010010	4.53254E+02
1.38634E+03	1000010010	6.71356E+00	1000010010	8.99252E+00
1.36630E+03	1000010010	7.83735E+01	1000010010	1.04555E+02
2.77663E+02	1000010010	4.68163E+00	1000010010	4.97793E+00
3.34559E+02	1000010010	4.22579E+00	1000010010	4.54908E+00
4.13702E+02	1000010010	3.04149E+02	1000010010	3.33056E+02
2.06325E+02	1000010010	4.98589E+01	1000010010	5.21943E+01
2.30865E+03	1000010010	8.46782E+00	1000010010	1.36222E+01
3.00013E+03	1000010010	3.47861E+02	1000010010	6.41530E+02
7.05784E+02	1000010010	1.48223E+02	1000010010	1.72685E+02
1.51197E+03	1000010010	1.29276E+01	1000010010	1.77582E+01
1.84976E+03	1000010010	9.56272E+01	1000010010	1.40502E+02
1.20601E+03	1000010010	6.06172E+02	1000010010	7.82882E+02
1.53954E+03	1000010010	6.14130E+00	1000010010	8.48276E+00
3.97468E+03	1000010010	2.37991E+01	1000010010	5.34303E+01
8.22386E+02	1000010010	7.70511E+02	1000010010	9.19783E+02
3.09582E+02	1000010010	9.33968E+02	1000010010	9.99993E+02
3.43924E+03	1000010010	9.98130E+00	1000010010	2.00952E+01
1.22693E+03	1000010010	4.27753E+01	1000010010	5.54801E+01
8.73546E+02	1000010010	8.10431E+01	1000010010	9.77757E+01
4.54142E+03	1000010010	1.98500E+02	1000010010	5.01852E+02
2.18885E+03	1000010010	1.31713E+01	1000010010	2.06940E+01
2.65241E+03	1000010010	8.48330E+00	1000010010	1.46045E+01
7.91913E+02	1000010010	3.55135E+01	1000010010	4.21257E+01
2.33123E+03	1000010010	4.10714E+00	1000010010	6.63666E+00
3.27791E+03	1000010010	3.34497E+01	1000010010	6.51992E+01
2.18917E+03	1000010010	1.68962E+01	1000010010	2.65481E+01
2.23429E+02	1000010010	9.00434E+00	1000010010	9.46151E+00
4.95793E+02	1000010010	9.03696E+00	1000010010	1.00713E+01
3.57499E+03	1000010010	1.15471E+01	1000010010	2.38931E+01
1.33995E+03	1000010010	2.78620E+00	1000010010	3.69727E+00
3.72404E+03	1000010010	4.27711E+01	1000010010	9.12181E+01
1.06227E+03	1000010010	3.06991E+01	1000010010	3.85041E+01
1.83696E+03	1000010010	1.46434E+02	1000010010	2.14606E+02
3.93915E+03	1000010010	1.98734E+00	1000010010	4.42916E+00
3.61113E+03	1000010010	9.72123E+01	1000010010	2.02626E+02
1.82952E+03	1000010010	4.32379E+01	1000010010	6.32735E+01
3.66016E+02	1000010010	2.25646E+00	1000010010	2.44567E+00
4.35726E+03	1000010010	9.09258E+01	1000010010	2.21074E+02
2.07261E+02	1000010010	8.95194E+00	1000010010	9.37318E+00
1.15368E+03	1000010010	1.90991E+02	1000010010	2.44059E+02
1.02024E+03	1000010010	8.13867E+01	1000010010	1.01204E+02
1.65250E+03	1000010010	1.50794E+02	1000010010	2.13038E+02
1.04808E+03	1000010010	1.31537E+00	1000010010	1.64500E+00
3.20481E+03	1000010010	4.14023E+01	1000010010	7.95296E+01
2.18101E+03	1000010010	1.63981E+00	1000010010	2.57240E+00
2.55201E+03	1000010010	1.24672E+02	1000010010	2.10419E+02
3.28832E+03	1000010010	5.83772E+00	1000010010	1.14025E+01
2.71483E+02	1000010010	3.20903E+00	1000010010	3.40754E+00
3.42516E+03	1000010010	4.99254E+01	1000010010	1.00230E+02
4.12271E+03	1000010010	2.14039E+02	1000010010	4.95482E+02
3.46818E+03	1000010010	2.80693E+01	1000010010	5.68418E+01
1.50693E+03	1000010010	6.95560E+02	1000010010	9.54504E+02
1.09581E+03	1000010010	3.25517E+00	1000010010	4.11086E+00
3.33545E+03	1000010010	1.66342E+00	1000010010	3.27985E+00
4.19371E+02	1000010010	4.40657E+00	1000010010	4.83125E+00
4.04946E+03	1000010010	2.13009E+01	1000010010	4.85661E+01
4.38320E+03	1000010010	2.63049E+01	1000010010	6.43081E+01
3.74982E+02	1000010010	5.27772E+01	1000010010	5.73134E+01
3.11249E+03	1000010010	1.21205E+00	1000010010	2.28577E+00
4.50514E+02	1000010010	1.80077E+01	1000010010	1.98755E+01
6.09459E+02	1000010010	2.20625E+00	1000010010	2.51879E+00
4.80552E+02	1000010010	4.86107E+02	1000010010	5.39984E+02
1.47367E+03	1000010010	6.60749E+01	1000010010	9.00709E+01
4.84684E+02	1000010010	5.20996E+00	1000010010	5.79251E+00
4.07050E+03	1000010010	1.11401E+02	1000010010	2.55106E+02
1.40769E+03	1000010010	1.04680E+00	1000010010	1.40818E+00
2.55107E+03	1000010010	4.93538E+00	1000010010	8.32830E+00
3.24430E+03	1000010010	2.39481E+00	1000010010	4.63664E+00
1.22773E+03	1000010010	2.02183E+01	1000010010	2.62277E+01
2.43939E+03	1000010010	2.23688E+02	1000010010	3.69244E+02
2.84570E+03	1000010010	1.64553E+01	1000010010	2.94320E+01
2.97415E+03	1000010010	1.41548E+00	1000010010	2.59700E+00
2.28959E+03	1000010010	2.17318E+01	1000010010	3.48291E+01
1.28995E+02	1000010010	1.97113E+02	1000010010	2.02861E+02
3.89141E+03	1000010010	2.72098E+00	1000010010	6.00505E+00
1.32822E+03	1000010010	1.26699E+02	1000010010	1.67731E+02
3.00525E+03	1000010010	2.15786E+00	1000010010	3.98358E+00
8.00439E+02	1000010010	1.86095E+01	1000010010	2.21136E+01
6.79026E+02	1000010010	1.72109E+00	1000010010	1.99391E+00
4.82758E+03	1000010010	1.75090E+00	1000010010	4.70831E+00
4.01665E+02	1000010010	8.62653E+01	1000010010	9.42198E+01
1.27831E+03	1000010010	2.68975E+01	1000010010	3.52513E+01
3.43681E+03	1000010010	2.34282E+00	1000010010	4.71446E+00
2.04422E+03	1000010010	6.05811E+01	1000010010	9.25022E+01
4.81860E+02	1000010010	4.51643E+01	1000010010	5.01840E+01
2.15900E+03	1000010010	1.17501E+02	1000010010	1.83528E+02
2.27341E+02	1000010010	1.85420E+01	1000010010	1.95001E+01
6.60040E+02	1000010010	6.74724E+01	1000010010	7.78564E+01
3.27262E+03	1000010010	1.19677E+01	1000010010	2.33024E+01
3.23305E+03	1000010010	5.27772E+01	1000010010	1.01953E+02
2.32289E+03	1000010010	2.32579E+00	1000010010	3.75205E+00
2.84667E+03	1000010010	9.22684E+01	1000010010	1.65064E+02
6.50007E+02	1000010010	3.19973E+00	1000010010	3.68438E+00
2.28694E+03	1000010010	1.33974E+02	1000010010	2.14604E+02
2.90221E+03	1000010010	3.06770E+02	1000010010	5.54866E+02
2.03744E+03	1000010010	3.85415E+01	1000010010	5.87708E+01
1.28817E+02	1000010010	4.72076E+01	1000010010	4.85823E+01
2.26898E+03	1000010010	1.54817E+02	1000010010	2.47116E+02
2.17807E+02	1000010010	8.68221E+02	1000010010	9.11179E+02
1.46499E+03	1000010010	6.56586E+00	1000010010	8.93477E+00
4.92721E+03	1000010010	2.52119E+01	1000010010	6.92908E+01
4.78503E+02	1000010010	4.54710E+02	1000010010	5.04887E+02
3.70806E+03	1000010010	3.49019E+01	1000010010	7.41943E+01
5.28910E+02	1000010010	2.92155E+00	1000010010	3.27898E+00
5.41574E+02	1000010010	5.69798E+01	1000010010	6.41231E+01
1.84503E+03	1000010010	2.66132E+00	1000010010	3.90652E+00
1.13405E+03	1000010010	1.67568E+01	1000010010	2.13273E+01
7.50485E+02	1000010010	6.52439E+02	1000010010	7.67258E+02
2.13431E+03	1000010010	1.50876E+00	1000010010	2.34510E+00
3.01226E+03	1000010010	2.96899E+00	1000010010	5.48865E+00
1.89067E+02	1000010010	5.43402E+01	1000010010	5.66704E+01
4.41696E+02	1000010010	3.26594E+00	1000010010	3.59788E+00
2.05739E+03	1000010010	2.19894E+02	1000010010	3.36634E+02
1.21574E+03	1000010010	1.69026E+01	1000010010	2.18732E+01
3.97045E+03	1000010010	1.11850E+00	1000010010	2.50891E+00
2.95283E+03	1000010010	1.92826E+01	1000010010	3.52290E+01
1.03038E+03	1000010010	1.75929E+01	1000010010	2.19221E+01
3.63491E+03	1000010010	2.03840E+01	1000010010	4.26932E+01
2.86316E+02	1000010010	2.12879E+00	1000010010	2.26779E+00
9.78004E+02	1000010010	2.96701E+02	1000010010	3.65759E+02
2.73086E+03	1000010010	7.03756E+01	1000010010	1.23047E+02
2.94689E+02	1000010010	1.75373E+01	1000010010	1.87164E+01
3.11379E+02	1000010010	2.24798E+00	1000010010	2.40783E+00
1.84011E+03	1000010010	7.54375E+01	1000010010	1.10626E+02
3.25620E+02	1000010010	7.74434E+00	1000010010	8.32070E+00
1.26049E+03	1000010010	1.64198E+00	1000010010	2.14419E+00
3.73012E+03	1000010010	6.17536E+00	1000010010	1.31866E+01
3.64880E+03	1000010010	2.28489E+02	1000010010	4.79906E+02
4.50792E+02	1000010010	5.68416E+01	1000010010	6.27410E+01
2.54936E+03	1000010010	1.27411E+00	1000010010	2.14931E+00
1.39395E+03	1000010010	5.57989E+00	1000010010	7.48545E+00
1.07139E+03	1000010010	1.35001E+00	1000010010	1.69641E+00
4.41128E+02	1000010010	1.60754E+00	1000010010	1.77071E+00
1.72993E+03	1000010010	2.95345E+00	1000010010	4.23736E+00
3.19875E+03	1000010010	3.72389E+00	1000010010	7.14459E+00
1.78396E+03	1000010010	7.13537E+01	1000010010	1.03478E+02
2.92219E+03	1000010010	2.62959E+02	1000010010	4.77511E+02
2.28005E+03	1000010010	1.50241E+01	1000010010	2.40335E+01
1.94758E+03	1000010010	2.66762E+01	1000010010	3.99613E+01
3.42264E+03	1000010010	3.47751E+01	1000010010	6.97791E+01
2.18336E+03	1000010010	2.86760E+02	1000010010	4.50055E+02
5.23883E+02	1000010010	2.36888E+01	1000010010	2.65585E+01
3.14621E+03	1000010010	3.03072E+01	1000010010	5.75408E+01
1.15997E+03	1000010010	3.05894E+00	1000010010	3.91390E+00
2.48888E+03	1000010010	3.49898E+01	1000010010	5.83245E+01
3.44654E+03	1000010010	2.51934E+00	1000010010	5.07961E+00
1.74964E+03	1000010010	1.18600E+00	1000010010	1.70825E+00
2.15804E+03	1000010010	1.38590E+02	1000010010	2.16425E+02
6.86252E+02	1000010010	2.93233E+02	1000010010	3.40230E+02
3.79403E+03	1000010010	8.16868E+01	1000010010	1.76718E+02
2.35068E+03	1000010010	5.78479E+02	1000010010	9.38349E+02
6.12585E+02	1000010010	2.83875E+02	1000010010	3.24304E+02
1.07754E+03	1000010010	6.94444E+02	1000010010	8.73724E+02
3.65128E+03	1000010010	1.87141E+02	1000010010	3.93258E+02
6.02439E+02	1000010010	1.06808E+02	1000010010	1.21758E+02
7.14475E+02	1000010010	3.79826E+00	1000010010	4.43317E+00
1.16973E+03	1000010010	3.15020E+00	1000010010	4.03867E+00
2.70434E+03	1000010010	1.33041E+02	1000010010	2.31399E+02
8.58425E+02	1000010010	1.71774E+02	1000010010	2.06591E+02
4.96193E+03	1000010010	2.47263E+01	1000010010	6.84765E+01
1.23223E+03	1000010010	3.16814E+00	1000010010	4.11355E+00
2.29436E+02	1000010010	3.64517E+00	1000010010	3.83528E+00
1.92557E+02	1000010010	5.68078E+01	1000010010	5.92893E+01
4.56861E+02	1000010010	6.94637E+01	1000010010	7.67728E+01
2.33968E+03	1000010010	1.86080E+01	1000010010	3.01185E+01
1.18018E+02	1000010010	2.18026E+00	1000010010	2.23839E+00
9.07973E+02	1000010010	3.82691E+02	1000010010	4.65003E+02
3.85077E+03	1000010010	5.93932E+00	1000010010	1.29990E+01
5.81977E+02	1000010010	9.90713E+01	1000010010	1.12451E+02
1.36646E+03	1000010010	1.76667E+00	1000010010	2.35692E+00
4.57131E+03	1000010010	1.17276E+00	1000010010	2.98398E+00
2.27076E+02	1000010010	3.37281E+01	1000010010	3.54688E+01
3.91780E+03	1000010010	3.90595E+02	1000010010	8.66705E+02
2.93925E+03	1000010010	9.10841E+00	1000010010	1.65961E+01
2.53529E+03	1000010010	1.08085E+00	1000010010	1.81824E+00
7.04663E+02	1000010010	1.42558E+01	1000010010	1.66046E+01
1.37879E+03	1000010010	1.85570E+02	1000010010	2.48185E+02
1.97096E+03	1000010010	3.38716E+01	1000010010	5.09754E+01
1.11041E+03	1000010010	3.38139E+02	1000010010	4.28299E+02
7.85682E+02	1000010010	5.36643E+02	1000010010	6.35734E+02
3.72057E+03	1000010010	2.79866E+01	1000010010	5.96453E+01
2.14036E+03	1000010010	9.25002E+01	1000010010	1.43947E+02
3.49300E+03	1000010010	1.23160E+01	1000010010	2.50657E+01
3.06509E+03	1000010010	7.92710E+00	1000010010	1.48092E+01
4.67906E+03	1000010010	3.16588E+00	1000010010	8.24372E+00
4.79551E+03	1000010010	1.26176E+01	1000010010	3.36937E+01
2.98963E+03	1000010010	4.82170E+00	1000010010	8.87372E+00
2.42586E+03	1000010010	1.86868E+01	1000010010	3.07645E+01
6.85869E+02	1000010010	2.34666E+01	1000010010	2.72254E+01
2.71401E+03	1000010010	6.56590E+01	1000010010	1.14419E+02
1.60042E+03	1000010010	3.20931E+01	1000010010	4.48718E+01
4.28348E+03	1000010010	1.41214E+02	1000010010	3.38054E+02
2.12375E+03	1000010010	7.51715E+00	1000010010	1.16597E+01
4.31337E+03	1000010010	1.36291E+02	1000010010	3.28327E+02
2.23983E+03	1000010010	3.01938E+02	1000010010	4.79184E+02
3.98478E+03	1000010010	4.30807E+02	1000010010	9.69204E+02
3.86238E+03	1000010010	4.63523E+00	1000010010	1.01689E+01
3.88714E+03	1000010010	2.27723E+02	1000010010	5.02132E+02
2.34847E+03	1000010010	2.73611E+01	1000010010	4.43631E+01
7.06544E+02	1000010010	4.01064E+00	1000010010	4.67328E+00
9.15697E+02	1000010010	3.53086E+02	1000010010	4.29715E+02
4.16049E+03	1000010010	1.92153E+00	1000010010	4.48327E+00
1.63942E+03	1000010010	2.96438E+02	1000010010	4.17710E+02
4.95935E+03	1000010010	5.22140E+01	1000010010	1.44518E+02
2.58318E+03	1000010010	1.59076E+00	1000010010	2.70141E+00
2.75490E+03	1000010010	6.94589E+00	1000010010	1.22023E+01
4.60328E+03	1000010010	6.11883E+00	1000010010	1.56757E+01
4.52292E+03	1000010010	1.22573E+01	1000010010	3.08669E+01
3.29854E+03	1000010010	1.10579E+01	1000010010	2.16429E+01
3.29619E+03	1000010010	1.57820E+02	1000010010	3.08747E+02
2.03692E+03	1000010010	1.24082E+00	1000010010	1.89190E+00
8.81397E+02	1000010010	3.20419E+00	1000010010	3.87204E+00
2.69329E+03	1000010010	4.52347E+00	1000010010	7.85053E+00
1.46413E+03	1000010010	1.87890E+01	1000010010	2.55635E+01
2.13867E+03	1000010010	5.69652E+02	1000010010	8.86188E+02
2.95212E+02	1000010010	4.91451E+00	1000010010	5.24553E+00
8.62309E+02	1000010010	1.54644E+01	1000010010	1.86139E+01
3.51354E+03	1000010010	4.28202E+02	1000010010	8.75095E+02
1.37645E+03	1000010010	5.71724E+02	1000010010	7.64275E+02
4.33983E+03	1000010010	1.93342E+02	1000010010	4.68364E+02
3.50474E+03	1000010010	1.61330E+00	1000010010	3.29117E+00
1.14486E+03	1000010010	1.24885E+02	1000010010	1.59298E+02
3.48716E+02	1000010010	3.76830E+01	1000010010	4.06905E+01
1.20084E+03	1000010010	3.81140E+02	1000010010	4.91734E+02
4.96328E+03	1000010010	8.98504E+00	1000010010	2.48904E+01
3.33025E+03	1000010010	2.27131E+00	1000010010	4.47383E+00
2.25220E+03	1000010010	1.22970E+01	1000010010	1.95633E+01
3.83704E+02	1000010010	4.97512E+02	1000010010	5.41290E+02
1.75269E+03	1000010010	2.26867E+00	1000010010	3.26967E+00
2.80195E+03	1000010010	1.70809E+00	1000010010	3.02877E+00
3.44119E+03	1000010010	4.79383E+01	1000010010	9.65511E+01
4.49330E+03	1000010010	5.44227E+00	1000010010	1.36189E+01
5.02308E+02	1000010010	2.13998E+01	1000010010	2.38822E+01
3.19050E+02	1000010010	4.00510E+00	1000010010	4.29705E+00
3.37001E+02	1000010010	3.41102E+02	1000010010	3.67392E+02
3.77206E+03	1000010010	4.99616E+01	1000010010	1.07602E+02
3.55551E+03	1000010010	1.16911E+01	1000010010	2.40960E+01
3.92883E+03	1000010010	2.18722E+02	1000010010	4.86431E+02
7.83436E+02	1000010010	8.66137E+01	1000010010	1.02559E+02
2.04893E+03	1000010010	1.17755E+00	1000010010	1.79970E+00
1.83646E+03	1000010010	8.44441E+01	1000010010	1.23744E+02
1.11498E+03	1000010010	7.52153E+02	1000010010	9.53594E+02
1.39733E+03	1000010010	6.63655E+00	1000010010	8.90904E+00
3.82846E+03	1000010010	3.34246E+02	1000010010	7.28204E+02
1.74488E+03	1000010010	1.66772E+00	1000010010	2.39983E+00
4.58830E+02	1000010010	1.15057E+01	1000010010	1.27217E+01
2.32916E+03	1000010010	3.59472E+00	1000010010	5.80629E+00
2.73705E+02	1000010010	3.77302E+02	1000010010	4.00836E+02
4.77602E+02	1000010010	7.21794E+02	1000010010	8.01289E+02
2.51829E+02	1000010010	1.19657E+02	1000010010	1.26515E+02
2.07785E+03	1000010010	1.32623E+00	1000010010	2.03854E+00
3.59263E+03	1000010010	2.05742E+02	1000010010	4.27240E+02
5.23142E+02	1000010010	3.90183E+01	1000010010	4.37381E+01
2.89810E+03	1000010010	7.82485E+00	1000010010	1.41416E+01
2.41829E+03	1000010010	9.81883E+01	1000010010	1.61408E+02
4.68062E+03	1000010010	3.46780E+01	1000010010	9.03296E+01
2.58516E+03	1000010010	1.25273E+00	1000010010	2.12821E+00
4.15892E+02	1000010010	1.04014E+00	1000010010	1.13953E+00
2.91858E+02	1000010010	3.07510E+01	1000010010	3.27984E+01
3.65084E+02	1000010010	8.85062E+01	1000010010	9.59083E+01
9.18719E+02	1000010010	8.18553E+00	1000010010	9.96822E+00
2.33380E+03	1000010010	4.40699E+00	1000010010	7.12479E+00
1.72013E+03	1000010010	1.20032E+01	1000010010	1.71877E+01
2.75581E+03	1000010010	5.68988E+02	1000010010	9.99758E+02
1.98268E+03	1000010010	2.24525E+02	1000010010	3.38684E+02
1.69102E+03	1000010010	3.70512E+01	1000010010	5.27481E+01
4.72598E+02	1000010010	1.71051E+00	1000010010	1.89687E+00
2.75227E+03	1000010010	2.80648E+00	1000010010	4.92778E+00
3.79313E+03	1000010010	6.40069E+01	1000010010	1.38445E+02
1.55366E+03	1000010010	3.24893E+01	1000010010	4.50032E+01
6.62449E+02	1000010010	1.40244E+01	1000010010	1.61909E+01
3.19678E+03	1000010010	3.27034E+01	1000010010	6.27196E+01
1.97308E+03	1000010010	3.19661E+00	1000010010	4.81279E+00
1.08254E+03	1000010010	3.09501E+00	1000010010	3.89802E+00
4.28279E+03	1000010010	8.46893E+01	1000010010	2.02710E+02
3.81678E+03	1000010010	6.95486E+00	1000010010	1.51161E+01
2.99996E+03	1000010010	1.72240E+01	1000010010	3.17635E+01
9.73001E+02	1000010010	1.53371E+01	1000010010	1.88874E+01
1.60496E+03	1000010010	1.06468E+01	1000010010	1.48995E+01
7.33410E+02	1000010010	7.03475E+00	1000010010	8.24329E+00
4.83975E+03	1000010010	1.49793E+00	1000010010	4.03877E+00
1.43329E+03	1000010010	1.53726E+01	1000010010	2.07862E+01
1.35275E+03	1000010010	9.13473E+01	1000010010	1.21531E+02
3.24704E+03	1000010010	2.04792E+02	1000010010	3.96718E+02
7.27497E+02	1000010010	3.54286E+02	1000010010	4.14637E+02
1.30031E+03	1000010010	3.83364E+00	1000010010	5.04668E+00
3.05658E+03	1000010010	1.81647E+02	1000010010	3.38774E+02
4.39087E+03	1000010010	2.67265E+00	1000010010	6.54446E+00
2.56950E+03	1000010010	2.54034E+02	1000010010	4.30238E+02
3.38469E+03	1000010010	5.77117E+01	1000010010	1.14924E+02
1.99520E+03	1000010010	4.85497E+00	1000010010	7.34164E+00
4.31549E+02	1000010010	1.37872E+02	1000010010	1.51555E+02
1.28223E+03	1000010010	4.56809E+00	1000010010	5.99159E+00
3.35666E+02	1000010010	9.08222E+01	1000010010	9.77941E+01
9.44620E+02	1000010010	1.01557E+01	1000010010	1.24337E+01
5.72937E+02	1000010010	3.63666E+00	1000010010	4.11989E+00
6.73756E+02	1000010010	2.30530E+02	1000010010	2.66777E+02
6.97079E+02	1000010010	4.49082E+00	1000010010	5.22243E+00
4.92772E+03	1000010010	2.21178E+00	1000010010	6.07937E+00
7.97826E+02	1000010010	9.67509E+01	1000010010	1.14906E+02
2.86801E+03	1000010010	1.51716E+01	1000010010	2.72562E+01
3.62452E+03	1000010010	8.01080E+01	1000010010	1.67429E+02
1.58936E+02	1000010010	5.21488E+01	1000010010	5.40255E+01
1.34117E+02	1000010010	1.69395E+02	1000010010	1.74532E+02
2.94637E+03	1000010010	1.05979E+01	1000010010	1.93372E+01
1.24915E+03	1000010010	3.93915E+01	1000010010	5.13219E+01
7.58360E+02	1000010010	4.17913E+01	1000010010	4.92268E+01
4.20235E+03	1000010010	3.91598E+00	1000010010	9.21675E+00
3.80085E+03	1000010010	2.63439E+02	1000010010	5.70712E+02
4.10707E+02	1000010010	5.99993E+01	1000010010	6.56594E+01
8.69819E+02	1000010010	1.20457E+01	1000010010	1.45215E+01
1.77596E+03	1000010010	5.18542E+00	1000010010	7.50799E+00
2.54101E+03	1000010010	1.81751E+01	1000010010	3.06092E+01
3.86928E+03	1000010010	4.39718E+02	1000010010	9.66029E+02
3.65416E+03	1000010010	1.34354E+01	1000010010	2.82496E+01
1.97117E+03	1000010010	7.21484E+01	1000010010	1.08585E+02
1.84921E+03	1000010010	5.93101E+00	1000010010	8.71329E+00
1.78948E+02	1000010010	7.95690E+00	1000010010	8.27966E+00
9.98506E+02	1000010010	3.29101E+00	1000010010	4.07413E+00
3.89933E+03	1000010010	3.52616E+01	1000010010	7.79467E+01
3.42809E+02	1000010010	2.09232E+00	1000010010	2.25642E+00
4.17885E+03	1000010010	1.70680E+02	1000010010	3.99754E+02
1.27218E+03	1000010010	4.73172E+01	1000010010	6.19360E+01
3.38159E+03	1000010010	3.83778E+00	1000010010	7.63757E+00
7.42136E+02	1000010010	4.11643E+00	1000010010	4.83241E+00
9.10467E+02	1000010010	8.44386E+01	1000010010	1.02653E+02
4.28103E+03	1000010010	1.48521E+01	1000010010	3.55366E+01
2.24331E+03	1000010010	9.97356E+01	1000010010	1.58392E+02
6.71114E+02	1000010010	3.39761E+02	1000010010	3.92964E+02
1.56518E+03	1000010010	9.86705E+01	1000010010	1.36991E+02
4.02861E+02	1000010010	1.91871E+02	1000010010	2.09617E+02
4.28284E+02	1000010010	8.86864E+02	1000010010	9.74197E+02
3.09518E+03	1000010010	4.66704E+02	1000010010	8.77117E+02
5.09149E+02	1000010010	8.85648E+02	1000010010	9.89827E+02
2.65603E+03	1000010010	2.38225E+00	1000010010	4.10412E+00
2.33440E+03	1000010010	3.23805E+01	1000010010	5.23558E+01
2.14775E+03	1000010010	1.87054E+01	1000010010	2.91515E+01
1.97579E+03	1000010010	4.14737E+02	1000010010	6.24758E+02
6.31909E+02	1000010010	6.46610E+01	1000010010	7.41716E+01
9.68104E+02	1000010010	1.08566E+01	1000010010	1.33563E+01
1.04359E+03	1000010010	8.36726E+01	1000010010	1.04545E+02
4.17468E+03	1000010010	1.54773E+02	1000010010	3.62181E+02
2.43057E+03	1000010010	3.95510E+01	1000010010	6.51739E+01
1.36987E+03	1000010010	1.64759E+02	1000010010	2.19957E+02
2.18168E+03	1000010010	5.61789E+00	1000010010	8.81403E+00
2.82958E+03	1000010010	1.46833E+02	1000010010	2.61791E+02
3.67426E+02	1000010010	1.63460E+02	1000010010	1.77220E+02
1.79700E+03	1000010010	1.14228E+00	1000010010	1.66083E+00
2.34960E+02	1000010010	1.53689E+02	1000010010	1.61900E+02
1.96058E+03	1000010010	2.05133E+00	1000010010	3.08083E+00
3.77906E+03	1000010010	6.90218E+00	1000010010	1.48865E+01
1.82195E+03	1000010010	1.83431E+02	1000010010	2.68027E+02
3.82236E+03	1000010010	1.59116E+00	1000010010	3.46228E+00
1.26216E+03	1000010010	3.74219E+02	1000010010	4.88843E+02
4.18927E+03	1000010010	2.93240E+02	1000010010	6.88298E+02
1.24505E+03	1000010010	1.21455E+00	1000010010	1.58109E+00
3.79432E+02	1000010010	6.41132E+01	1000010010	6.96906E+01
5.05617E+02	1000010010	5.97648E+01	1000010010	6.67447E+01
2.60990E+03	1000010010	1.17735E+01	1000010010	2.00994E+01
3.01429E+03	1000010010	1.89837E+01	1000010010	3.51084E+01
3.72889E+02	1000010010	1.07391E+02	1000010010	1.16568E+02
2.82743E+03	1000010010	7.45390E+01	1000010010	1.32840E+02
1.08913E+03	1000010010	1.06363E+01	1000010010	1.34140E+01
2.55624E+02	1000010010	3.76743E+00	1000010010	3.98666E+00
1.33995E+03	1000010010	3.26608E+01	1000010010	4.33407E+01
2.13850E+03	1000010010	9.78100E+01	1000010010	1.52155E+02
3.33922E+03	1000010010	4.43094E+02	1000010010	8.74334E+02
4.06617E+03	1000010010	1.19341E+00	1000010010	2.73042E+00
1.34350E+03	1000010010	1.45724E+00	1000010010	1.93513E+00
2.65755E+03	1000010010	1.33199E+01	1000010010	2.29543E+01
8.46191E+02	1000010010	3.84593E+01	1000010010	4.61376E+01
5.43542E+02	1000010010	1.10836E+00	1000010010	1.24783E+00
1.36200E+03	1000010010	2.64409E+02	1000010010	3.52433E+02
4.10908E+03	1000010010	2.63329E+01	1000010010	6.07861E+01
2.29535E+03	1000010010	1.62341E+01	1000010010	2.60476E+01
1.25056E+03	1000010010	9.88921E+00	1000010010	1.28880E+01
2.82747E+03	1000010010	1.09206E+00	1000010010	1.94623E+00
2.06248E+03	1000010010	3.36586E+00	1000010010	5.15797E+00
2.28929E+03	1000010010	2.21206E+01	1000010010	3.54500E+01
1.74580E+03	1000010010	1.37345E+02	1000010010	1.97675E+02
5.50607E+02	1000010010	1.32398E+01	1000010010	1.49282E+01
3.73962E+02	1000010010	1.55292E+01	1000010010	1.68602E+01
1.15858E+03	1000010010	2.65851E+02	1000010010	3.40058E+02
1.26250E+03	1000010010	1.29540E+01	1000010010	1.69231E+01
3.98169E+03	1000010010	2.60322E+01	1000010010	5.85283E+01
3.11476E+03	1000010010	4.66805E+01	1000010010	8.80734E+01
2.04619E+03	1000010010	8.77750E+01	1000010010	1.34077E+02
2.78767E+02	1000010010	6.40969E+01	1000010010	6.81699E+01
2.75020E+03	1000010010	1.75875E+01	1000010010	3.08684E+01
1.59555E+03	1000010010	4.28258E+00	1000010010	5.98197E+00
2.41005E+03	1000010010	3.29641E+00	1000010010	5.41004E+00
2.67165E+03	1000010010	1.57680E+02	1000010010	2.72488E+02
3.89959E+02	1000010010	3.98893E+00	1000010010	4.34578E+00
1.42663E+03	1000010010	1.04151E+01	1000010010	1.40641E+01
1.30983E+03	1000010010	2.76133E+01	1000010010	3.64207E+01
1.42603E+03	1000010010	2.93847E+02	1000010010	3.96748E+02
1.47509E+03	1000010010	1.03883E+00	1000010010	1.41650E+00
1.58666E+03	1000010010	4.51420E+00	1000010010	6.29432E+00
2.93004E+03	1000010010	4.85064E+02	1000010010	8.82208E+02
1.39025E+03	1000010010	4.31052E+00	1000010010	5.77828E+00
3.92086E+03	1000010010	1.76747E+00	1000010010	3.92437E+00
1.59609E+03	1000010010	1.57167E+01	1000010010	2.19556E+01
4.35844E+03	1000010010	4.90342E+00	1000010010	1.19250E+01
2.55808E+03	1000010010	3.78199E+01	1000010010	6.39083E+01
1.20334E+03	1000010010	7.01298E+00	1000010010	9.05250E+00
1.24977E+03	1000010010	3.29429E+02	1000010010	4.29255E+02
4.58845E+03	1000010010	1.02567E+02	1000010010	2.61930E+02
3.97651E+03	1000010010	1.01210E+00	1000010010	2.27307E+00
1.74312E+03	1000010010	6.43396E+02	1000010010	9.25518E+02
1.94637E+02	1000010010	1.41315E+00	1000010010	1.47555E+00
4.37709E+03	1000010010	2.34403E+02	1000010010	5.72311E+02
3.14287E+02	1000010010	1.87675E+00	1000010010	2.01148E+00
1.28925E+03	1000010010	4.73793E+01	1000010010	6.22317E+01
4.17876E+03	1000010010	1.19221E+00	1000010010	2.79225E+00
1.82449E+03	1000010010	3.69432E+01	1000010010	5.40079E+01
2.18685E+02	1000010010	6.67389E+01	1000010010	7.00545E+01
4.47313E+03	1000010010	4.45506E+01	1000010010	1.11007E+02
2.22664E+03	1000010010	2.90628E+01	1000010010	4.60034E+01
7.95883E+02	1000010010	4.47874E+02	1000010010	5.31702E+02
3.61460E+03	1000010010	1.57335E+01	1000010010	3.28173E+01
2.06222E+02	1000010010	1.16184E+02	1000010010	1.21623E+02
1.46475E+03	1000010010	2.37518E+00	1000010010	3.23197E+00
9.69423E+02	1000010010	2.21473E+00	1000010010	2.72540E+00
1.16757E+03	1000010010	7.29709E+02	1000010010	9.35103E+02
2.75569E+02	1000010010	2.45070E+02	1000010010	2.60461E+02
2.31417E+03	1000010010	1.71432E+01	1000010010	2.76085E+01
1.51357E+03	1000010010	8.95713E+01	1000010010	1.23080E+02
2.51363E+03	1000010010	1.05845E+01	1000010010	1.77297E+01
1.19412E+02	1000010010	1.37182E+01	1000010010	1.40883E+01
1.32109E+03	1000010010	7.00183E+00	1000010010	9.25610E+00
2.43491E+03	1000010010	9.55486E+01	1000010010	1.57584E+02
1.73119E+03	1000010010	1.89435E+00	1000010010	2.71854E+00
2.77713E+03	1000010010	5.48180E+02	1000010010	9.67270E+02
6.86244E+02	1000010010	1.13803E+01	1000010010	1.32043E+01
1.63279E+03	1000010010	3.59657E+02	1000010010	5.06121E+02
1.25420E+03	1000010010	8.45025E+01	1000010010	1.10208E+02
2.52590E+03	1000010010	1.75063E+01	1000010010	2.93951E+01
1.37026E+03	1000010010	3.27446E+02	1000010010	4.37181E+02
1.63171E+03	1000010010	5.45100E+01	1000010010	7.66917E+01
2.23295E+03	1000010010	4.80753E+02	1000010010	7.61932E+02
2.20137E+03	1000010010	8.57461E+00	1000010010	1.35052E+01
2.36446E+03	1000010010	1.47016E+02	1000010010	2.39122E+02
2.79804E+03	1000010010	6.21955E+01	1000010010	1.10199E+02
1.43401E+03	1000010010	9.65297E+00	1000010010	1.30542E+01
1.05507E+03	1000010010	2.51623E+02	1000010010	3.15131E+02
1.57413E+02	1000010010	5.28735E+02	1000010010	5.47578E+02
1.26973E+03	1000010010	6.78051E+02	1000010010	8.87097E+02
4.59515E+03	1000010010	7.61561E+00	1000010010	1.94762E+01
2.75720E+02	1000010010	1.55506E+00	1000010010	1.65278E+00
1.76496E+03	1000010010	3.79272E+02	1000010010	5.47952E+02
4.74058E+03	1000010010	3.69263E+02	1000010010	9.74398E+02
1.51145E+03	1000010010	2.63734E+00	1000010010	3.62245E+00
1.34619E+03	1000010010	2.35455E+00	1000010010	3.12841E+00
1.18870E+03	1000010010	2.85279E+01	1000010010	3.67150E+01
1.29975E+03	1000010010	4.39196E+01	1000010010	5.78101E+01
4.11317E+03	1000010010	3.01377E+00	1000010010	6.96281E+00
4.53003E+03	1000010010	3.46358E+02	1000010010	8.73544E+02
3.54165E+02	1000010010	9.09342E+00	1000010010	9.83072E+00
6.23665E+02	1000010010	1.91937E+00	1000010010	2.19786E+00
8.82469E+02	1000010010	2.57006E+00	1000010010	3.10643E+00
9.23745E+02	1000010010	2.38346E+00	1000010010	2.90556E+00
3.26480E+03	1000010010	2.97780E+01	1000010010	5.78904E+01
1.95901E+03	1000010010	1.73933E+02	1000010010	2.61143E+02
3.15810E+03	1000010010	6.90257E+01	1000010010	1.31362E+02
9.44746E+02	1000010010	2.65383E+00	1000010010	3.24919E+00
1.79674E+03	1000010010	2.07793E+01	1000010010	3.02109E+01
1.41128E+03	1000010010	2.91138E+00	1000010010	3.91927E+00
2.77592E+03	1000010010	4.10300E+02	1000010010	7.23805E+02
3.43577E+03	1000010010	6.18676E+00	1000010010	1.24470E+01
2.24851E+03	1000010010	3.31308E+00	1000010010	5.26695E+00
1.74085E+03	1000010010	5.09495E+01	1000010010	7.32572E+01
1.47092E+03	1000010010	5.50392E+00	1000010010	7.49860E+00
1.15927E+03	1000010010	6.62094E+00	1000010010	8.47024E+00
2.35580E+03	1000010010	4.49173E+00	1000010010	7.29336E+00
7.18210E+02	1000010010	1.12406E+00	1000010010	1.31298E+00
4.93953E+03	1000010010	8.63412E+01	1000010010	2.37937E+02
3.86441E+03	1000010010	2.94636E+01	1000010010	6.46651E+01
6.03840E+02	1000010010	4.96400E+00	1000010010	5.66049E+00
4.69489E+03	1000010010	2.15790E+02	1000010010	5.63827E+02
1.44732E+02	1000010010	1.08184E+00	1000010010	1.11726E+00
1.64055E+03	1000010010	6.26731E+02	1000010010	8.83322E+02
2.23880E+03	1000010010	2.64567E+02	1000010010	4.19789E+02
1.51300E+03	1000010010	1.34098E+00	1000010010	1.84244E+00
1.29544E+02	1000010010	9.75540E+01	1000010010	1.00411E+02
8.81576E+02	1000010010	4.83171E+02	1000010010	5.83900E+02
1.11709E+03	1000010010	5.29655E+00	1000010010	6.71796E+00
9.13972E+02	1000010010	1.96693E+02	1000010010	2.39295E+02
6.07588E+02	1000010010	5.93296E+01	1000010010	6.77077E+01
3.55582E+03	1000010010	2.93451E+02	1000010010	6.04855E+02
2.11260E+03	1000010010	8.36092E+01	1000010010	1.29400E+02
4.48840E+03	1000010010	9.37460E+00	1000010010	2.34348E+01
5.12482E+02	1000010010	1.11255E+00	1000010010	1.24431E+00
5.53746E+02	1000010010	5.20473E+02	1000010010	5.87238E+02
1.76499E+03	1000010010	7.53190E+01	1000010010	1.08817E+02
2.01032E+03	1000010010	3.62817E+02	1000010010	5.50292E+02
1.40521E+03	1000010010	2.80265E+00	1000010010	3.76830E+00
1.52027E+03	1000010010	1.54528E+02	1000010010	2.12623E+02
1.01219E+02	1000010010	1.14350E+00	1000010010	1.16963E+00
7.54406E+02	1000010010	1.78525E+00	1000010010	2.10115E+00
5.23128E+02	1000010010	2.15508E+02	1000010010	2.41576E+02
1.27012E+03	1000010010	2.36480E+02	1000010010	3.09413E+02
1.79254E+02	1000010010	2.37705E+00	1000010010	2.47363E+00
1.09110E+03	1000010010	2.76693E+02	1000010010	3.49090E+02
2.92455E+02	1000010010	8.65581E+01	1000010010	9.23330E+01
1.49514E+03	1000010010	1.39716E+00	1000010010	1.91277E+00
4.97580E+03	1000010010	6.18424E+00	1000010010	1.71790E+01
4.08827E+02	1000010010	5.71785E+00	1000010010	6.25472E+00
3.18435E+03	1000010010	2.62911E+02	1000010010	5.02970E+02
3.03597E+03	1000010010	8.97009E+01	1000010010	1.66609E+02
3.21170E+03	1000010010	4.48342E+01	1000010010	8.62408E+01
1.03632E+03	1000010010	1.98842E+01	1000010010	2.48074E+01
2.37530E+02	1000010010	1.09579E+00	1000010010	1.15499E+00
5.55956E+02	1000010010	1.09887E+00	1000010010	1.24041E+00
2.16722E+03	1000010010	6.37109E+01	1000010010	9.96727E+01
3.22373E+02	1000010010	2.27226E+01	1000010010	2.43966E+01
1.29449E+03	1000010010	1.29958E+00	1000010010	1.70879E+00
1.72189E+03	1000010010	5.38921E+02	1000010010	7.71966E+02
4.63164E+03	1000010010	2.09751E+01	1000010010	5.40632E+01
2.16397E+03	1000010010	1.96453E+00	1000010010	3.07145E+00
4.86318E+03	1000010010	7.11037E+01	1000010010	1.92695E+02
2.23575E+03	1000010010	2.76338E+00	1000010010	4.38202E+00
4.54854E+03	1000010010	2.46347E+02	1000010010	6.23763E+02
1.97351E+03	1000010010	1.20415E+00	1000010010	1.81312E+00
3.84494E+03	1000010010	1.14777E+00	1000010010	2.50904E+00
4.56848E+02	1000010010	2.18338E+02	1000010010	2.41311E+02
1.82653E+03	1000010010	3.24326E+00	1000010010	4.74330E+00
9.87058E+02	1000010010	3.24491E+02	1000010010	4.00762E+02
2.20549E+02	1000010010	1.74367E+01	1000010010	1.83104E+01
3.26150E+03	1000010010	1.09890E+01	1000010010	2.13493E+01
2.34765E+02	1000010010	2.27055E+00	1000010010	2.39176E+00
1.19067E+03	1000010010	2.31574E+02	1000010010	2.98152E+02
4.16118E+03	1000010010	5.33179E+01	1000010010	1.24418E+02
1.60859E+03	1000010010	4.55308E+01	1000010010	6.37638E+01
3.60299E+03	1000010010	7.06304E+01	1000010010	1.46978E+02
5.81977E+02	1000010010	1.17161E+00	1000010010	1.32984E+00
4.72724E+03	1000010010	2.07995E+02	1000010010	5.47270E+02
2.56748E+03	1000010010	1.98637E+02	1000010010	3.36282E+02
4.36221E+03	1000010010	1.88331E+01	1000010010	4.58379E+01
1.31284E+03	1000010010	3.46906E+00	1000010010	4.57831E+00
4.80145E+03	1000010010	1.44186E+02	1000010010	3.85530E+02
3.72202E+03	1000010010	6.46428E+00	1000010010	1.37808E+01
2.76209E+03	1000010010	6.24957E+00	1000010010	1.09946E+01
2.57760E+03	1000010010	1.70377E+01	1000010010	2.89015E+01
2.69729E+03	1000010010	1.29466E+00	1000010010	2.24867E+00
1.37591E+03	1000010010	2.07574E+01	1000010010	2.77453E+01
1.86776E+02	1000010010	2.13704E+02	1000010010	2.22756E+02
3.31825E+02	1000010010	4.56137E+02	1000010010	4.90743E+02
4.20946E+02	1000010010	5.06935E+01	1000010010	5.55978E+01
6.55774E+02	1000010010	2.44229E+01	1000010010	2.81563E+01
1.61170E+03	1000010010	1.07199E+00	1000010010	1.50220E+00
2.53115E+02	1000010010	1.89285E+00	1000010010	2.00191E+00
1.74866E+03	1000010010	7.29623E+01	1000010010	1.05071E+02
2.86878E+03	1000010010	2.78800E+00	1000010010	5.00949E+00
5.15363E+02	1000010010	1.33698E+00	1000010010	1.49623E+00
1.16479E+03	1000010010	1.54877E+00	1000010010	1.98359E+00
2.80622E+03	1000010010	1.09193E+02	1000010010	1.93783E+02
2.89950E+03	1000010010	3.09233E+01	1000010010	5.59022E+01
5.95236E+02	1000010010	3.46118E+00	1000010010	3.93965E+00
9.33363E+02	1000010010	3.75304E+02	1000010010	4.58423E+02
4.88396E+03	1000010010	3.43662E+00	1000010010	9.35586E+00
4.93372E+03	1000010010	4.48887E+01	1000010010	1.23545E+02
1.62642E+03	1000010010	7.04244E+01	1000010010	9.89776E+01
9.86491E+02	1000010010	1.23030E+00	1000010010	1.51930E+00
1.22101E+02	1000010010	1.06260E+00	1000010010	1.09192E+00
1.19240E+03	1000010010	1.19554E+02	1000010010	1.53981E+02
4.45860E+02	1000010010	7.45327E+00	1000010010	8.21814E+00
4.88037E+03	1000010010	2.26452E+00	1000010010	6.16006E+00
3.97151E+03	1000010010	1.09784E+00	1000010010	2.46311E+00
2.21814E+03	1000010010	3.11381E+02	1000010010	4.92060E+02
1.63828E+03	1000010010	1.71066E+01	1000010010	2.40994E+01
2.42444E+03	1000010010	1.01730E+01	1000010010	1.67432E+01
2.29472E+03	1000010010	3.51105E+01	1000010010	5.63277E+01
2.34856E+03	1000010010	5.31039E+01	1000010010	8.61037E+01
2.26927E+03	1000010010	6.02632E+01	1000010010	9.61961E+01
1.91707E+03	1000010010	1.59836E+02	1000010010	2.37994E+02
2.32115E+03	1000010010	3.22003E+00	1000010010	5.19287E+00
4.57899E+02	1000010010	1.40843E+02	1000010010	1.55697E+02
6.63573E+02	1000010010	6.42971E+00	1000010010	7.42476E+00
1.36128E+03	1000010010	1.36770E+02	1000010010	1.82275E+02
8.05904E+02	1000010010	9.17619E+01	1000010010	1.09164E+02
2.21913E+03	1000010010	6.35202E+01	1000010010	1.00397E+02
2.11886E+03	1000010010	4.65199E+02	1000010010	7.20868E+02
2.16087E+03	1000010010	1.07311E+00	1000010010	1.67674E+00
5.65726E+02	1000010010	3.09556E+01	1000010010	3.50154E+01
5.68404E+02	1000010010	3.65274E+02	1000010010	4.13414E+02
2.04384E+03	1000010010	2.28570E+01	1000010010	3.48981E+01
2.50972E+03	1000010010	2.01275E+00	1000010010	3.36887E+00
2.29121E+03	1000010010	5.53483E+00	1000010010	8.87338E+00
1.65281E+03	1000010010	2.55533E+00	1000010010	3.61032E+00
4.23459E+03	1000010010	1.22362E+00	1000010010	2.89942E+00
4.37762E+03	1000010010	2.23677E+02	1000010010	5.46185E+02
3.84311E+02	1000010010	2.81670E+01	1000010010	3.06496E+01
1.75510E+03	1000010010	7.39890E+01	1000010010	1.06686E+02
2.08573E+03	1000010010	8.60404E+00	1000010010	1.32458E+01
5.97472E+02	1000010010	1.95613E+00	1000010010	2.22759E+00
8.38332E+02	1000010010	6.40245E+00	1000010010	7.66816E+00
9.23193E+02	1000010010	3.99491E+01	1000010010	4.86944E+01
3.52872E+02	1000010010	5.50072E+00	1000010010	5.94506E+00
3.93567E+02	1000010010	6.11063E+00	1000010010	6.66247E+00
3.21291E+03	1000010010	4.73095E+00	1000010010	9.10243E+00
1.18534E+03	1000010010	3.49037E+00	1000010010	4.48900E+00
4.82153E+03	1000010010	9.35536E+01	1000010010	2.51243E+02
5.29003E+02	1000010010	1.01178E+02	1000010010	1.13558E+02
1.19993E+03	1000010010	5.96735E+02	1000010010	7.69745E+02
2.60283E+03	1000010010	4.64368E+02	1000010010	7.91652E+02
4.80580E+03	1000010010	1.74247E+02	1000010010	4.66350E+02
1.86077E+03	1000010010	1.81389E+00	1000010010	2.67090E+00
1.98715E+02	1000010010	1.66082E+02	1000010010	1.73571E+02
3.48331E+03	1000010010	3.14380E+01	1000010010	6.38581E+01
2.41738E+03	1000010010	1.58582E+00	1000010010	2.60641E+00
3.40588E+02	1000010010	4.87876E+02	1000010010	5.25887E+02
4.11722E+03	1000010010	3.74017E+02	1000010010	8.64830E+02
1.09486E+03	1000010010	7.79838E+02	1000010010	9.84643E+02
1.92020E+03	1000010010	9.66069E+00	1000010010	1.43936E+01
1.54414E+03	1000010010	4.75635E+01	1000010010	6.57583E+01
2.59647E+03	1000010010	1.19925E+00	1000010010	2.04192E+00
8.96210E+02	1000010010	3.15102E+00	1000010010	3.81946E+00
1.92940E+02	1000010010	1.60700E+00	1000010010	1.67733E+00
4.12699E+03	1000010010	1.47478E+01	1000010010	3.41700E+01
2.06012E+03	1000010010	2.37418E+00	1000010010	3.63658E+00
4.29361E+03	1000010010	1.39965E+01	1000010010	3.35781E+01
1.43231E+03	1000010010	4.95153E+01	1000010010	6.69394E+01
9.14973E+02	1000010010	3.47923E+00	1000010010	4.23368E+00
1.28513E+03	1000010010	1.14028E+00	1000010010	1.49648E+00
2.07731E+02	1000010010	2.88671E+00	1000010010	3.02286E+00
1.49599E+03	1000010010	2.08314E+01	1000010010	2.85239E+01
3.06169E+02	1000010010	1.07240E+00	1000010010	1.14736E+00
1.49923E+02	1000010010	6.93880E+01	1000010010	7.17424E+01
2.53250E+03	1000010010	1.19888E+02	1000010010	2.01569E+02
2.30181E+02	1000010010	1.44289E+00	1000010010	1.51839E+00
2.35016E+03	1000010010	1.28036E+00	1000010010	2.07666E+00
2.10926E+03	1000010010	3.56470E+01	1000010010	5.51337E+01
4.32648E+03	1000010010	8.58683E+01	1000010010	2.07428E+02
2.79492E+03	1000010010	3.85021E+02	1000010010	6.81765E+02
1.90060E+03	1000010010	1.32659E+02	1000010010	1.96885E+02
9.52201E+02	1000010010	1.08093E+02	1000010010	1.32547E+02
