#	D	ID	E	ID0	E0
#
# D             Trajectory length [1 Mpc]
# ID/ID0/ID1    Particle type (PDG MC numbering scheme)
# E/E0/E1       Energy [1 EeV]
# no index = current, 0 = at source, 1 = at point of creation
#
# CRPropa version: -128-NOTFOUND
#
9.07710E-02	1000010010	3.66031E+01	1000010010	3.66058E+01
1.52819E+00	1000010010	1.90231E+01	1000010010	1.90475E+01
7.64953E+00	1000010010	1.39271E+00	1000010010	1.39369E+00
1.22388E+00	1000010010	4.87287E+01	1000010010	4.87765E+01
3.68778E+00	1000010010	6.87790E+01	1000010010	6.89698E+01
7.78490E+00	1000010010	3.54936E+02	1000010010	3.56137E+02
4.62319E+00	1000010010	5.82322E+02	1000010010	5.83254E+02
1.57543E+00	1000010010	1.11201E+02	1000010010	1.11317E+02
5.73970E+00	1000010010	1.54076E+02	1000010010	1.54606E+02
6.57150E+00	1000010010	2.40688E+02	1000010010	2.41493E+02
5.51765E+00	1000010010	2.46571E+01	1000010010	2.47728E+01
1.83857E+00	1000010010	2.87663E+02	1000010010	2.87913E+02
6.33466E+00	1000010010	1.53741E+01	1000010010	1.54541E+01
6.65111E+00	1000010010	1.74282E+00	1000010010	1.74449E+00
3.52624E+00	1000010010	2.33034E+02	1000010010	2.33457E+02
4.97509E+00	1000010010	2.60468E+00	1000010010	2.60819E+00
9.72377E+00	1000010010	2.40982E+00	1000010010	2.41556E+00
8.27180E+00	1000010010	6.98565E+00	1000010010	7.02263E+00
1.89452E+00	1000010010	9.77490E+01	1000010010	9.78764E+01
3.14512E+00	1000010010	1.96349E+00	1000010010	1.96459E+00
1.32626E+00	1000010010	8.41959E+02	1000010010	8.42281E+02
6.16245E+00	1000010010	9.58738E+02	1000010010	9.60342E+02
5.53433E+00	1000010010	1.15569E+02	1000010010	1.15990E+02
9.04945E-01	1000010010	1.50983E+02	1000010010	1.51065E+02
2.69842E+00	1000010010	3.26456E+01	1000010010	3.27196E+01
1.64389E+00	1000010010	5.55304E+02	1000010010	5.55627E+02
2.53151E+00	1000010010	1.35074E+01	1000010010	1.35347E+01
6.46661E+00	1000010010	1.61285E+00	1000010010	1.61415E+00
8.68731E-01	1000010010	6.49968E+01	1000010010	6.50396E+01
5.75856E+00	1000010010	6.71949E+00	1000010010	6.74368E+00
3.28680E+00	1000010010	7.19446E+01	1000010010	7.21206E+01
8.19436E+00	1000010010	6.97938E+02	1000010010	6.99759E+02
7.80795E+00	1000010010	2.46225E+02	1000010010	2.47197E+02
6.15741E+00	1000010010	1.20031E+02	1000010010	1.20512E+02
8.03928E+00	1000010010	2.46484E+02	1000010010	2.47485E+02
9.46773E+00	1000010010	8.55301E+01	1000010010	8.61114E+01
5.63038E-01	1000010010	1.28906E+00	1000010010	1.28911E+00
7.91072E+00	1000010010	2.19547E+01	1000010010	2.21026E+01
2.98568E+00	1000010010	1.31345E+01	1000010010	1.31656E+01
9.48519E+00	1000010010	5.04579E+01	1000010010	5.08426E+01
4.84606E+00	1000010010	1.02334E+01	1000010010	1.02704E+01
3.70997E-01	1000010010	1.15156E+01	1000010010	1.15189E+01
9.03305E+00	1000010010	1.14568E+02	1000010010	1.15252E+02
9.80356E+00	1000010010	5.08347E+00	1000010010	5.10981E+00
6.50955E-01	1000010010	7.26504E+00	1000010010	7.26809E+00
4.89863E-01	1000010010	1.30198E+00	1000010010	1.30203E+00
6.96994E-01	1000010010	8.92285E+00	1000010010	8.92723E+00
7.19129E-01	1000010010	7.82078E+01	1000010010	7.82487E+01
1.40374E+00	1000010010	4.82386E+00	1000010010	4.82726E+00
7.71411E+00	1000010010	5.03079E+01	1000010010	5.06194E+01
6.99958E+00	1000010010	9.49558E+01	1000010010	9.54188E+01
8.10339E+00	1000010010	8.17370E+02	1000010010	8.19319E+02
6.86980E+00	1000010010	2.81122E+01	1000010010	2.82765E+01
3.49277E+00	1000010010	4.59843E+01	1000010010	4.61144E+01
9.38866E-01	1000010010	1.35341E+01	1000010010	1.35442E+01
4.13331E+00	1000010010	2.83607E+02	1000010010	2.84165E+02
9.43081E+00	1000010010	5.78509E+02	1000010010	5.80410E+02
9.16790E-01	1000010010	5.44134E+01	1000010010	5.44527E+01
7.01914E-02	1000010010	2.23469E+02	1000010010	2.23477E+02
3.45529E+00	1000010010	1.90904E+01	1000010010	1.91457E+01
9.35801E+00	1000010010	1.57626E+00	1000010010	1.57803E+00
8.32848E+00	1000010010	3.38549E+01	1000010010	3.40927E+01
5.85169E+00	1000010010	1.69279E+01	1000010010	1.70103E+01
6.21072E+00	1000010010	3.50844E+00	1000010010	3.51677E+00
4.82749E+00	1000010010	9.74559E+00	1000010010	9.78008E+00
6.13251E+00	1000010010	4.25367E+02	1000010010	4.26412E+02
2.04047E+00	1000010010	7.14717E+02	1000010010	7.15175E+02
2.93976E+00	1000010010	2.60211E+01	1000010010	2.60860E+01
4.69307E+00	1000010010	4.35059E+02	1000010010	4.35868E+02
4.12288E+00	1000010010	1.89250E+01	1000010010	1.89905E+01
2.59567E+00	1000010010	1.94843E+01	1000010010	1.95268E+01
3.99298E+00	1000010010	3.09689E+02	1000010010	3.10257E+02
7.20850E+00	1000010010	4.17062E+00	1000010010	4.18418E+00
1.08485E+00	1000010010	1.74277E+01	1000010010	1.74434E+01
6.58941E-01	1000010010	1.53250E+02	1000010010	1.53311E+02
5.52753E+00	1000010010	2.85086E+01	1000010010	2.86423E+01
8.63319E+00	1000010010	5.34494E+00	1000010010	5.37016E+00
3.62995E+00	1000010010	6.33445E+01	1000010010	6.35206E+01
1.70163E-01	1000010010	3.46328E+00	1000010010	3.46350E+00
2.94988E+00	1000010010	3.22291E+02	1000010010	3.22720E+02
6.09958E-01	1000010010	2.10039E+02	1000010010	2.10107E+02
1.95344E+00	1000010010	1.06074E+00	1000010010	1.06084E+00
6.12559E+00	1000010010	6.56184E+00	1000010010	6.58667E+00
7.99008E+00	1000010010	1.28513E+00	1000010010	1.28591E+00
3.48085E+00	1000010010	1.55324E+00	1000010010	1.55386E+00
9.01641E+00	1000010010	1.47062E+02	1000010010	1.47871E+02
9.78997E+00	1000010010	8.91140E+00	1000010010	8.97380E+00
7.26886E+00	1000010010	4.01894E+02	1000010010	4.03096E+02
5.69639E-01	1000010010	5.62896E+00	1000010010	5.63075E+00
1.98666E+00	1000010010	8.56276E+00	1000010010	8.57460E+00
8.69617E+00	1000010010	2.05306E+00	1000010010	2.05650E+00
1.28205E-01	1000010010	2.79615E+02	1000010010	2.79632E+02
5.99843E+00	1000010010	1.94189E+00	1000010010	1.94393E+00
7.44900E+00	1000010010	2.87831E+02	1000010010	2.88848E+02
2.49884E+00	1000010010	1.57591E+00	1000010010	1.57638E+00
1.51338E+00	1000010010	5.87337E+01	1000010010	5.88026E+01
8.25943E+00	1000010010	4.65179E+00	1000010010	4.67077E+00
9.71973E+00	1000010010	7.58004E+01	1000010010	7.63455E+01
9.92596E+00	1000010010	1.57205E+00	1000010010	1.57391E+00
5.93671E+00	1000010010	3.59527E+01	1000010010	3.61313E+01
6.58800E+00	1000010010	4.28919E+00	1000010010	4.30221E+00
9.79950E+00	1000010010	1.60901E+02	1000010010	1.61835E+02
5.93269E-01	1000010010	7.94062E+01	1000010010	7.94404E+01
3.97215E+00	1000010010	1.65831E+02	1000010010	1.66215E+02
4.01349E+00	1000010010	5.36466E+01	1000010010	5.38168E+01
8.06464E+00	1000010010	1.16202E+00	1000010010	1.16258E+00
9.20902E+00	1000010010	4.94076E+00	1000010010	4.96429E+00
2.48916E+00	1000010010	4.01455E+00	1000010010	4.01887E+00
4.76657E+00	1000010010	1.08434E+00	1000010010	1.08459E+00
9.95393E+00	1000010010	2.60966E+02	1000010010	2.62249E+02
5.50613E+00	1000010010	1.45862E+02	1000010010	1.46352E+02
4.11256E-01	1000010010	1.92696E+01	1000010010	1.92762E+01
7.18420E+00	1000010010	1.68832E+01	1000010010	1.69842E+01
1.11736E+00	1000010010	1.59439E+00	1000010010	1.59461E+00
5.89141E-01	1000010010	5.73792E+02	1000010010	5.73909E+02
4.99514E+00	1000010010	3.34823E+01	1000010010	3.36229E+01
2.01278E+00	1000010010	2.41906E+02	1000010010	2.42153E+02
4.85447E+00	1000010010	4.47548E+02	1000010010	4.48399E+02
4.91554E+00	1000010010	1.16197E+00	1000010010	1.16231E+00
3.32929E+00	1000010010	5.43018E+00	1000010010	5.44009E+00
6.17966E+00	1000010010	3.17092E+01	1000010010	3.18747E+01
9.14183E+00	1000010010	6.34106E+00	1000010010	6.37631E+00
3.10273E+00	1000010010	3.65866E+00	1000010010	3.66317E+00
3.87802E+00	1000010010	5.78776E+00	1000010010	5.80059E+00
9.30591E-01	1000010010	3.45692E+00	1000010010	3.45812E+00
8.48754E+00	1000010010	7.68487E+00	1000010010	7.72862E+00
4.36052E+00	1000010010	3.04214E+02	1000010010	3.04828E+02
5.56531E+00	1000010010	2.59227E+00	1000010010	2.59615E+00
3.93893E+00	1000010010	1.18236E+00	1000010010	1.18265E+00
6.04827E+00	1000010010	4.87230E+01	1000010010	4.89603E+01
3.55488E-02	1000010010	2.29634E+01	1000010010	2.29641E+01
5.28205E+00	1000010010	4.74934E+00	1000010010	4.76187E+00
1.79561E+00	1000010010	2.01337E+01	1000010010	2.01641E+01
3.69682E+00	1000010010	4.19701E+00	1000010010	4.20401E+00
3.53048E+00	1000010010	1.33204E+00	1000010010	1.33243E+00
5.01340E+00	1000010010	4.75671E+01	1000010010	4.77597E+01
2.09233E-01	1000010010	2.18213E+00	1000010010	2.18222E+00
1.69081E+00	1000010010	8.61063E+02	1000010010	8.61479E+02
1.57827E+00	1000010010	2.29993E+01	1000010010	2.30300E+01
9.77128E+00	1000010010	9.55783E+02	1000010010	9.58326E+02
3.53015E+00	1000010010	3.48129E+02	1000010010	3.48666E+02
1.84182E+00	1000010010	2.44519E+02	1000010010	2.44746E+02
2.56649E+00	1000010010	2.94870E+02	1000010010	2.95224E+02
9.98906E+00	1000010010	1.02619E+02	1000010010	1.03320E+02
9.92938E+00	1000010010	4.02668E+02	1000010010	4.04313E+02
2.33643E+00	1000010010	4.53692E+01	1000010010	4.54551E+01
4.86242E+00	1000010010	2.32100E+00	1000010010	2.32361E+00
8.36060E+00	1000010010	1.57053E+01	1000010010	1.58138E+01
6.93206E+00	1000010010	3.41161E+00	1000010010	3.42042E+00
7.25133E+00	1000010010	2.01812E+00	1000010010	2.02085E+00
1.82442E+00	1000010010	2.55777E+00	1000010010	2.55900E+00
9.70634E+00	1000010010	7.40248E+02	1000010010	7.42470E+02
1.48991E+00	1000010010	4.81368E+01	1000010010	4.81944E+01
8.02469E+00	1000010010	1.51294E+02	1000010010	1.52028E+02
5.63503E+00	1000010010	8.01501E+00	1000010010	8.04574E+00
8.06603E+00	1000010010	5.75145E+01	1000010010	5.78782E+01
5.34197E+00	1000010010	8.98987E+01	1000010010	9.02377E+01
3.91793E+00	1000010010	4.08333E+00	1000010010	4.09037E+00
7.31232E-01	1000010010	7.50534E+01	1000010010	7.50938E+01
3.99990E+00	1000010010	1.54525E+02	1000010010	1.54895E+02
9.50329E+00	1000010010	1.36579E+01	1000010010	1.37628E+01
9.49995E+00	1000010010	1.09030E+02	1000010010	1.09725E+02
2.05263E+00	1000010010	5.11695E+01	1000010010	5.12531E+01
8.21252E+00	1000010010	1.53880E+01	1000010010	1.54921E+01
1.08057E+00	1000010010	1.42331E+01	1000010010	1.42454E+01
8.71990E+00	1000010010	9.33208E+02	1000010010	9.35448E+02
9.02784E+00	1000010010	3.33197E+02	1000010010	3.34539E+02
8.28469E+00	1000010010	1.73287E+02	1000010010	1.74115E+02
4.27389E+00	1000010010	1.53438E+00	1000010010	1.53512E+00
7.81753E+00	1000010010	3.05491E+01	1000010010	3.07517E+01
4.17756E+00	1000010010	4.51235E+02	1000010010	4.51970E+02
6.97331E+00	1000010010	4.98291E+01	1000010010	5.01082E+01
7.70267E+00	1000010010	7.03064E+02	1000010010	7.04781E+02
2.66793E+00	1000010010	9.65794E+00	1000010010	9.67672E+00
3.13782E+00	1000010010	1.54845E+01	1000010010	1.55243E+01
4.98749E+00	1000010010	2.16530E+01	1000010010	2.17445E+01
6.14433E+00	1000010010	2.56052E+02	1000010010	2.56833E+02
4.69030E+00	1000010010	3.26545E+02	1000010010	3.27233E+02
3.29548E+00	1000010010	9.35997E+01	1000010010	9.38146E+01
8.21349E+00	1000010010	1.44411E+01	1000010010	1.45377E+01
1.90140E+00	1000010010	5.33718E+02	1000010010	5.34084E+02
1.15149E+00	1000010010	9.50077E+00	1000010010	9.50868E+00
7.89231E+00	1000010010	8.02480E+01	1000010010	8.07094E+01
9.25761E+00	1000010010	3.52091E+01	1000010010	3.54834E+01
5.66794E+00	1000010010	4.32027E+01	1000010010	4.34033E+01
2.29160E+00	1000010010	1.97531E+01	1000010010	1.97911E+01
6.24264E+00	1000010010	1.57631E+02	1000010010	1.58217E+02
9.51234E+00	1000010010	6.71282E+02	1000010010	6.73354E+02
1.28152E+00	1000010010	1.75502E+00	1000010010	1.75535E+00
9.29522E+00	1000010010	1.20939E+01	1000010010	1.21823E+01
4.35172E+00	1000010010	4.82946E+02	1000010010	4.83740E+02
4.02581E+00	1000010010	3.42114E+02	1000010010	3.42721E+02
4.91870E+00	1000010010	7.19323E+00	1000010010	7.21610E+00
7.80939E+00	1000010010	2.19108E+01	1000010010	2.20564E+01
5.96212E+00	1000010010	2.35688E+01	1000010010	2.36884E+01
1.46624E+00	1000010010	5.56028E+00	1000010010	5.56480E+00
5.61206E+00	1000010010	7.62496E+00	1000010010	7.65343E+00
2.91610E+00	1000010010	7.07052E+02	1000010010	7.07703E+02
7.84166E+00	1000010010	6.76353E+01	1000010010	6.80375E+01
8.50125E+00	1000010010	8.58427E+00	1000010010	8.63561E+00
3.81795E+00	1000010010	7.99448E+00	1000010010	8.01517E+00
7.25210E+00	1000010010	5.96786E+00	1000010010	5.99320E+00
1.51362E+00	1000010010	4.87617E+02	1000010010	4.87895E+02
4.65285E+00	1000010010	4.22378E+02	1000010010	4.23167E+02
9.27063E+00	1000010010	6.54291E+01	1000010010	6.58929E+01
8.43697E+00	1000010010	5.87557E+00	1000010010	5.90439E+00
4.34992E+00	1000010010	1.70059E+02	1000010010	1.70487E+02
3.71697E+00	1000010010	1.40783E+00	1000010010	1.40832E+00
4.46841E+00	1000010010	3.49409E+01	1000010010	3.50716E+01
3.35731E+00	1000010010	5.17106E+02	1000010010	5.17741E+02
3.10039E+00	1000010010	1.51234E+02	1000010010	1.51516E+02
1.06809E+00	1000010010	1.25796E+01	1000010010	1.25901E+01
6.46962E+00	1000010010	2.97207E+00	1000010010	2.97822E+00
8.52110E+00	1000010010	2.69661E+00	1000010010	2.70315E+00
8.87137E+00	1000010010	7.69371E+00	1000010010	7.73954E+00
7.07664E-01	1000010010	7.14885E+00	1000010010	7.15209E+00
6.35211E+00	1000010010	9.01107E+01	1000010010	9.05148E+01
9.04329E+00	1000010010	2.31395E+02	1000010010	2.32479E+02
4.79824E+00	1000010010	2.94039E+01	1000010010	2.95234E+01
1.27990E+00	1000010010	6.21370E+01	1000010010	6.21980E+01
2.69095E+00	1000010010	5.83373E+01	1000010010	5.84594E+01
5.21030E+00	1000010010	7.67780E+00	1000010010	7.70448E+00
8.81144E-02	1000010010	3.61439E+02	1000010010	3.61452E+02
2.29148E+00	1000010010	1.36389E+00	1000010010	1.36416E+00
6.94146E+00	1000010010	1.24834E+00	1000010010	1.24896E+00
1.10843E+00	1000010010	1.90283E+02	1000010010	1.90400E+02
1.78326E+00	1000010010	2.90180E+01	1000010010	2.90616E+01
7.27007E-01	1000010010	4.19994E+00	1000010010	4.20132E+00
8.24343E+00	1000010010	4.11470E+01	1000010010	4.14274E+01
7.01207E+00	1000010010	5.35252E+02	1000010010	5.36607E+02
8.42233E-01	1000010010	1.95374E+01	1000010010	1.95512E+01
6.69459E+00	1000010010	5.55665E+01	1000010010	5.58596E+01
6.86074E+00	1000010010	2.73068E+02	1000010010	2.73975E+02
6.90447E+00	1000010010	1.67828E+02	1000010010	1.68503E+02
7.32442E-01	1000010010	3.54859E+00	1000010010	3.54959E+00
8.87263E+00	1000010010	7.41063E+01	1000010010	7.45950E+01
1.39436E-01	1000010010	1.72616E+02	1000010010	1.72630E+02
3.36271E+00	1000010010	6.06396E+02	1000010010	6.07089E+02
8.57422E+00	1000010010	1.07231E+00	1000010010	1.07276E+00
9.24006E+00	1000010010	3.25589E+00	1000010010	3.26658E+00
9.10036E+00	1000010010	1.47959E+02	1000010010	1.48779E+02
5.28014E+00	1000010010	9.82661E+01	1000010010	9.86236E+01
6.17722E+00	1000010010	3.26048E+01	1000010010	3.27747E+01
6.19183E+00	1000010010	1.92298E+01	1000010010	1.93301E+01
6.98617E+00	1000010010	4.04749E+01	1000010010	4.07088E+01
5.97048E+00	1000010010	7.02626E+01	1000010010	7.05774E+01
9.40032E+00	1000010010	7.34211E+00	1000010010	7.38752E+00
1.36372E+00	1000010010	3.58484E+01	1000010010	3.58891E+01
3.33603E+00	1000010010	2.79480E+02	1000010010	2.79926E+02
4.91324E+00	1000010010	2.76765E+01	1000010010	2.77919E+01
8.46067E+00	1000010010	9.50231E+00	1000010010	9.56109E+00
6.33185E+00	1000010010	2.03894E+02	1000010010	2.04594E+02
6.40132E+00	1000010010	1.39027E+00	1000010010	1.39109E+00
8.05511E+00	1000010010	1.26266E+01	1000010010	1.27073E+01
4.52920E+00	1000010010	1.08355E+01	1000010010	1.08727E+01
5.73287E+00	1000010010	1.07385E+02	1000010010	1.07799E+02
6.23055E-01	1000010010	1.87300E+00	1000010010	1.87319E+00
3.63063E+00	1000010010	1.38287E+01	1000010010	1.38690E+01
9.49655E+00	1000010010	3.96733E+01	1000010010	3.99866E+01
7.32010E+00	1000010010	1.07884E+00	1000010010	1.07923E+00
9.77680E+00	1000010010	8.06200E+02	1000010010	8.08539E+02
6.99744E+00	1000010010	3.88429E+01	1000010010	3.90688E+01
4.61037E+00	1000010010	5.81927E+00	1000010010	5.83467E+00
9.43271E+00	1000010010	5.19817E+00	1000010010	5.22450E+00
1.57861E+00	1000010010	3.37498E+00	1000010010	3.37693E+00
3.01822E+00	1000010010	4.31389E+01	1000010010	4.32452E+01
2.52686E+00	1000010010	2.22019E+00	1000010010	2.22140E+00
3.35241E+00	1000010010	4.29941E+00	1000010010	4.30604E+00
2.25560E+00	1000010010	8.64872E+01	1000010010	8.66259E+01
6.21271E+00	1000010010	1.23049E+00	1000010010	1.23101E+00
9.20683E+00	1000010010	9.51234E+00	1000010010	9.57647E+00
1.58377E+00	1000010010	3.38252E+01	1000010010	3.38700E+01
7.71152E+00	1000010010	9.36492E+02	1000010010	9.38476E+02
8.12090E+00	1000010010	4.37857E+00	1000010010	4.39528E+00
3.92491E+00	1000010010	8.18689E+02	1000010010	8.19632E+02
7.86286E+00	1000010010	3.39413E+01	1000010010	3.41662E+01
3.59192E+00	1000010010	3.31183E+00	1000010010	3.31610E+00
8.98512E-01	1000010010	5.10739E+01	1000010010	5.11104E+01
1.45214E+00	1000010010	4.32183E+01	1000010010	4.32695E+01
9.82782E+00	1000010010	5.34024E+02	1000010010	5.35924E+02
5.15220E+00	1000010010	1.69931E+00	1000010010	1.70052E+00
2.48559E+00	1000010010	8.44127E+01	1000010010	8.45629E+01
7.32357E+00	1000010010	2.35996E+02	1000010010	2.36883E+02
5.30825E+00	1000010010	2.73072E+00	1000010010	2.73489E+00
6.23603E+00	1000010010	9.31396E+02	1000010010	9.32994E+02
9.57288E+00	1000010010	2.35712E+00	1000010010	2.36248E+00
2.48150E+00	1000010010	1.49068E+01	1000010010	1.49369E+01
8.59086E+00	1000010010	1.24266E+01	1000010010	1.25110E+01
8.52960E+00	1000010010	3.87295E+01	1000010010	3.90046E+01
3.13830E+00	1000010010	3.48607E+01	1000010010	3.49522E+01
8.49402E+00	1000010010	5.88179E+01	1000010010	5.92081E+01
7.49776E+00	1000010010	1.29383E+02	1000010010	1.30000E+02
5.80898E+00	1000010010	2.12817E+00	1000010010	2.13067E+00
4.97387E+00	1000010010	1.89934E+02	1000010010	1.90459E+02
3.03491E+00	1000010010	1.95953E+00	1000010010	1.96058E+00
7.57278E+00	1000010010	1.23792E+00	1000010010	1.23857E+00
7.04559E+00	1000010010	7.11795E+01	1000010010	7.15551E+01
2.80907E+00	1000010010	5.98765E+02	1000010010	5.99340E+02
8.79256E+00	1000010010	2.67749E+00	1000010010	2.68413E+00
6.20073E+00	1000010010	3.95614E+02	1000010010	3.96630E+02
4.40626E+00	1000010010	1.23751E+00	1000010010	1.23789E+00
1.33424E+00	1000010010	4.90688E+01	1000010010	4.91212E+01
8.00143E+00	1000010010	1.26378E+00	1000010010	1.26453E+00
3.84627E+00	1000010010	1.82806E+00	1000010010	1.82916E+00
6.04265E-01	1000010010	1.88963E+02	1000010010	1.89027E+02
3.85412E+00	1000010010	1.29933E+01	1000010010	1.30330E+01
2.71812E+00	1000010010	9.01423E+00	1000010010	9.03164E+00
9.02710E+00	1000010010	1.82692E+02	1000010010	1.83625E+02
9.63552E+00	1000010010	4.62833E+00	1000010010	4.65031E+00
4.35192E+00	1000010010	4.55097E+00	1000010010	4.56052E+00
3.55055E+00	1000010010	4.19335E+00	1000010010	4.20006E+00
6.02631E+00	1000010010	6.33426E+01	1000010010	6.36356E+01
3.66762E+00	1000010010	2.23094E+01	1000010010	2.23787E+01
9.01473E+00	1000010010	4.72624E+00	1000010010	4.74757E+00
5.53233E+00	1000010010	1.57820E+02	1000010010	1.58339E+02
4.59185E+00	1000010010	1.43626E+01	1000010010	1.44160E+01
1.62384E+00	1000010010	8.90356E+01	1000010010	8.91376E+01
3.63475E+00	1000010010	1.14349E+00	1000010010	1.14372E+00
3.38715E+00	1000010010	7.90816E+02	1000010010	7.91616E+02
8.40603E+00	1000010010	2.95733E+00	1000010010	2.96525E+00
4.97981E-01	1000010010	3.64008E+01	1000010010	3.64158E+01
4.63452E+00	1000010010	7.32639E+02	1000010010	7.33692E+02
9.91435E-01	1000010010	2.12361E+01	1000010010	2.12538E+01
6.52182E+00	1000010010	1.13499E+00	1000010010	1.13540E+00
6.09319E-01	1000010010	3.77153E+02	1000010010	3.77249E+02
9.73571E+00	1000010010	1.69986E+01	1000010010	1.71371E+01
1.26937E-01	1000010010	1.04117E+01	1000010010	1.04127E+01
9.61734E+00	1000010010	5.62671E+01	1000010010	5.66938E+01
4.17613E+00	1000010010	1.19611E+01	1000010010	1.20000E+01
9.38994E-01	1000010010	1.04059E+01	1000010010	1.04132E+01
3.89439E+00	1000010010	2.94149E+01	1000010010	2.95119E+01
5.94860E+00	1000010010	5.61733E+00	1000010010	5.63612E+00
1.90031E-01	1000010010	2.53369E+00	1000010010	2.53381E+00
6.15277E+00	1000010010	1.12244E+00	1000010010	1.12282E+00
6.92378E-01	1000010010	1.43363E+01	1000010010	1.43443E+01
5.98540E+00	1000010010	3.49613E+01	1000010010	3.51368E+01
8.43254E+00	1000010010	9.99011E+00	1000010010	1.00527E+01
3.74133E+00	1000010010	4.55685E+00	1000010010	4.56507E+00
4.83715E+00	1000010010	2.71313E+02	1000010010	2.71949E+02
4.46953E+00	1000010010	3.55418E+02	1000010010	3.56107E+02
5.97906E+00	1000010010	3.78803E+01	1000010010	3.80688E+01
3.00526E+00	1000010010	3.34319E+02	1000010010	3.34765E+02
6.06060E+00	1000010010	4.74071E+02	1000010010	4.75167E+02
2.25475E+00	1000010010	1.51362E+01	1000010010	1.51640E+01
7.97074E-01	1000010010	2.53985E+00	1000010010	2.54038E+00
9.66133E+00	1000010010	7.23281E+01	1000010010	7.28508E+01
7.60450E+00	1000010010	1.96971E+01	1000010010	1.98238E+01
7.58708E+00	1000010010	5.50544E+00	1000010010	5.52867E+00
5.64503E+00	1000010010	2.54575E+01	1000010010	2.55797E+01
6.23769E-01	1000010010	2.38956E+01	1000010010	2.39082E+01
9.10339E+00	1000010010	3.30630E+00	1000010010	3.31718E+00
2.97950E+00	1000010010	9.06866E+00	1000010010	9.08791E+00
1.59331E+00	1000010010	1.00151E+00	1000010010	1.00158E+00
6.47847E-01	1000010010	3.82475E+01	1000010010	3.82680E+01
5.08144E-01	1000010010	2.57550E+01	1000010010	2.57660E+01
5.63010E+00	1000010010	2.30225E+00	1000010010	2.30521E+00
9.20990E+00	1000010010	7.21589E+02	1000010010	7.23671E+02
3.58627E+00	1000010010	1.25249E+01	1000010010	1.25602E+01
6.87594E+00	1000010010	2.56353E+02	1000010010	2.57229E+02
2.90922E+00	1000010010	3.73926E+00	1000010010	3.74367E+00
3.12628E+00	1000010010	1.16758E+00	1000010010	1.16780E+00
9.62130E+00	1000010010	2.99640E+02	1000010010	3.00986E+02
3.49845E+00	1000010010	5.03332E+01	1000010010	5.04739E+01
2.33604E+00	1000010010	9.06308E+01	1000010010	9.07795E+01
2.47206E+00	1000010010	3.08547E+01	1000010010	3.09190E+01
7.69568E+00	1000010010	5.03570E+01	1000010010	5.06680E+01
6.77718E+00	1000010010	5.24185E+00	1000010010	5.26097E+00
6.71167E+00	1000010010	3.01136E+02	1000010010	3.02077E+02
3.69558E+00	1000010010	1.64520E+02	1000010010	1.64876E+02
6.20378E+00	1000010010	1.68326E+01	1000010010	1.69195E+01
4.08843E+00	1000010010	7.44541E+01	1000010010	7.46790E+01
6.26992E+00	1000010010	1.90156E+02	1000010010	1.90819E+02
4.94479E+00	1000010010	2.74250E+02	1000010010	2.74905E+02
1.33587E+00	1000010010	1.46086E+00	1000010010	1.46106E+00
7.93862E+00	1000010010	4.74264E+00	1000010010	4.76150E+00
6.09060E+00	1000010010	3.39301E+01	1000010010	3.41039E+01
4.11199E+00	1000010010	1.83152E+00	1000010010	1.83271E+00
2.93445E+00	1000010010	7.90180E+00	1000010010	7.91741E+00
7.75022E+00	1000010010	3.60925E+02	1000010010	3.62132E+02
1.20863E+00	1000010010	9.72943E+02	1000010010	9.73259E+02
2.27419E+00	1000010010	1.74182E+00	1000010010	1.74239E+00
9.33006E+00	1000010010	1.77731E+02	1000010010	1.78679E+02
7.74996E+00	1000010010	3.14970E+01	1000010010	3.17037E+01
3.95426E+00	1000010010	2.04413E+02	1000010010	2.04850E+02
7.77424E+00	1000010010	8.77284E+02	1000010010	8.79222E+02
2.07624E+00	1000010010	5.39839E+02	1000010010	5.40241E+02
3.82731E+00	1000010010	3.04017E+02	1000010010	3.04555E+02
1.46139E+00	1000010010	8.92605E+02	1000010010	8.92971E+02
3.39531E+00	1000010010	2.26179E+00	1000010010	2.26350E+00
3.88229E+00	1000010010	1.02919E+00	1000010010	1.02936E+00
7.99658E+00	1000010010	8.68809E+01	1000010010	8.73770E+01
4.40540E+00	1000010010	8.44837E+01	1000010010	8.47505E+01
3.17784E+00	1000010010	5.94187E+00	1000010010	5.95283E+00
6.28225E+00	1000010010	2.33990E+00	1000010010	2.34334E+00
5.38392E+00	1000010010	6.22415E+00	1000010010	6.24419E+00
3.91238E+00	1000010010	4.78624E+01	1000010010	4.80132E+01
7.44218E+00	1000010010	2.33426E+01	1000010010	2.34907E+01
5.03727E+00	1000010010	1.74108E+00	1000010010	1.74235E+00
6.41333E+00	1000010010	7.62316E+02	1000010010	7.63805E+02
9.00602E+00	1000010010	2.46016E+01	1000010010	2.47908E+01
2.33665E+00	1000010010	1.55620E+00	1000010010	1.55662E+00
4.98514E+00	1000010010	3.21351E+02	1000010010	3.22076E+02
6.49485E+00	1000010010	7.68441E+01	1000010010	7.72110E+01
2.31282E+00	1000010010	8.28733E+02	1000010010	8.29292E+02
5.40805E+00	1000010010	2.56419E+01	1000010010	2.57598E+01
8.60536E+00	1000010010	1.99585E+01	1000010010	2.01041E+01
2.56214E+00	1000010010	7.97727E+02	1000010010	7.98335E+02
3.14709E+00	1000010010	7.89284E+00	1000010010	7.90956E+00
5.14960E+00	1000010010	1.11307E+00	1000010010	1.11338E+00
5.59416E+00	1000010010	8.45076E+00	1000010010	8.48367E+00
3.55578E+00	1000010010	2.47706E+01	1000010010	2.48454E+01
5.74431E+00	1000010010	4.15209E+00	1000010010	4.16278E+00
4.02181E+00	1000010010	3.15678E+00	1000010010	3.16111E+00
9.04772E+00	1000010010	1.39645E+01	1000010010	1.40669E+01
9.70826E+00	1000010010	4.46142E+02	1000010010	4.47845E+02
8.81585E+00	1000010010	7.57460E+01	1000010010	7.62398E+01
8.04332E+00	1000010010	1.50652E+00	1000010010	1.50784E+00
3.40849E+00	1000010010	6.07137E+02	1000010010	6.07840E+02
6.48741E+00	1000010010	3.50147E+01	1000010010	3.52053E+01
7.88435E+00	1000010010	3.57748E+01	1000010010	3.60114E+01
9.69671E+00	1000010010	4.06116E+01	1000010010	4.09382E+01
4.81705E+00	1000010010	2.93781E+02	1000010010	2.94445E+02
7.89068E+00	1000010010	1.82718E+00	1000010010	1.82945E+00
9.68440E+00	1000010010	4.07867E+01	1000010010	4.11142E+01
6.47373E+00	1000010010	2.31222E+02	1000010010	2.31996E+02
3.43064E+00	1000010010	4.27146E+00	1000010010	4.27816E+00
8.56809E+00	1000010010	2.67333E+00	1000010010	2.67977E+00
6.44076E-02	1000010010	1.44347E+02	1000010010	1.44353E+02
6.58961E-01	1000010010	1.16698E+01	1000010010	1.16757E+01
3.56738E+00	1000010010	3.89781E+02	1000010010	3.90359E+02
4.30984E+00	1000010010	4.88348E+00	1000010010	4.89419E+00
2.52476E+00	1000010010	8.88167E+02	1000010010	8.88799E+02
2.02293E+00	1000010010	2.97660E+00	1000010010	2.97852E+00
2.23889E+00	1000010010	5.92952E+02	1000010010	5.93407E+02
4.97533E+00	1000010010	1.90805E+00	1000010010	1.90966E+00
4.14952E-01	1000010010	3.12713E+02	1000010010	3.12772E+02
9.99475E+00	1000010010	1.34622E+01	1000010010	1.35707E+01
7.76923E+00	1000010010	2.89027E+00	1000010010	2.89722E+00
2.43127E+00	1000010010	3.47842E+00	1000010010	3.48161E+00
6.18673E+00	1000010010	1.00754E+02	1000010010	1.01180E+02
7.34665E+00	1000010010	1.94875E+02	1000010010	1.95665E+02
8.21435E+00	1000010010	3.18992E+01	1000010010	3.21211E+01
6.55569E+00	1000010010	1.94343E+00	1000010010	1.94566E+00
7.67854E+00	1000010010	1.63171E+01	1000010010	1.64211E+01
7.93396E+00	1000010010	1.57567E+01	1000010010	1.58600E+01
3.42805E+00	1000010010	1.65740E+02	1000010010	1.66071E+02
8.30221E+00	1000010010	6.13321E+00	1000010010	6.16354E+00
5.17845E+00	1000010010	1.92417E+02	1000010010	1.92969E+02
5.33755E+00	1000010010	9.82938E+02	1000010010	9.84344E+02
5.85089E+00	1000010010	1.65199E+00	1000010010	1.65325E+00
2.55861E+00	1000010010	9.76142E+02	1000010010	9.76813E+02
3.14344E+00	1000010010	1.68481E+01	1000010010	1.68920E+01
3.18630E+00	1000010010	4.94311E+00	1000010010	4.95118E+00
9.40223E+00	1000010010	2.32226E+00	1000010010	2.32733E+00
3.92636E+00	1000010010	6.91043E+00	1000010010	6.92759E+00
7.62039E+00	1000010010	3.15696E+01	1000010010	3.17733E+01
3.86469E+00	1000010010	1.36748E+02	1000010010	1.37077E+02
6.63810E+00	1000010010	2.20482E+01	1000010010	2.21726E+01
5.47871E+00	1000010010	4.82817E+02	1000010010	4.83817E+02
9.57046E+00	1000010010	1.20154E+01	1000010010	1.21057E+01
6.45499E+00	1000010010	2.55095E+00	1000010010	2.55529E+00
9.16184E+00	1000010010	1.66693E+02	1000010010	1.67586E+02
2.23339E+00	1000010010	1.82414E+00	1000010010	1.82478E+00
2.06260E+00	1000010010	1.23069E+00	1000010010	1.23087E+00
4.97023E+00	1000010010	2.51846E+02	1000010010	2.52472E+02
3.79444E+00	1000010010	1.63750E+02	1000010010	1.64114E+02
2.04066E+00	1000010010	1.78551E+00	1000010010	1.78606E+00
3.34954E+00	1000010010	4.05776E+01	1000010010	4.06896E+01
5.05474E+00	1000010010	1.19168E+02	1000010010	1.19560E+02
7.91880E-01	1000010010	8.75356E+01	1000010010	8.75847E+01
1.09300E-02	1000010010	3.53415E+00	1000010010	3.53416E+00
2.18762E+00	1000010010	1.62769E+00	1000010010	1.62814E+00
2.45233E+00	1000010010	7.27559E+01	1000010010	7.28883E+01
5.44175E+00	1000010010	4.17093E+00	1000010010	4.18113E+00
7.75897E+00	1000010010	7.05467E+02	1000010010	7.07200E+02
6.40566E+00	1000010010	4.88647E+01	1000010010	4.91168E+01
6.71755E+00	1000010010	4.33293E+02	1000010010	4.34451E+02
9.15443E+00	1000010010	8.96428E+01	1000010010	9.02246E+01
5.39944E+00	1000010010	2.18303E+00	1000010010	2.18551E+00
4.00724E+00	1000010010	6.12247E+02	1000010010	6.13077E+02
1.09228E+00	1000010010	2.82788E+01	1000010010	2.83048E+01
5.90214E+00	1000010010	2.89375E+01	1000010010	2.90824E+01
2.68384E+00	1000010010	1.52707E+00	1000010010	1.52753E+00
4.60066E+00	1000010010	6.94118E+01	1000010010	6.96518E+01
3.09063E+00	1000010010	6.76157E+02	1000010010	6.76830E+02
1.10546E+00	1000010010	3.11314E+02	1000010010	3.11472E+02
4.77420E+00	1000010010	2.71267E+02	1000010010	2.71895E+02
8.63859E+00	1000010010	8.04696E+02	1000010010	8.06760E+02
9.46260E+00	1000010010	1.41865E+02	1000010010	1.42694E+02
7.92360E+00	1000010010	6.79958E+02	1000010010	6.81694E+02
9.81901E+00	1000010010	1.52043E+00	1000010010	1.52209E+00
4.98561E+00	1000010010	1.16312E+02	1000010010	1.16692E+02
5.78903E+00	1000010010	2.99187E+02	1000010010	2.99994E+02
1.68941E+00	1000010010	5.83480E+02	1000010010	5.83820E+02
1.49021E+00	1000010010	1.73804E+00	1000010010	1.73841E+00
4.35452E+00	1000010010	1.28943E+01	1000010010	1.29388E+01
9.71315E+00	1000010010	3.14294E+00	1000010010	3.15337E+00
1.49129E+00	1000010010	1.33531E+01	1000010010	1.33690E+01
5.74743E+00	1000010010	1.73891E+02	1000010010	1.74465E+02
1.55030E+00	1000010010	4.89794E+01	1000010010	4.90402E+01
8.02241E+00	1000010010	2.33045E+01	1000010010	2.34640E+01
3.92282E+00	1000010010	7.02206E+01	1000010010	7.04270E+01
1.74043E+00	1000010010	3.21295E+01	1000010010	3.21765E+01
2.81974E-01	1000010010	3.75389E+02	1000010010	3.75434E+02
3.63230E+00	1000010010	9.38082E+01	1000010010	9.40456E+01
1.92412E+00	1000010010	2.70026E+01	1000010010	2.70465E+01
9.25814E+00	1000010010	1.48130E+01	1000010010	1.49255E+01
5.90161E+00	1000010010	4.65415E+02	1000010010	4.66471E+02
4.61008E+00	1000010010	1.42404E+02	1000010010	1.42808E+02
7.56397E+00	1000010010	1.42094E+02	1000010010	1.42757E+02
8.75412E-01	1000010010	3.17556E+02	1000010010	3.17682E+02
2.07710E+00	1000010010	1.21847E+02	1000010010	1.22010E+02
5.91886E-01	1000010010	1.17113E+00	1000010010	1.17117E+00
9.23859E+00	1000010010	1.57870E+01	1000010010	1.59078E+01
7.92014E+00	1000010010	6.45527E+02	1000010010	6.47216E+02
4.17807E-01	1000010010	2.05734E+02	1000010010	2.05780E+02
5.13732E+00	1000010010	1.89139E+00	1000010010	1.89301E+00
6.35116E+00	1000010010	2.66428E+01	1000010010	2.67869E+01
3.59623E+00	1000010010	3.30013E+01	1000010010	3.31010E+01
8.06580E+00	1000010010	1.04363E+02	1000010010	1.04935E+02
3.64707E+00	1000010010	6.05600E+01	1000010010	6.07307E+01
1.86606E+00	1000010010	7.72938E+00	1000010010	7.73898E+00
9.41777E+00	1000010010	2.68513E+00	1000010010	2.69229E+00
7.63358E+00	1000010010	9.23103E+01	1000010010	9.28051E+01
8.47862E+00	1000010010	7.42300E+02	1000010010	7.44242E+02
3.54647E+00	1000010010	1.54810E+01	1000010010	1.55259E+01
1.83267E+00	1000010010	3.75107E+02	1000010010	3.75398E+02
7.91029E+00	1000010010	1.28338E+02	1000010010	1.28985E+02
1.60782E+00	1000010010	5.71378E+00	1000010010	5.71897E+00
4.55821E+00	1000010010	5.35690E+00	1000010010	5.37018E+00
8.92026E+00	1000010010	1.18900E+01	1000010010	1.19730E+01
4.93677E+00	1000010010	2.09872E+02	1000010010	2.10427E+02
1.89645E-01	1000010010	2.08682E+02	1000010010	2.08703E+02
4.42745E+00	1000010010	1.31066E+01	1000010010	1.31528E+01
1.07669E+00	1000010010	1.98483E+02	1000010010	1.98599E+02
8.87577E+00	1000010010	9.18502E+01	1000010010	9.24242E+01
3.56854E+00	1000010010	9.20381E+00	1000010010	9.22738E+00
2.17759E+00	1000010010	4.35912E+00	1000010010	4.36352E+00
1.50655E+00	1000010010	3.51175E+01	1000010010	3.51616E+01
5.80961E-01	1000010010	8.84800E+01	1000010010	8.85163E+01
2.33435E+00	1000010010	4.44312E+02	1000010010	4.44719E+02
7.51299E+00	1000010010	8.62484E+00	1000010010	8.67044E+00
6.84872E+00	1000010010	1.47220E+01	1000010010	1.48043E+01
6.06842E-01	1000010010	5.16087E+01	1000010010	5.16335E+01
1.12753E+00	1000010010	9.50198E+02	1000010010	9.50489E+02
8.19589E+00	1000010010	1.42656E+01	1000010010	1.43607E+01
2.28303E+00	1000010010	1.23808E+00	1000010010	1.23828E+00
4.30851E+00	1000010010	5.39065E+02	1000010010	5.39899E+02
2.13640E+00	1000010010	3.68228E+02	1000010010	3.68564E+02
2.38442E+00	1000010010	2.76690E+01	1000010010	2.77248E+01
7.07220E+00	1000010010	3.49576E+01	1000010010	3.51652E+01
2.36754E+00	1000010010	5.82183E+01	1000010010	5.83255E+01
5.12559E+00	1000010010	4.13319E+02	1000010010	4.14179E+02
8.76889E+00	1000010010	3.12459E+02	1000010010	3.13717E+02
4.28073E-01	1000010010	2.36440E+00	1000010010	2.36464E+00
5.31114E+00	1000010010	3.69702E+00	1000010010	3.70492E+00
7.10211E+00	1000010010	2.13250E+02	1000010010	2.14058E+02
8.31625E-01	1000010010	2.37255E+01	1000010010	2.37422E+01
5.54237E+00	1000010010	4.79195E+01	1000010010	4.81338E+01
4.32933E+00	1000010010	8.76935E+01	1000010010	8.79630E+01
2.65952E-01	1000010010	7.23031E+00	1000010010	7.23155E+00
4.04215E-01	1000010010	1.10895E+02	1000010010	1.10925E+02
2.53189E+00	1000010010	1.03402E+00	1000010010	1.03413E+00
6.15901E+00	1000010010	3.73181E+01	1000010010	3.75098E+01
1.37046E-01	1000010010	1.62891E+00	1000010010	1.62894E+00
5.01247E+00	1000010010	3.62790E+02	1000010010	3.63571E+02
1.51473E+00	1000010010	3.38112E+00	1000010010	3.38299E+00
4.35278E+00	1000010010	1.53492E+01	1000010010	1.54039E+01
5.15123E+00	1000010010	2.58812E+02	1000010010	2.59471E+02
5.80024E-01	1000010010	2.45587E+01	1000010010	2.45707E+01
3.89362E+00	1000010010	1.17138E+02	1000010010	1.17436E+02
6.36689E+00	1000010010	1.55918E+02	1000010010	1.56511E+02
9.72353E+00	1000010010	2.62896E+00	1000010010	2.63601E+00
3.71078E-01	1000010010	5.29303E+00	1000010010	5.29408E+00
1.08121E+00	1000010010	2.55562E+02	1000010010	2.55699E+02
2.17907E+00	1000010010	1.84539E+00	1000010010	1.84603E+00
3.99177E+00	1000010010	1.33990E+00	1000010010	1.34035E+00
6.74885E+00	1000010010	1.43657E+01	1000010010	1.44445E+01
1.15620E+00	1000010010	4.96874E+01	1000010010	4.97333E+01
4.79186E+00	1000010010	3.25742E+01	1000010010	3.27057E+01
9.93390E+00	1000010010	1.51092E+00	1000010010	1.51257E+00
2.71103E+00	1000010010	1.05851E+01	1000010010	1.06067E+01
6.78003E+00	1000010010	1.21179E+00	1000010010	1.21234E+00
3.61737E+00	1000010010	8.66858E+01	1000010010	8.69089E+01
5.29915E+00	1000010010	1.84588E+00	1000010010	1.84744E+00
9.24951E+00	1000010010	3.22735E+01	1000010010	3.25264E+01
3.82060E+00	1000010010	2.85572E+00	1000010010	2.85903E+00
2.03838E+00	1000010010	6.33575E+02	1000010010	6.34004E+02
9.64878E+00	1000010010	1.90908E+02	1000010010	1.91934E+02
6.26165E+00	1000010010	4.77188E+01	1000010010	4.79602E+01
3.63923E+00	1000010010	1.03462E+02	1000010010	1.03718E+02
7.42790E+00	1000010010	2.97035E+01	1000010010	2.98909E+01
8.71557E-01	1000010010	1.59879E+01	1000010010	1.59993E+01
5.99874E-01	1000010010	1.23723E+02	1000010010	1.23771E+02
1.67409E+00	1000010010	1.90489E+01	1000010010	1.90755E+01
6.38585E+00	1000010010	5.59732E+01	1000010010	5.62543E+01
4.64031E+00	1000010010	2.20532E+00	1000010010	2.20751E+00
4.93157E-01	1000010010	3.01463E+00	1000010010	3.01510E+00
9.21296E+00	1000010010	7.43528E+00	1000010010	7.48061E+00
2.47959E+00	1000010010	2.13818E+01	1000010010	2.14265E+01
9.92131E+00	1000010010	2.98189E+02	1000010010	2.99573E+02
2.63904E+00	1000010010	8.75272E+01	1000010010	8.76910E+01
6.81649E+00	1000010010	7.59921E+00	1000010010	7.63369E+00
3.30338E+00	1000010010	1.55693E+00	1000010010	1.55753E+00
1.11864E-01	1000010010	1.65233E+00	1000010010	1.65235E+00
2.36693E+00	1000010010	1.19785E+02	1000010010	1.19969E+02
7.16369E+00	1000010010	8.26838E+02	1000010010	8.28570E+02
1.49840E+00	1000010010	6.65255E+02	1000010010	6.65579E+02
7.67873E+00	1000010010	1.74685E+02	1000010010	1.75456E+02
8.87124E+00	1000010010	1.11305E+01	1000010010	1.12064E+01
7.84791E+00	1000010010	3.12477E+02	1000010010	3.13602E+02
4.70199E+00	1000010010	5.26869E+02	1000010010	5.27768E+02
3.18368E+00	1000010010	7.22176E+01	1000010010	7.23886E+01
2.16995E+00	1000010010	5.05750E+02	1000010010	5.06156E+02
1.98858E+00	1000010010	5.96041E+02	1000010010	5.96446E+02
8.36490E+00	1000010010	6.97767E+00	1000010010	7.01500E+00
4.28763E+00	1000010010	1.03796E+00	1000010010	1.03816E+00
3.09346E+00	1000010010	9.65008E+01	1000010010	9.67071E+01
4.35524E+00	1000010010	1.68356E+02	1000010010	1.68782E+02
9.75759E+00	1000010010	6.54610E+02	1000010010	6.56708E+02
5.48421E+00	1000010010	7.65252E+01	1000010010	7.68338E+01
9.30485E+00	1000010010	3.96538E+02	1000010010	3.98067E+02
5.28177E+00	1000010010	2.05226E+01	1000010010	2.06142E+01
3.37088E+00	1000010010	1.65671E+02	1000010010	1.65997E+02
9.22443E+00	1000010010	2.77868E+00	1000010010	2.78626E+00
5.26085E+00	1000010010	4.62528E+01	1000010010	4.64501E+01
8.84790E+00	1000010010	4.62719E+00	1000010010	4.64734E+00
9.91841E+00	1000010010	1.97202E+01	1000010010	1.98861E+01
9.41373E+00	1000010010	2.11071E+00	1000010010	2.11471E+00
2.85945E-01	1000010010	1.09508E+02	1000010010	1.09529E+02
8.04226E-01	1000010010	2.97201E+02	1000010010	2.97312E+02
4.58930E+00	1000010010	1.18022E+02	1000010010	1.18375E+02
9.11945E+00	1000010010	2.83901E+02	1000010010	2.85138E+02
5.79848E+00	1000010010	1.43294E+02	1000010010	1.43805E+02
6.67309E+00	1000010010	5.11082E+02	1000010010	5.12340E+02
3.19070E+00	1000010010	6.84500E+00	1000010010	6.85873E+00
9.23387E+00	1000010010	5.09497E+01	1000010010	5.13271E+01
3.72051E+00	1000010010	9.72702E+00	1000010010	9.75350E+00
3.14013E+00	1000010010	2.97534E+02	1000010010	2.97969E+02
4.36609E-01	1000010010	6.93080E+01	1000010010	6.93306E+01
3.14886E+00	1000010010	6.18125E+01	1000010010	6.19622E+01
3.84446E+00	1000010010	1.19262E+01	1000010010	1.19619E+01
2.56130E+00	1000010010	2.56377E+02	1000010010	2.56702E+02
7.33322E+00	1000010010	1.96544E+01	1000010010	1.97762E+01
3.86921E+00	1000010010	9.89974E+01	1000010010	9.92605E+01
7.51765E+00	1000010010	5.76744E+01	1000010010	5.80140E+01
6.82169E+00	1000010010	1.05750E+02	1000010010	1.06238E+02
7.32072E+00	1000010010	3.28094E+01	1000010010	3.30122E+01
4.18973E+00	1000010010	2.28891E+01	1000010010	2.29704E+01
8.80566E+00	1000010010	8.40010E+01	1000010010	8.45341E+01
4.21421E+00	1000010010	2.44464E+00	1000010010	2.44720E+00
8.11446E+00	1000010010	1.88617E+02	1000010010	1.89472E+02
4.92124E+00	1000010010	1.44074E+01	1000010010	1.44649E+01
7.55045E+00	1000010010	1.57134E+02	1000010010	1.57842E+02
8.21890E+00	1000010010	1.57857E+01	1000010010	1.58930E+01
6.61651E+00	1000010010	2.03235E+02	1000010010	2.03966E+02
1.68526E+00	1000010010	1.25891E+02	1000010010	1.26026E+02
5.01446E+00	1000010010	1.80416E+00	1000010010	1.80555E+00
3.38902E+00	1000010010	3.53554E+00	1000010010	3.54014E+00
3.96189E+00	1000010010	1.58353E+00	1000010010	1.58428E+00
2.16646E+00	1000010010	1.57174E+02	1000010010	1.57377E+02
4.96441E+00	1000010010	4.94160E+01	1000010010	4.96129E+01
1.14765E+00	1000010010	1.73912E+00	1000010010	1.73941E+00
6.50301E+00	1000010010	2.81395E+02	1000010010	2.82271E+02
1.53333E-01	1000010010	3.16122E+02	1000010010	3.16144E+02
4.08517E+00	1000010010	1.20515E+02	1000010010	1.20835E+02
9.88677E+00	1000010010	4.38019E+02	1000010010	4.39736E+02
1.31446E+00	1000010010	6.50183E+02	1000010010	6.50463E+02
1.85832E+00	1000010010	1.20606E+00	1000010010	1.20621E+00
5.09658E+00	1000010010	8.18928E+01	1000010010	8.21945E+01
7.08552E+00	1000010010	2.85756E+00	1000010010	2.86374E+00
3.09404E+00	1000010010	6.27173E+02	1000010010	6.27822E+02
2.01533E+00	1000010010	7.48264E+01	1000010010	7.49374E+01
8.16056E+00	1000010010	3.08602E+02	1000010010	3.09763E+02
5.57975E+00	1000010010	8.81681E+01	1000010010	8.85172E+01
1.98191E+00	1000010010	3.27942E+02	1000010010	3.28233E+02
7.92265E+00	1000010010	1.31286E+01	1000010010	1.32119E+01
6.27161E+00	1000010010	2.45667E+01	1000010010	2.46978E+01
6.84319E+00	1000010010	8.03293E+01	1000010010	8.07293E+01
3.00065E-01	1000010010	3.18167E+02	1000010010	3.18210E+02
7.72478E+00	1000010010	7.92253E+02	1000010010	7.94083E+02
8.62323E+00	1000010010	1.81073E+02	1000010010	1.81960E+02
2.71814E-01	1000010010	3.24659E+01	1000010010	3.24733E+01
8.35302E+00	1000010010	7.48816E+02	1000010010	7.50739E+02
7.47633E+00	1000010010	1.54401E+00	1000010010	1.54533E+00
6.44666E+00	1000010010	1.85585E+02	1000010010	1.86257E+02
1.06924E+00	1000010010	2.29254E+02	1000010010	2.29380E+02
5.43425E-01	1000010010	6.38229E+01	1000010010	6.38493E+01
8.47816E-01	1000010010	3.77433E+02	1000010010	3.77568E+02
2.67412E+00	1000010010	1.99792E+01	1000010010	2.00242E+01
6.08617E+00	1000010010	1.65217E+01	1000010010	1.66051E+01
4.75803E+00	1000010010	1.41309E+01	1000010010	1.41852E+01
4.42668E+00	1000010010	5.37189E+02	1000010010	5.38045E+02
4.12829E-02	1000010010	3.28418E+02	1000010010	3.28425E+02
7.09391E+00	1000010010	6.43123E+00	1000010010	6.45912E+00
9.74931E+00	1000010010	6.46134E+02	1000010010	6.48217E+02
6.74756E+00	1000010010	3.92314E+02	1000010010	3.93414E+02
6.53263E+00	1000010010	6.47587E+01	1000010010	6.50821E+01
4.58797E+00	1000010010	4.06251E+00	1000010010	4.07069E+00
9.52038E+00	1000010010	6.20365E+02	1000010010	6.22356E+02
6.07420E+00	1000010010	1.29235E+00	1000010010	1.29295E+00
9.02196E+00	1000010010	6.01321E+00	1000010010	6.04520E+00
9.67479E+00	1000010010	7.96131E+00	1000010010	8.01389E+00
4.13153E+00	1000010010	2.95339E+00	1000010010	2.95725E+00
2.77672E+00	1000010010	3.10773E+02	1000010010	3.11168E+02
8.25010E+00	1000010010	2.54481E+00	1000010010	2.55034E+00
1.44760E+00	1000010010	9.98202E+02	1000010010	9.98586E+02
4.57600E+00	1000010010	6.06310E+01	1000010010	6.08455E+01
2.51798E+00	1000010010	5.02930E+02	1000010010	5.03400E+02
3.08922E+00	1000010010	3.60834E+02	1000010010	3.61313E+02
8.48138E+00	1000010010	1.64481E+00	1000010010	1.64662E+00
6.60393E+00	1000010010	4.28330E+02	1000010010	4.29460E+02
8.68288E+00	1000010010	3.30958E+00	1000010010	3.31998E+00
8.18296E+00	1000010010	5.58027E+00	1000010010	5.60592E+00
6.54352E+00	1000010010	1.35274E+01	1000010010	1.35985E+01
7.75743E+00	1000010010	1.83343E+01	1000010010	1.84539E+01
5.65308E+00	1000010010	5.14096E+00	1000010010	5.15634E+00
5.69848E+00	1000010010	2.83887E+01	1000010010	2.85260E+01
3.52691E+00	1000010010	1.14117E+00	1000010010	1.14140E+00
8.61449E-02	1000010010	3.01943E+02	1000010010	3.01955E+02
5.66698E-01	1000010010	2.81735E+00	1000010010	2.81782E+00
4.09487E-01	1000010010	1.57363E+01	1000010010	1.57416E+01
2.58289E+00	1000010010	2.84954E+00	1000010010	2.85176E+00
5.32819E+00	1000010010	1.37645E+02	1000010010	1.38101E+02
4.40581E+00	1000010010	5.91891E+00	1000010010	5.93404E+00
6.78796E+00	1000010010	3.97805E+02	1000010010	3.98921E+02
3.10124E+00	1000010010	1.14994E+00	1000010010	1.15014E+00
9.63856E+00	1000010010	1.41626E+02	1000010010	1.42470E+02
7.68211E+00	1000010010	1.66947E+01	1000010010	1.68015E+01
1.32703E+00	1000010010	1.26203E+01	1000010010	1.26335E+01
7.85766E+00	1000010010	5.52309E+02	1000010010	5.53855E+02
7.83665E+00	1000010010	3.93944E+01	1000010010	3.96508E+01
7.20713E+00	1000010010	1.53870E+00	1000010010	1.53996E+00
8.36352E+00	1000010010	3.36431E+00	1000010010	3.37465E+00
9.92528E+00	1000010010	2.00903E+02	1000010010	2.01994E+02
9.97705E+00	1000010010	1.19869E+01	1000010010	1.20808E+01
4.81746E+00	1000010010	1.69741E+01	1000010010	1.70421E+01
9.91723E-01	1000010010	1.92973E+00	1000010010	1.93005E+00
9.92722E+00	1000010010	8.97357E+00	1000010010	9.03747E+00
2.54442E+00	1000010010	5.01256E+01	1000010010	5.02274E+01
6.41243E+00	1000010010	3.37740E+00	1000010010	3.38537E+00
1.14831E+00	1000010010	2.33348E+00	1000010010	2.33410E+00
4.33440E+00	1000010010	3.17212E+02	1000010010	3.17837E+02
8.18378E+00	1000010010	6.50958E+01	1000010010	6.55032E+01
3.51908E+00	1000010010	1.95992E+00	1000010010	1.96114E+00
7.74649E+00	1000010010	3.38187E+01	1000010010	3.40395E+01
2.60063E+00	1000010010	7.04465E+00	1000010010	7.05632E+00
1.23335E-01	1000010010	3.92838E+02	1000010010	3.92858E+02
8.96648E+00	1000010010	1.75775E+00	1000010010	1.76008E+00
1.26661E-01	1000010010	1.83520E+01	1000010010	1.83540E+01
5.41581E+00	1000010010	1.73096E+01	1000010010	1.73877E+01
8.12849E+00	1000010010	5.08414E+02	1000010010	5.09944E+02
9.67231E+00	1000010010	6.50082E+00	1000010010	6.53966E+00
5.86636E+00	1000010010	5.28432E+01	1000010010	5.30895E+01
8.78953E+00	1000010010	1.84395E+01	1000010010	1.85761E+01
1.35222E+00	1000010010	4.36554E+01	1000010010	4.37035E+01
5.95710E+00	1000010010	2.18317E+01	1000010010	2.19421E+01
7.90070E+00	1000010010	1.37830E+02	1000010010	1.38509E+02
5.95404E+00	1000010010	2.79120E+00	1000010010	2.79612E+00
2.79971E+00	1000010010	1.91960E+01	1000010010	1.92410E+01
7.85715E+00	1000010010	1.65214E+01	1000010010	1.66294E+01
7.52283E+00	1000010010	1.86708E+02	1000010010	1.87496E+02
2.62177E+00	1000010010	1.73849E+00	1000010010	1.73914E+00
2.78665E+00	1000010010	4.97226E+00	1000010010	4.97939E+00
1.72264E+00	1000010010	6.44963E+02	1000010010	6.45330E+02
3.22979E+00	1000010010	1.42956E+02	1000010010	1.43240E+02
2.19306E+00	1000010010	3.62055E+01	1000010010	3.62716E+01
5.93987E-01	1000010010	1.07790E+01	1000010010	1.07838E+01
5.50357E+00	1000010010	3.84866E+01	1000010010	3.86625E+01
4.74642E+00	1000010010	3.80726E+01	1000010010	3.82227E+01
7.20749E+00	1000010010	7.30352E+00	1000010010	7.33794E+00
1.65565E+00	1000010010	8.60460E+01	1000010010	8.61474E+01
2.85015E+00	1000010010	3.90904E+01	1000010010	3.91825E+01
1.42744E-02	1000010010	7.00741E+00	1000010010	7.00747E+00
4.35264E+00	1000010010	6.76476E+00	1000010010	6.78319E+00
3.12440E+00	1000010010	5.08921E+01	1000010010	5.10188E+01
1.40182E+00	1000010010	1.62880E+02	1000010010	1.63013E+02
9.00561E+00	1000010010	5.68410E+01	1000010010	5.72437E+01
4.26604E+00	1000010010	4.78839E+00	1000010010	4.79864E+00
9.96780E+00	1000010010	2.03897E+00	1000010010	2.04285E+00
1.52200E+00	1000010010	3.91687E+02	1000010010	3.91934E+02
8.28310E+00	1000010010	1.41649E+01	1000010010	1.42602E+01
4.55433E+00	1000010010	1.24363E+02	1000010010	1.24727E+02
2.10030E+00	1000010010	1.25097E+01	1000010010	1.25303E+01
8.92347E+00	1000010010	5.27206E+01	1000010010	5.30957E+01
8.83879E+00	1000010010	1.84066E+00	1000010010	1.84326E+00
4.73527E+00	1000010010	3.47990E+01	1000010010	3.49370E+01
2.53280E+00	1000010010	2.88878E+00	1000010010	2.89103E+00
1.99965E+00	1000010010	3.51566E+01	1000010010	3.52153E+01
3.21969E+00	1000010010	3.10546E+01	1000010010	3.11388E+01
7.08569E+00	1000010010	1.72827E+01	1000010010	1.73849E+01
6.35261E+00	1000010010	4.80536E+01	1000010010	4.83001E+01
1.39934E-02	1000010010	2.45664E+01	1000010010	2.45667E+01
7.98235E+00	1000010010	9.45529E+01	1000010010	9.50796E+01
1.49464E+00	1000010010	1.37591E+02	1000010010	1.37719E+02
5.14492E+00	1000010010	6.64219E+01	1000010010	6.66813E+01
6.95314E+00	1000010010	5.75688E+02	1000010010	5.77084E+02
3.29099E+00	1000010010	2.46261E+02	1000010010	2.46669E+02
6.61170E+00	1000010010	6.32191E+02	1000010010	6.33586E+02
1.75826E+00	1000010010	2.95122E+02	1000010010	2.95365E+02
8.92230E-02	1000010010	1.07827E+00	1000010010	1.07828E+00
3.52529E+00	1000010010	1.04568E+02	1000010010	1.04817E+02
9.23162E+00	1000010010	1.81101E+02	1000010010	1.82050E+02
6.35771E+00	1000010010	1.21837E+02	1000010010	1.22339E+02
9.64015E+00	1000010010	1.53096E+00	1000010010	1.53263E+00
9.58440E+00	1000010010	1.43409E+02	1000010010	1.44255E+02
5.45486E+00	1000010010	1.08276E+02	1000010010	1.08672E+02
2.46692E+00	1000010010	1.49527E+00	1000010010	1.49566E+00
6.22537E+00	1000010010	1.03915E+00	1000010010	1.03943E+00
7.47051E+00	1000010010	2.20094E+01	1000010010	2.21492E+01
5.73951E+00	1000010010	4.66021E+02	1000010010	4.67049E+02
4.21726E+00	1000010010	2.04130E+02	1000010010	2.04596E+02
7.74032E+00	1000010010	4.16117E+00	1000010010	4.17568E+00
1.76377E+00	1000010010	8.79375E+00	1000010010	8.80465E+00
8.29506E+00	1000010010	6.44661E+02	1000010010	6.46430E+02
1.50423E+00	1000010010	3.33065E+01	1000010010	3.33484E+01
5.32358E+00	1000010010	6.53866E+02	1000010010	6.55008E+02
1.88360E+00	1000010010	2.80941E+01	1000010010	2.81388E+01
6.94160E+00	1000010010	2.02222E+02	1000010010	2.02986E+02
1.94473E-01	1000010010	6.22157E+00	1000010010	6.22229E+00
1.47626E+00	1000010010	3.77654E+01	1000010010	3.78116E+01
6.56254E+00	1000010010	1.83478E+01	1000010010	1.84490E+01
5.34144E+00	1000010010	1.09996E+01	1000010010	1.10444E+01
3.41659E+00	1000010010	3.65739E+01	1000010010	3.66779E+01
3.42096E+00	1000010010	6.95753E+00	1000010010	6.97262E+00
2.67205E-01	1000010010	8.15845E+02	1000010010	8.15909E+02
7.72117E+00	1000010010	2.83869E+00	1000010010	2.84533E+00
7.53229E+00	1000010010	5.68641E+02	1000010010	5.70145E+02
6.37768E-01	1000010010	6.73447E+00	1000010010	6.73714E+00
3.04162E+00	1000010010	4.40621E+01	1000010010	4.41712E+01
1.27486E+00	1000010010	8.93044E+01	1000010010	8.93846E+01
4.77531E+00	1000010010	1.20544E+02	1000010010	1.20917E+02
7.33413E+00	1000010010	1.48277E+01	1000010010	1.49167E+01
5.36205E+00	1000010010	2.96955E+01	1000010010	2.98304E+01
9.99168E+00	1000010010	2.55442E+00	1000010010	2.56120E+00
7.66995E+00	1000010010	3.95289E+01	1000010010	3.97806E+01
8.11923E-01	1000010010	7.25764E+02	1000010010	7.25947E+02
7.66715E-02	1000010010	5.40535E+01	1000010010	5.40567E+01
2.38178E+00	1000010010	3.52447E+01	1000010010	3.53147E+01
5.18170E+00	1000010010	4.75843E+00	1000010010	4.77076E+00
7.91836E+00	1000010010	5.79280E+02	1000010010	5.80876E+02
3.43593E+00	1000010010	4.44670E+01	1000010010	4.45913E+01
4.45269E+00	1000010010	2.26380E+00	1000010010	2.26604E+00
1.03807E+00	1000010010	2.88504E+02	1000010010	2.88645E+02
6.02454E+00	1000010010	1.82586E+02	1000010010	1.83207E+02
4.98955E+00	1000010010	2.42508E+02	1000010010	2.43122E+02
4.92068E+00	1000010010	3.52770E+00	1000010010	3.53436E+00
2.83744E+00	1000010010	2.77868E+01	1000010010	2.78535E+01
4.74600E-01	1000010010	3.94932E+00	1000010010	3.95012E+00
2.90889E+00	1000010010	9.21874E+01	1000010010	9.23750E+01
1.09912E+00	1000010010	1.36592E+00	1000010010	1.36605E+00
6.79762E+00	1000010010	1.69409E+01	1000010010	1.70368E+01
9.27923E+00	1000010010	5.86373E+01	1000010010	5.90628E+01
9.97325E+00	1000010010	1.26164E+01	1000010010	1.27164E+01
5.25993E+00	1000010010	4.98698E+01	1000010010	5.00801E+01
1.24211E+00	1000010010	1.11655E+01	1000010010	1.11760E+01
9.30501E+00	1000010010	1.26756E+02	1000010010	1.27512E+02
8.48722E+00	1000010010	7.17696E+02	1000010010	7.19609E+02
6.84696E+00	1000010010	3.41222E+02	1000010010	3.42253E+02
7.24738E+00	1000010010	6.29200E+01	1000010010	6.32709E+01
2.71155E-01	1000010010	9.34728E+01	1000010010	9.34904E+01
9.08126E+00	1000010010	2.80497E+01	1000010010	2.82670E+01
8.86510E+00	1000010010	2.29577E+01	1000010010	2.31314E+01
1.21191E+00	1000010010	3.87776E+00	1000010010	3.87973E+00
4.01846E+00	1000010010	1.23989E+01	1000010010	1.24380E+01
3.64090E+00	1000010010	1.74208E+00	1000010010	1.74299E+00
5.78690E+00	1000010010	1.63897E+00	1000010010	1.64019E+00
8.58061E+00	1000010010	1.13328E+00	1000010010	1.13382E+00
8.12587E+00	1000010010	1.21448E+00	1000010010	1.21514E+00
2.41672E+00	1000010010	1.37933E+00	1000010010	1.37963E+00
1.17665E+00	1000010010	2.10096E+01	1000010010	2.10304E+01
8.91740E+00	1000010010	2.88792E+00	1000010010	2.89589E+00
4.26489E-01	1000010010	5.72913E+00	1000010010	5.73051E+00
8.19851E+00	1000010010	2.01067E+02	1000010010	2.01968E+02
4.23126E+00	1000010010	1.52678E+01	1000010010	1.53206E+01
1.26867E-01	1000010010	1.19969E+02	1000010010	1.19979E+02
6.15311E+00	1000010010	1.88816E+01	1000010010	1.89794E+01
7.11421E+00	1000010010	1.11629E+02	1000010010	1.12157E+02
6.83206E+00	1000010010	1.61987E+02	1000010010	1.62640E+02
5.96127E+00	1000010010	9.63533E+02	1000010010	9.65088E+02
1.29506E-02	1000010010	2.17279E+00	1000010010	2.17280E+00
3.03639E+00	1000010010	1.89206E+01	1000010010	1.89688E+01
8.12079E+00	1000010010	2.85672E+00	1000010010	2.86381E+00
7.86864E+00	1000010010	3.33849E+01	1000010010	3.36065E+01
4.42960E+00	1000010010	2.77668E+00	1000010010	2.78029E+00
1.60691E+00	1000010010	1.67233E+01	1000010010	1.67455E+01
4.41859E+00	1000010010	1.14478E+01	1000010010	1.14868E+01
5.27731E+00	1000010010	5.97208E+02	1000010010	5.98287E+02
4.61327E+00	1000010010	2.37072E+00	1000010010	2.37333E+00
4.12787E+00	1000010010	2.86595E+01	1000010010	2.87597E+01
7.48725E+00	1000010010	1.15147E+02	1000010010	1.15715E+02
6.25583E+00	1000010010	7.40726E+00	1000010010	7.43773E+00
7.75194E+00	1000010010	1.16083E+01	1000010010	1.16782E+01
4.69214E+00	1000010010	1.98428E+00	1000010010	1.98596E+00
7.64012E-01	1000010010	1.32422E+01	1000010010	1.32503E+01
3.99195E+00	1000010010	1.85566E+02	1000010010	1.85981E+02
8.54009E+00	1000010010	4.63969E+02	1000010010	4.65498E+02
9.82509E+00	1000010010	1.74431E+01	1000010010	1.75869E+01
5.37846E+00	1000010010	2.65122E+01	1000010010	2.66334E+01
9.75147E+00	1000010010	1.95595E+01	1000010010	1.97212E+01
5.17105E+00	1000010010	1.42218E+01	1000010010	1.42814E+01
5.77338E+00	1000010010	1.88621E+01	1000010010	1.89537E+01
3.97371E+00	1000010010	1.70968E+01	1000010010	1.71533E+01
2.39962E+00	1000010010	1.17899E+00	1000010010	1.17916E+00
3.85681E+00	1000010010	4.03981E+00	1000010010	4.04660E+00
5.56303E+00	1000010010	1.31469E+01	1000010010	1.32052E+01
6.17649E-01	1000010010	1.89096E+02	1000010010	1.89161E+02
8.25333E+00	1000010010	2.86714E+02	1000010010	2.87838E+02
9.50801E+00	1000010010	2.41456E+00	1000010010	2.42020E+00
4.29847E-01	1000010010	1.09502E+00	1000010010	1.09505E+00
2.83928E+00	1000010010	2.15985E+02	1000010010	2.16310E+02
8.09384E+00	1000010010	1.68658E+00	1000010010	1.68844E+00
1.01012E+00	1000010010	8.06909E+00	1000010010	8.07461E+00
7.07499E+00	1000010010	1.23792E+01	1000010010	1.24482E+01
9.10827E-01	1000010010	1.73430E+02	1000010010	1.73520E+02
6.84956E+00	1000010010	6.82427E+02	1000010010	6.83930E+02
6.48910E+00	1000010010	1.94606E+00	1000010010	1.94828E+00
8.20717E+00	1000010010	3.91379E+00	1000010010	3.92748E+00
3.42319E+00	1000010010	4.58987E+02	1000010010	4.59594E+02
1.57437E-01	1000010010	4.84171E+00	1000010010	4.84210E+00
3.13312E+00	1000010010	4.79523E+00	1000010010	4.80276E+00
9.03486E+00	1000010010	4.30878E+00	1000010010	4.32686E+00
1.75937E+00	1000010010	1.90945E+01	1000010010	1.91227E+01
9.05842E+00	1000010010	6.32292E+00	1000010010	6.35770E+00
7.60785E+00	1000010010	3.45382E+00	1000010010	3.46373E+00
6.01100E+00	1000010010	4.68256E+02	1000010010	4.69335E+02
8.88660E+00	1000010010	2.01414E+00	1000010010	2.01748E+00
3.83590E+00	1000010010	9.54902E+01	1000010010	9.57443E+01
2.40046E+00	1000010010	6.11602E+02	1000010010	6.12099E+02
9.64212E+00	1000010010	1.42040E+00	1000010010	1.42172E+00
4.25312E+00	1000010010	4.76789E+01	1000010010	4.78424E+01
6.20301E+00	1000010010	3.02413E+00	1000010010	3.03024E+00
1.38454E+00	1000010010	3.53592E+00	1000010010	3.53779E+00
4.85911E+00	1000010010	2.59867E+01	1000010010	2.60940E+01
6.20221E+00	1000010010	1.24399E+00	1000010010	1.24454E+00
8.17373E+00	1000010010	2.50841E+02	1000010010	2.51870E+02
6.71538E+00	1000010010	3.06329E+00	1000010010	3.07009E+00
5.85284E+00	1000010010	2.60961E+02	1000010010	2.61713E+02
4.07912E+00	1000010010	2.66714E+01	1000010010	2.67637E+01
1.57734E+00	1000010010	9.48729E+01	1000010010	9.49766E+01
4.35605E+00	1000010010	2.06795E+00	1000010010	2.06969E+00
3.64367E+00	1000010010	1.98918E+00	1000010010	1.99049E+00
3.04760E+00	1000010010	7.63410E+01	1000010010	7.65118E+01
6.64228E+00	1000010010	8.26691E+02	1000010010	8.28297E+02
4.24854E+00	1000010010	1.47757E+01	1000010010	1.48268E+01
5.44286E-01	1000010010	1.58666E+00	1000010010	1.58676E+00
6.33031E+00	1000010010	1.27821E+02	1000010010	1.28337E+02
9.91417E+00	1000010010	9.18154E+00	1000010010	9.24743E+00
7.50633E+00	1000010010	7.79186E+00	1000010010	7.83127E+00
6.62149E+00	1000010010	1.68898E+02	1000010010	1.69548E+02
5.13891E+00	1000010010	2.12880E+01	1000010010	2.13806E+01
8.94018E+00	1000010010	9.28020E+01	1000010010	9.33844E+01
4.93510E+00	1000010010	1.42962E+01	1000010010	1.43533E+01
8.64454E+00	1000010010	5.41497E+00	1000010010	5.44077E+00
9.86029E+00	1000010010	1.67163E+02	1000010010	1.68126E+02
5.59214E+00	1000010010	6.71218E+02	1000010010	6.72434E+02
8.27875E+00	1000010010	2.92721E+00	1000010010	2.93484E+00
6.65253E+00	1000010010	3.00826E+01	1000010010	3.02523E+01
1.07286E+00	1000010010	6.55545E+02	1000010010	6.55775E+02
2.65793E+00	1000010010	5.37745E+02	1000010010	5.38258E+02
1.58820E+00	1000010010	1.34696E+02	1000010010	1.34829E+02
5.63588E+00	1000010010	1.03654E+01	1000010010	1.04092E+01
1.02812E+00	1000010010	5.82656E+00	1000010010	5.82999E+00
1.19591E+00	1000010010	1.85572E+01	1000010010	1.85757E+01
1.51147E+00	1000010010	2.71538E+02	1000010010	2.71737E+02
1.31166E+00	1000010010	2.03319E+00	1000010010	2.03369E+00
8.25456E+00	1000010010	2.50080E+00	1000010010	2.50612E+00
6.34427E+00	1000010010	2.48655E+01	1000010010	2.49998E+01
8.32785E+00	1000010010	2.38419E+02	1000010010	2.39435E+02
1.89978E+00	1000010010	2.66458E+02	1000010010	2.66705E+02
9.46069E+00	1000010010	9.85993E+00	1000010010	9.92908E+00
1.70116E+00	1000010010	1.89347E+02	1000010010	1.89525E+02
6.09788E+00	1000010010	4.57908E+01	1000010010	4.60178E+01
8.61990E+00	1000010010	3.23465E+00	1000010010	3.24448E+00
1.75602E+00	1000010010	8.92341E+01	1000010010	8.93446E+01
8.11173E+00	1000010010	1.01362E+00	1000010010	1.01396E+00
8.58805E+00	1000010010	4.37822E+00	1000010010	4.39589E+00
8.22560E+00	1000010010	7.24503E+02	1000010010	7.26365E+02
3.36986E+00	1000010010	4.70250E+02	1000010010	4.70856E+02
9.78162E+00	1000010010	1.60529E+01	1000010010	1.61833E+01
8.28110E+00	1000010010	6.11499E+01	1000010010	6.15422E+01
5.45266E+00	1000010010	2.15996E+01	1000010010	2.16995E+01
5.42824E+00	1000010010	2.59272E+00	1000010010	2.59651E+00
2.35643E+00	1000010010	3.63566E+00	1000010010	3.63904E+00
4.59733E+00	1000010010	2.51600E+00	1000010010	2.51898E+00
3.30321E+00	1000010010	8.53572E+02	1000010010	8.54382E+02
6.82137E+00	1000010010	3.76340E+00	1000010010	3.77393E+00
7.59725E+00	1000010010	6.02346E+01	1000010010	6.05900E+01
4.66533E+00	1000010010	5.18639E+00	1000010010	5.19926E+00
4.12601E+00	1000010010	5.06753E+01	1000010010	5.08422E+01
5.38385E+00	1000010010	8.38596E+01	1000010010	8.41841E+01
1.44023E+00	1000010010	5.93384E+01	1000010010	5.94045E+01
8.26206E+00	1000010010	7.59223E+00	1000010010	7.63406E+00
5.31885E+00	1000010010	2.44970E+01	1000010010	2.46078E+01
4.27640E+00	1000010010	1.17493E+00	1000010010	1.17523E+00
2.16570E-01	1000010010	1.18880E+00	1000010010	1.18881E+00
4.61493E-02	1000010010	2.33434E+00	1000010010	2.33437E+00
8.54820E+00	1000010010	5.08258E+02	1000010010	5.09866E+02
5.43761E+00	1000010010	2.38065E+01	1000010010	2.39165E+01
3.87697E+00	1000010010	1.02336E+01	1000010010	1.02632E+01
