#	D	ID	E	ID0	E0
#
# D             Trajectory length [1 Mpc]
# ID/ID0/ID1    Particle type (PDG MC numbering scheme)
# E/E0/E1       Energy [1 EeV]
# no index = current, 0 = at source, 1 = at point of creation
#
# CRPropa version: -128-NOTFOUND
#
2.34211E+03	1000260560	7.54021E+20	1000260560	7.54021E+20
4.65965E+02	1000260560	8.27031E+19	1000260560	8.27031E+19
2.05441E+03	1000260560	1.23152E+19	1000260560	1.23152E+19
2.59803E+03	1000260560	8.70306E+19	1000260560	8.70306E+19
2.15738E+03	1000260560	2.27966E+21	1000260560	2.27966E+21
3.06713E+03	1000260560	5.31814E+20	1000260560	5.31814E+20
5.33360E+03	1000260560	5.81639E+21	1000260560	5.81639E+21
5.88037E+02	1000260560	1.51766E+20	1000260560	1.51766E+20
8.20277E+03	1000260560	1.67227E+21	1000260560	1.67227E+21
4.47640E+02	1000260560	1.39148E+20	1000260560	1.39148E+20
8.20080E+03	1000260560	8.64387E+19	1000260560	8.64387E+19
9.15718E+03	1000260560	2.70064E+21	1000260560	2.70064E+21
2.55288E+03	1000260560	5.94168E+21	1000260560	5.94168E+21
2.74054E+02	1000260560	8.19702E+19	1000260560	8.19702E+19
4.54694E+03	1000260560	2.12671E+19	1000260560	2.12671E+19
9.56461E+03	1000260560	4.70768E+19	1000260560	4.70768E+19
1.59094E+02	1000260560	1.61304E+21	1000260560	1.61304E+21
2.34860E+03	1000260560	5.31343E+21	1000260560	5.31343E+21
7.60438E+02	1000260560	5.95626E+20	1000260560	5.95626E+20
1.29284E+03	1000260560	1.84283E+20	1000260560	1.84283E+20
2.75169E+03	1000260560	1.39547E+19	1000260560	1.39547E+19
1.74291E+03	1000260560	1.43907E+19	1000260560	1.43907E+19
4.27267E+03	1000260560	3.79021E+20	1000260560	3.79021E+20
9.61078E+02	1000260560	8.51529E+20	1000260560	8.51529E+20
2.79697E+03	1000260560	1.49432E+21	1000260560	1.49432E+21
2.93588E+03	1000260560	5.90919E+21	1000260560	5.90919E+21
8.97795E+03	1000260560	1.06632E+19	1000260560	1.06632E+19
2.31667E+03	1000260560	2.05614E+19	1000260560	2.05614E+19
5.04374E+03	1000260560	3.65442E+19	1000260560	3.65442E+19
2.85661E+02	1000260560	2.63350E+20	1000260560	2.63350E+20
2.21237E+03	1000260560	7.92966E+20	1000260560	7.92966E+20
3.08609E+03	1000260560	4.59160E+21	1000260560	4.59160E+21
5.88980E+03	1000260560	8.99907E+19	1000260560	8.99907E+19
7.05405E+03	1000260560	3.53078E+21	1000260560	3.53078E+21
2.27463E+03	1000260560	3.14299E+20	1000260560	3.14299E+20
4.95838E+03	1000260560	6.10958E+19	1000260560	6.10958E+19
2.73623E+03	1000260560	7.81538E+18	1000260560	7.81538E+18
9.93425E+03	1000260560	3.98232E+19	1000260560	3.98232E+19
6.30971E+03	1000260560	1.89135E+21	1000260560	1.89135E+21
3.37963E+03	1000260560	2.80204E+21	1000260560	2.80204E+21
4.12228E+03	1000260560	2.11884E+20	1000260560	2.11884E+20
1.90231E+03	1000260560	1.00163E+21	1000260560	1.00163E+21
5.82009E+03	1000260560	6.18275E+19	1000260560	6.18275E+19
1.40430E+03	1000260560	2.02686E+20	1000260560	2.02686E+20
7.32894E+03	1000260560	8.75698E+20	1000260560	8.75698E+20
6.94943E+03	1000260560	2.27698E+21	1000260560	2.27698E+21
1.43768E+03	1000260560	1.30078E+19	1000260560	1.30078E+19
6.41933E+02	1000260560	1.28408E+20	1000260560	1.28408E+20
5.26911E+02	1000260560	8.22290E+20	1000260560	8.22290E+20
3.44209E+03	1000260560	8.84302E+19	1000260560	8.84302E+19
1.37683E+02	1000260560	1.43588E+21	1000260560	1.43588E+21
1.39010E+03	1000260560	7.64582E+19	1000260560	7.64582E+19
5.51324E+03	1000260560	3.87954E+19	1000260560	3.87954E+19
7.86177E+02	1000260560	7.10030E+20	1000260560	7.10030E+20
4.61519E+02	1000260560	2.71478E+21	1000260560	2.71478E+21
2.55138E+03	1000260560	4.03157E+19	1000260560	4.03157E+19
2.01277E+02	1000260560	1.72212E+20	1000260560	1.72212E+20
2.13151E+02	1000260560	9.59216E+20	1000260560	9.59216E+20
2.50985E+03	1000260560	5.56972E+20	1000260560	5.56972E+20
1.77322E+03	1000260560	4.41694E+20	1000260560	4.41694E+20
6.39016E+03	1000260560	4.28096E+21	1000260560	4.28096E+21
5.08659E+02	1000260560	3.59353E+21	1000260560	3.59353E+21
1.62737E+03	1000260560	1.65506E+20	1000260560	1.65506E+20
7.37776E+03	1000260560	4.23721E+20	1000260560	4.23721E+20
1.81235E+03	1000260560	4.34191E+21	1000260560	4.34191E+21
1.58937E+03	1000260560	2.01796E+21	1000260560	2.01796E+21
8.10219E+03	1000260560	2.00719E+20	1000260560	2.00719E+20
1.38298E+03	1000260560	3.21428E+20	1000260560	3.21428E+20
1.55499E+03	1000260560	9.14108E+18	1000260560	9.14108E+18
1.91224E+03	1000260560	3.55423E+20	1000260560	3.55423E+20
5.88520E+03	1000260560	9.90178E+18	1000260560	9.90178E+18
6.34086E+03	1000260560	2.65858E+20	1000260560	2.65858E+20
2.97422E+03	1000260560	7.35282E+20	1000260560	7.35282E+20
3.63170E+03	1000260560	5.87304E+19	1000260560	5.87304E+19
2.50547E+03	1000260560	1.30493E+20	1000260560	1.30493E+20
2.99300E+03	1000260560	1.03208E+21	1000260560	1.03208E+21
5.88938E+02	1000260560	5.59160E+20	1000260560	5.59160E+20
6.51162E+03	1000260560	1.86543E+21	1000260560	1.86543E+21
6.24748E+02	1000260560	2.49817E+19	1000260560	2.49817E+19
4.91150E+03	1000260560	4.82702E+21	1000260560	4.82702E+21
1.83271E+03	1000260560	2.25953E+19	1000260560	2.25953E+19
4.48722E+03	1000260560	2.16678E+20	1000260560	2.16678E+20
8.52552E+03	1000260560	2.44042E+20	1000260560	2.44042E+20
2.02830E+03	1000260560	9.66267E+18	1000260560	9.66267E+18
2.77913E+03	1000260560	2.13175E+19	1000260560	2.13175E+19
4.95761E+03	1000260560	9.63232E+20	1000260560	9.63232E+20
3.17068E+03	1000260560	4.85326E+21	1000260560	4.85326E+21
1.35777E+02	1000260560	8.93806E+19	1000260560	8.93806E+19
3.64457E+03	1000260560	8.40462E+20	1000260560	8.40462E+20
4.32826E+03	1000260560	2.28503E+20	1000260560	2.28503E+20
3.01502E+03	1000260560	2.06341E+19	1000260560	2.06341E+19
1.91818E+03	1000260560	1.64724E+21	1000260560	1.64724E+21
2.12404E+03	1000260560	1.44798E+20	1000260560	1.44798E+20
4.65248E+03	1000260560	1.86456E+19	1000260560	1.86456E+19
1.52207E+02	1000260560	2.53010E+19	1000260560	2.53010E+19
1.42363E+03	1000260560	3.64115E+21	1000260560	3.64115E+21
7.02953E+03	1000260560	1.00066E+20	1000260560	1.00066E+20
6.86723E+03	1000260560	1.05510E+19	1000260560	1.05510E+19
1.55257E+03	1000260560	1.11046E+20	1000260560	1.11046E+20
2.31943E+03	1000260560	1.09109E+21	1000260560	1.09109E+21
4.63151E+02	1000260560	4.76321E+19	1000260560	4.76321E+19
1.10218E+03	1000260560	1.18806E+19	1000260560	1.18806E+19
2.03242E+03	1000260560	1.61325E+20	1000260560	1.61325E+20
5.19788E+03	1000260560	3.12413E+21	1000260560	3.12413E+21
5.12768E+02	1000260560	2.89630E+19	1000260560	2.89630E+19
1.61567E+03	1000260560	7.39500E+19	1000260560	7.39500E+19
8.46688E+03	1000260560	4.12450E+20	1000260560	4.12450E+20
4.91304E+02	1000260560	8.99399E+19	1000260560	8.99399E+19
8.89217E+03	1000260560	6.48552E+19	1000260560	6.48552E+19
3.99706E+03	1000260560	4.65274E+19	1000260560	4.65274E+19
4.83366E+03	1000260560	8.47881E+20	1000260560	8.47881E+20
8.74168E+03	1000260560	1.70500E+21	1000260560	1.70500E+21
8.01578E+03	1000260560	1.13504E+20	1000260560	1.13504E+20
4.54574E+03	1000260560	1.47524E+20	1000260560	1.47524E+20
1.77157E+03	1000260560	1.74317E+21	1000260560	1.74317E+21
7.63431E+02	1000260560	1.16286E+21	1000260560	1.16286E+21
8.59619E+02	1000260560	2.86418E+20	1000260560	2.86418E+20
2.00524E+03	1000260560	1.73895E+21	1000260560	1.73895E+21
7.46955E+02	1000260560	6.12736E+20	1000260560	6.12736E+20
6.08515E+02	1000260560	3.72402E+19	1000260560	3.72402E+19
5.74162E+03	1000260560	8.74182E+19	1000260560	8.74182E+19
1.46334E+03	1000260560	4.62406E+21	1000260560	4.62406E+21
5.61973E+03	1000260560	2.35136E+21	1000260560	2.35136E+21
1.12442E+02	1000260560	1.23967E+21	1000260560	1.23967E+21
5.43880E+03	1000260560	6.80695E+18	1000260560	6.80695E+18
9.97365E+03	1000260560	1.30054E+19	1000260560	1.30054E+19
1.38622E+03	1000260560	7.91144E+18	1000260560	7.91144E+18
1.88546E+03	1000260560	5.37023E+19	1000260560	5.37023E+19
2.72290E+03	1000260560	2.92835E+19	1000260560	2.92835E+19
1.17056E+03	1000260560	3.73888E+21	1000260560	3.73888E+21
3.69131E+02	1000260560	8.97024E+20	1000260560	8.97024E+20
2.32873E+03	1000260560	2.85683E+19	1000260560	2.85683E+19
2.71513E+03	1000260560	5.54982E+21	1000260560	5.54982E+21
5.28978E+02	1000260560	1.39834E+20	1000260560	1.39834E+20
4.12068E+03	1000260560	8.31541E+19	1000260560	8.31541E+19
2.82701E+03	1000260560	4.63696E+21	1000260560	4.63696E+21
3.56117E+02	1000260560	1.16571E+21	1000260560	1.16571E+21
5.47150E+02	1000260560	6.55387E+18	1000260560	6.55387E+18
4.07934E+03	1000260560	9.09391E+19	1000260560	9.09391E+19
1.67911E+03	1000260560	2.64242E+20	1000260560	2.64242E+20
6.22900E+03	1000260560	2.58170E+20	1000260560	2.58170E+20
7.60247E+03	1000260560	5.34365E+19	1000260560	5.34365E+19
5.77612E+02	1000260560	5.22772E+21	1000260560	5.22772E+21
5.18012E+02	1000260560	9.69122E+18	1000260560	9.69122E+18
5.47063E+03	1000260560	5.75274E+21	1000260560	5.75274E+21
2.62622E+03	1000260560	5.02843E+21	1000260560	5.02843E+21
1.29440E+03	1000260560	6.96274E+18	1000260560	6.96274E+18
7.74565E+03	1000260560	3.28959E+20	1000260560	3.28959E+20
9.23832E+02	1000260560	6.85484E+18	1000260560	6.85484E+18
6.34568E+03	1000260560	1.09556E+21	1000260560	1.09556E+21
8.71735E+03	1000260560	5.21148E+19	1000260560	5.21148E+19
4.69489E+02	1000260560	7.52260E+18	1000260560	7.52260E+18
5.50808E+03	1000260560	1.10807E+19	1000260560	1.10807E+19
9.34724E+02	1000260560	3.96937E+20	1000260560	3.96937E+20
5.77790E+02	1000260560	1.53411E+19	1000260560	1.53411E+19
5.73456E+03	1000260560	2.62833E+20	1000260560	2.62833E+20
6.02278E+02	1000260560	1.77069E+21	1000260560	1.77069E+21
1.54756E+03	1000260560	4.91635E+20	1000260560	4.91635E+20
2.62268E+03	1000260560	5.91105E+21	1000260560	5.91105E+21
3.89879E+03	1000260560	4.66880E+20	1000260560	4.66880E+20
5.16154E+03	1000260560	2.36240E+19	1000260560	2.36240E+19
5.79350E+03	1000260560	4.39298E+20	1000260560	4.39298E+20
6.39247E+02	1000260560	9.30006E+19	1000260560	9.30006E+19
1.54416E+03	1000260560	3.98744E+21	1000260560	3.98744E+21
1.40195E+03	1000260560	1.41290E+19	1000260560	1.41290E+19
2.35972E+02	1000260560	7.30777E+19	1000260560	7.30777E+19
2.93443E+03	1000260560	5.03272E+21	1000260560	5.03272E+21
5.74650E+03	1000260560	1.80174E+20	1000260560	1.80174E+20
5.42506E+03	1000260560	1.85000E+19	1000260560	1.85000E+19
6.68948E+03	1000260560	2.34161E+20	1000260560	2.34161E+20
1.25897E+03	1000260560	1.24756E+21	1000260560	1.24756E+21
6.90446E+03	1000260560	1.77564E+21	1000260560	1.77564E+21
9.40033E+03	1000260560	1.21908E+20	1000260560	1.21908E+20
3.79604E+02	1000260560	2.20321E+19	1000260560	2.20321E+19
4.07754E+02	1000260560	2.11367E+20	1000260560	2.11367E+20
5.32983E+02	1000260560	1.69702E+21	1000260560	1.69702E+21
3.49710E+03	1000260560	1.01287E+20	1000260560	1.01287E+20
4.51478E+03	1000260560	7.72833E+19	1000260560	7.72833E+19
7.82735E+03	1000260560	3.65157E+19	1000260560	3.65157E+19
5.81527E+02	1000260560	4.00446E+21	1000260560	4.00446E+21
6.14066E+03	1000260560	6.73540E+18	1000260560	6.73540E+18
1.06283E+02	1000260560	4.19516E+19	1000260560	4.19516E+19
1.16506E+03	1000260560	4.89052E+20	1000260560	4.89052E+20
4.79168E+03	1000260560	1.17067E+21	1000260560	1.17067E+21
7.11115E+02	1000260560	2.60106E+21	1000260560	2.60106E+21
2.89480E+03	1000260560	1.50240E+21	1000260560	1.50240E+21
5.87476E+03	1000260560	1.78471E+20	1000260560	1.78471E+20
1.76835E+03	1000260560	3.69440E+21	1000260560	3.69440E+21
2.42855E+03	1000260560	1.57306E+20	1000260560	1.57306E+20
2.16968E+02	1000260560	1.01333E+19	1000260560	1.01333E+19
3.79284E+03	1000260560	1.09654E+19	1000260560	1.09654E+19
5.04533E+03	1000260560	5.99030E+19	1000260560	5.99030E+19
5.58999E+03	1000260560	8.47642E+19	1000260560	8.47642E+19
8.16666E+02	1000260560	6.08358E+21	1000260560	6.08358E+21
2.69364E+03	1000260560	2.99584E+20	1000260560	2.99584E+20
8.75499E+03	1000260560	4.41598E+19	1000260560	4.41598E+19
3.72380E+02	1000260560	2.75630E+20	1000260560	2.75630E+20
3.73104E+03	1000260560	3.68524E+20	1000260560	3.68524E+20
5.62104E+03	1000260560	7.09839E+20	1000260560	7.09839E+20
4.75613E+03	1000260560	1.66039E+20	1000260560	1.66039E+20
2.84928E+03	1000260560	2.33404E+21	1000260560	2.33404E+21
1.42576E+02	1000260560	3.28350E+20	1000260560	3.28350E+20
2.09090E+03	1000260560	3.83692E+21	1000260560	3.83692E+21
4.33594E+02	1000260560	1.02049E+19	1000260560	1.02049E+19
3.34810E+03	1000260560	5.75822E+20	1000260560	5.75822E+20
8.79233E+03	1000260560	7.66034E+19	1000260560	7.66034E+19
1.66949E+03	1000260560	6.64867E+18	1000260560	6.64867E+18
2.70931E+03	1000260560	5.22227E+20	1000260560	5.22227E+20
3.18536E+03	1000260560	4.94093E+19	1000260560	4.94093E+19
6.95585E+03	1000260560	7.16865E+19	1000260560	7.16865E+19
1.78405E+03	1000260560	1.06901E+19	1000260560	1.06901E+19
1.39554E+02	1000260560	1.87980E+21	1000260560	1.87980E+21
9.88054E+03	1000260560	1.85102E+20	1000260560	1.85102E+20
1.00162E+02	1000260560	2.45912E+21	1000260560	2.45912E+21
5.27146E+03	1000260560	1.13384E+19	1000260560	1.13384E+19
9.90053E+02	1000260560	1.10580E+19	1000260560	1.10580E+19
2.91912E+03	1000260560	1.26768E+19	1000260560	1.26768E+19
2.49057E+03	1000260560	5.16084E+21	1000260560	5.16084E+21
4.23219E+03	1000260560	1.05938E+21	1000260560	1.05938E+21
2.41953E+03	1000260560	2.57981E+21	1000260560	2.57981E+21
5.16279E+03	1000260560	9.79126E+20	1000260560	9.79126E+20
1.72231E+03	1000260560	1.38616E+21	1000260560	1.38616E+21
1.43366E+03	1000260560	7.18106E+19	1000260560	7.18106E+19
1.86559E+02	1000260560	1.94772E+20	1000260560	1.94772E+20
5.04726E+03	1000260560	4.29128E+21	1000260560	4.29128E+21
3.04729E+03	1000260560	1.11696E+19	1000260560	1.11696E+19
3.11369E+03	1000260560	1.59856E+19	1000260560	1.59856E+19
9.61981E+03	1000260560	9.82393E+19	1000260560	9.82393E+19
4.81319E+03	1000260560	7.57622E+19	1000260560	7.57622E+19
1.07818E+03	1000260560	1.53529E+19	1000260560	1.53529E+19
4.81736E+03	1000260560	3.59144E+21	1000260560	3.59144E+21
5.10149E+03	1000260560	2.50780E+21	1000260560	2.50780E+21
4.13944E+03	1000260560	2.66829E+19	1000260560	2.66829E+19
1.10847E+03	1000260560	4.60779E+20	1000260560	4.60779E+20
4.06778E+03	1000260560	1.94389E+20	1000260560	1.94389E+20
5.51843E+02	1000260560	5.97379E+21	1000260560	5.97379E+21
1.06989E+03	1000260560	4.66551E+21	1000260560	4.66551E+21
8.93326E+03	1000260560	9.49168E+18	1000260560	9.49168E+18
1.47052E+03	1000260560	3.12414E+21	1000260560	3.12414E+21
7.90214E+03	1000260560	8.82231E+19	1000260560	8.82231E+19
1.21544E+03	1000260560	3.97734E+20	1000260560	3.97734E+20
3.52079E+03	1000260560	4.91460E+19	1000260560	4.91460E+19
1.63351E+03	1000260560	3.74201E+21	1000260560	3.74201E+21
6.91132E+03	1000260560	3.53848E+20	1000260560	3.53848E+20
1.87209E+03	1000260560	9.35605E+20	1000260560	9.35605E+20
1.10299E+03	1000260560	1.73027E+21	1000260560	1.73027E+21
2.93766E+03	1000260560	1.66727E+20	1000260560	1.66727E+20
2.54753E+03	1000260560	1.43270E+21	1000260560	1.43270E+21
3.88001E+03	1000260560	1.03619E+20	1000260560	1.03619E+20
8.47098E+03	1000260560	1.32284E+19	1000260560	1.32284E+19
4.29099E+03	1000260560	4.94279E+19	1000260560	4.94279E+19
6.34564E+03	1000260560	1.75764E+20	1000260560	1.75764E+20
3.78134E+03	1000260560	6.12554E+19	1000260560	6.12554E+19
1.80477E+03	1000260560	4.10079E+20	1000260560	4.10079E+20
1.06103E+03	1000260560	1.73384E+20	1000260560	1.73384E+20
7.82443E+03	1000260560	2.48813E+20	1000260560	2.48813E+20
4.29759E+02	1000260560	5.48657E+20	1000260560	5.48657E+20
1.00763E+03	1000260560	4.16023E+20	1000260560	4.16023E+20
1.42845E+02	1000260560	5.99369E+21	1000260560	5.99369E+21
8.05322E+02	1000260560	6.84192E+18	1000260560	6.84192E+18
6.96993E+03	1000260560	3.05034E+21	1000260560	3.05034E+21
7.44672E+02	1000260560	4.45762E+20	1000260560	4.45762E+20
7.42901E+03	1000260560	9.75029E+20	1000260560	9.75029E+20
1.70441E+03	1000260560	2.09757E+20	1000260560	2.09757E+20
2.74403E+03	1000260560	8.73813E+19	1000260560	8.73813E+19
6.09166E+03	1000260560	1.81883E+21	1000260560	1.81883E+21
1.28250E+03	1000260560	1.17710E+21	1000260560	1.17710E+21
2.08340E+03	1000260560	1.63599E+20	1000260560	1.63599E+20
1.17285E+03	1000260560	2.95797E+19	1000260560	2.95797E+19
9.65637E+03	1000260560	1.84608E+19	1000260560	1.84608E+19
7.55170E+02	1000260560	3.71639E+19	1000260560	3.71639E+19
6.70254E+03	1000260560	1.11571E+19	1000260560	1.11571E+19
5.50870E+03	1000260560	3.13408E+21	1000260560	3.13408E+21
2.22600E+03	1000260560	2.19126E+19	1000260560	2.19126E+19
4.94599E+03	1000260560	1.88345E+19	1000260560	1.88345E+19
6.69406E+03	1000260560	1.45097E+21	1000260560	1.45097E+21
1.19087E+03	1000260560	1.97331E+19	1000260560	1.97331E+19
6.38288E+02	1000260560	1.57464E+19	1000260560	1.57464E+19
7.25361E+03	1000260560	1.16131E+21	1000260560	1.16131E+21
4.80995E+03	1000260560	2.66611E+19	1000260560	2.66611E+19
2.27866E+02	1000260560	7.14866E+20	1000260560	7.14866E+20
1.54213E+02	1000260560	3.75497E+20	1000260560	3.75497E+20
5.20135E+03	1000260560	2.97592E+19	1000260560	2.97592E+19
8.39376E+02	1000260560	3.73608E+20	1000260560	3.73608E+20
4.04738E+03	1000260560	4.33049E+19	1000260560	4.33049E+19
7.38387E+03	1000260560	2.01245E+21	1000260560	2.01245E+21
2.90713E+03	1000260560	1.68766E+20	1000260560	1.68766E+20
4.07392E+03	1000260560	1.26483E+19	1000260560	1.26483E+19
2.24874E+03	1000260560	6.32789E+19	1000260560	6.32789E+19
3.14606E+03	1000260560	1.19816E+21	1000260560	1.19816E+21
5.40890E+03	1000260560	4.15508E+21	1000260560	4.15508E+21
7.09101E+02	1000260560	8.47831E+19	1000260560	8.47831E+19
1.51044E+03	1000260560	7.80009E+20	1000260560	7.80009E+20
8.87612E+03	1000260560	8.96117E+18	1000260560	8.96117E+18
5.87304E+03	1000260560	3.10571E+21	1000260560	3.10571E+21
1.01568E+02	1000260560	5.09364E+19	1000260560	5.09364E+19
2.17266E+03	1000260560	4.44770E+20	1000260560	4.44770E+20
3.56888E+03	1000260560	5.88426E+20	1000260560	5.88426E+20
5.59471E+03	1000260560	2.01399E+19	1000260560	2.01399E+19
3.14404E+02	1000260560	2.60173E+19	1000260560	2.60173E+19
8.57038E+03	1000260560	8.78286E+20	1000260560	8.78286E+20
3.61957E+03	1000260560	1.65605E+21	1000260560	1.65605E+21
1.05891E+03	1000260560	2.44405E+19	1000260560	2.44405E+19
5.72150E+02	1000260560	3.59034E+20	1000260560	3.59034E+20
3.95239E+03	1000260560	4.27902E+19	1000260560	4.27902E+19
2.29657E+03	1000260560	2.20246E+20	1000260560	2.20246E+20
1.03603E+03	1000260560	3.78543E+19	1000260560	3.78543E+19
5.47282E+02	1000260560	8.19506E+19	1000260560	8.19506E+19
7.24493E+03	1000260560	1.26910E+19	1000260560	1.26910E+19
3.14881E+03	1000260560	1.24829E+19	1000260560	1.24829E+19
5.99888E+03	1000260560	1.57009E+21	1000260560	1.57009E+21
6.56086E+03	1000260560	7.40300E+18	1000260560	7.40300E+18
2.92566E+03	1000260560	8.39579E+18	1000260560	8.39579E+18
8.26154E+02	1000260560	8.47796E+20	1000260560	8.47796E+20
7.28610E+02	1000260560	3.40656E+20	1000260560	3.40656E+20
2.83462E+03	1000260560	1.37060E+20	1000260560	1.37060E+20
2.70178E+03	1000260560	2.19242E+19	1000260560	2.19242E+19
3.19095E+03	1000260560	2.50134E+21	1000260560	2.50134E+21
3.97192E+03	1000260560	3.85423E+20	1000260560	3.85423E+20
2.04908E+03	1000260560	5.73506E+19	1000260560	5.73506E+19
1.56748E+03	1000260560	3.19338E+21	1000260560	3.19338E+21
2.53109E+03	1000260560	3.00945E+20	1000260560	3.00945E+20
4.18175E+02	1000260560	1.50914E+20	1000260560	1.50914E+20
7.31916E+03	1000260560	3.55664E+19	1000260560	3.55664E+19
2.58310E+03	1000260560	6.30060E+20	1000260560	6.30060E+20
1.50324E+03	1000260560	1.63590E+21	1000260560	1.63590E+21
3.16928E+03	1000260560	2.53119E+21	1000260560	2.53119E+21
4.82806E+02	1000260560	2.47227E+20	1000260560	2.47227E+20
6.59987E+02	1000260560	3.69895E+20	1000260560	3.69895E+20
2.13101E+03	1000260560	4.32862E+20	1000260560	4.32862E+20
3.29032E+03	1000260560	2.17717E+19	1000260560	2.17717E+19
2.66799E+03	1000260560	5.01071E+19	1000260560	5.01071E+19
5.57918E+03	1000260560	1.55213E+19	1000260560	1.55213E+19
2.48282E+03	1000260560	2.89179E+19	1000260560	2.89179E+19
1.26806E+03	1000260560	1.31882E+21	1000260560	1.31882E+21
1.75147E+03	1000260560	5.34180E+19	1000260560	5.34180E+19
3.44422E+03	1000260560	2.16886E+19	1000260560	2.16886E+19
3.89738E+03	1000260560	5.80245E+19	1000260560	5.80245E+19
7.98100E+02	1000260560	2.09772E+21	1000260560	2.09772E+21
2.21083E+03	1000260560	1.23701E+21	1000260560	1.23701E+21
3.73190E+03	1000260560	1.07554E+20	1000260560	1.07554E+20
3.08883E+03	1000260560	1.47830E+21	1000260560	1.47830E+21
1.22867E+03	1000260560	1.16713E+20	1000260560	1.16713E+20
3.62635E+03	1000260560	8.83852E+20	1000260560	8.83852E+20
2.11413E+03	1000260560	1.11515E+20	1000260560	1.11515E+20
1.10066E+02	1000260560	1.00384E+21	1000260560	1.00384E+21
5.35082E+03	1000260560	2.24434E+21	1000260560	2.24434E+21
9.92241E+03	1000260560	1.66932E+20	1000260560	1.66932E+20
1.49256E+03	1000260560	6.32122E+19	1000260560	6.32122E+19
4.40342E+03	1000260560	2.83065E+20	1000260560	2.83065E+20
1.36072E+03	1000260560	3.52590E+20	1000260560	3.52590E+20
2.66861E+03	1000260560	1.88851E+21	1000260560	1.88851E+21
4.96371E+03	1000260560	8.12677E+19	1000260560	8.12677E+19
4.60314E+03	1000260560	4.14304E+20	1000260560	4.14304E+20
1.88070E+03	1000260560	5.68664E+20	1000260560	5.68664E+20
6.26905E+03	1000260560	1.55985E+21	1000260560	1.55985E+21
8.32103E+03	1000260560	2.73426E+19	1000260560	2.73426E+19
1.26610E+02	1000260560	1.09292E+21	1000260560	1.09292E+21
8.61254E+02	1000260560	5.51824E+19	1000260560	5.51824E+19
3.07997E+03	1000260560	2.55695E+20	1000260560	2.55695E+20
6.07154E+02	1000260560	1.16514E+21	1000260560	1.16514E+21
4.04760E+03	1000260560	1.20207E+19	1000260560	1.20207E+19
1.31524E+03	1000260560	3.22656E+21	1000260560	3.22656E+21
4.38293E+03	1000260560	1.36024E+20	1000260560	1.36024E+20
2.01837E+03	1000260560	1.61135E+21	1000260560	1.61135E+21
4.11512E+03	1000260560	1.23331E+19	1000260560	1.23331E+19
2.58361E+03	1000260560	9.96221E+18	1000260560	9.96221E+18
1.01994E+03	1000260560	3.35929E+21	1000260560	3.35929E+21
4.64506E+03	1000260560	1.70914E+19	1000260560	1.70914E+19
2.54267E+03	1000260560	4.56882E+20	1000260560	4.56882E+20
5.24438E+02	1000260560	3.93490E+21	1000260560	3.93490E+21
2.99307E+03	1000260560	2.10617E+21	1000260560	2.10617E+21
7.99536E+03	1000260560	2.97318E+21	1000260560	2.97318E+21
2.71401E+03	1000260560	3.41214E+19	1000260560	3.41214E+19
4.67622E+03	1000260560	4.80789E+20	1000260560	4.80789E+20
9.12046E+02	1000260560	1.11986E+20	1000260560	1.11986E+20
3.44588E+03	1000260560	4.07392E+19	1000260560	4.07392E+19
2.09211E+03	1000260560	1.28068E+21	1000260560	1.28068E+21
4.74071E+03	1000260560	3.61845E+19	1000260560	3.61845E+19
3.24820E+03	1000260560	1.02153E+20	1000260560	1.02153E+20
4.23945E+02	1000260560	3.83041E+19	1000260560	3.83041E+19
4.40489E+03	1000260560	1.00631E+19	1000260560	1.00631E+19
1.11226E+03	1000260560	1.30622E+21	1000260560	1.30622E+21
8.14506E+02	1000260560	1.52054E+19	1000260560	1.52054E+19
5.71136E+03	1000260560	8.80769E+18	1000260560	8.80769E+18
7.88111E+02	1000260560	1.83829E+21	1000260560	1.83829E+21
2.88515E+03	1000260560	3.94256E+20	1000260560	3.94256E+20
5.81909E+03	1000260560	1.87368E+19	1000260560	1.87368E+19
9.46249E+02	1000260560	4.31137E+20	1000260560	4.31137E+20
1.61222E+03	1000260560	8.58736E+18	1000260560	8.58736E+18
4.08719E+03	1000260560	1.06646E+21	1000260560	1.06646E+21
7.12959E+03	1000260560	7.80784E+19	1000260560	7.80784E+19
7.76868E+03	1000260560	1.14202E+21	1000260560	1.14202E+21
8.54320E+03	1000260560	5.78015E+20	1000260560	5.78015E+20
1.33110E+03	1000260560	1.65595E+21	1000260560	1.65595E+21
2.53981E+03	1000260560	2.64659E+21	1000260560	2.64659E+21
1.07037E+03	1000260560	1.22848E+20	1000260560	1.22848E+20
3.48802E+03	1000260560	1.62434E+21	1000260560	1.62434E+21
7.49280E+02	1000260560	3.13421E+21	1000260560	3.13421E+21
1.76738E+03	1000260560	2.76500E+19	1000260560	2.76500E+19
5.29203E+03	1000260560	2.81629E+19	1000260560	2.81629E+19
2.74786E+03	1000260560	9.16511E+18	1000260560	9.16511E+18
1.87109E+03	1000260560	2.51825E+19	1000260560	2.51825E+19
8.87922E+02	1000260560	3.11694E+21	1000260560	3.11694E+21
9.93670E+03	1000260560	2.23862E+21	1000260560	2.23862E+21
3.93033E+03	1000260560	1.27665E+20	1000260560	1.27665E+20
2.06716E+03	1000260560	7.01445E+19	1000260560	7.01445E+19
3.83550E+03	1000260560	1.50882E+21	1000260560	1.50882E+21
2.34536E+03	1000260560	1.11224E+21	1000260560	1.11224E+21
9.62117E+03	1000260560	1.45981E+19	1000260560	1.45981E+19
3.20618E+03	1000260560	1.41111E+20	1000260560	1.41111E+20
1.35940E+03	1000260560	8.25606E+20	1000260560	8.25606E+20
1.43496E+03	1000260560	4.64191E+20	1000260560	4.64191E+20
6.08190E+03	1000260560	4.67751E+19	1000260560	4.67751E+19
4.56106E+02	1000260560	2.14349E+19	1000260560	2.14349E+19
2.43184E+03	1000260560	6.18393E+20	1000260560	6.18393E+20
5.37531E+03	1000260560	1.57820E+20	1000260560	1.57820E+20
4.97266E+03	1000260560	3.35599E+21	1000260560	3.35599E+21
3.63009E+03	1000260560	5.11150E+20	1000260560	5.11150E+20
4.61325E+03	1000260560	2.51709E+19	1000260560	2.51709E+19
4.45189E+03	1000260560	1.62334E+21	1000260560	1.62334E+21
3.43112E+03	1000260560	1.55809E+19	1000260560	1.55809E+19
5.16147E+03	1000260560	1.04898E+21	1000260560	1.04898E+21
3.59243E+02	1000260560	3.31579E+20	1000260560	3.31579E+20
7.33697E+03	1000260560	1.44370E+21	1000260560	1.44370E+21
3.48686E+03	1000260560	2.89639E+20	1000260560	2.89639E+20
8.48023E+03	1000260560	5.29063E+21	1000260560	5.29063E+21
4.58213E+02	1000260560	9.13733E+18	1000260560	9.13733E+18
9.83229E+02	1000260560	6.78169E+20	1000260560	6.78169E+20
2.15567E+03	1000260560	5.23015E+20	1000260560	5.23015E+20
5.70239E+03	1000260560	5.61205E+20	1000260560	5.61205E+20
3.12651E+03	1000260560	1.52892E+19	1000260560	1.52892E+19
4.07213E+03	1000260560	2.73825E+21	1000260560	2.73825E+21
8.52054E+02	1000260560	1.94822E+20	1000260560	1.94822E+20
1.06666E+03	1000260560	4.03253E+20	1000260560	4.03253E+20
3.15040E+03	1000260560	4.27108E+19	1000260560	4.27108E+19
6.01718E+03	1000260560	7.29508E+20	1000260560	7.29508E+20
4.94851E+02	1000260560	5.38714E+20	1000260560	5.38714E+20
7.29619E+03	1000260560	3.01704E+19	1000260560	3.01704E+19
4.02111E+03	1000260560	4.26736E+19	1000260560	4.26736E+19
2.88048E+03	1000260560	1.20672E+21	1000260560	1.20672E+21
2.36103E+03	1000260560	6.05413E+20	1000260560	6.05413E+20
1.83683E+03	1000260560	4.19035E+19	1000260560	4.19035E+19
4.06664E+02	1000260560	2.73961E+19	1000260560	2.73961E+19
3.04909E+03	1000260560	6.26585E+19	1000260560	6.26585E+19
4.72275E+03	1000260560	2.93205E+20	1000260560	2.93205E+20
4.46402E+03	1000260560	8.62224E+18	1000260560	8.62224E+18
7.09411E+02	1000260560	2.29949E+20	1000260560	2.29949E+20
5.88241E+03	1000260560	3.92665E+20	1000260560	3.92665E+20
3.97486E+03	1000260560	5.83097E+21	1000260560	5.83097E+21
4.53509E+03	1000260560	1.13688E+20	1000260560	1.13688E+20
1.56404E+03	1000260560	2.61223E+20	1000260560	2.61223E+20
8.55438E+03	1000260560	2.28947E+21	1000260560	2.28947E+21
4.77728E+02	1000260560	7.82482E+18	1000260560	7.82482E+18
2.45887E+03	1000260560	9.25398E+19	1000260560	9.25398E+19
1.30208E+03	1000260560	3.69724E+19	1000260560	3.69724E+19
6.52877E+03	1000260560	1.63079E+21	1000260560	1.63079E+21
3.80063E+03	1000260560	3.33397E+20	1000260560	3.33397E+20
6.74937E+03	1000260560	2.75457E+19	1000260560	2.75457E+19
4.15290E+02	1000260560	3.10210E+20	1000260560	3.10210E+20
4.46136E+03	1000260560	6.12874E+19	1000260560	6.12874E+19
2.10927E+03	1000260560	8.64133E+20	1000260560	8.64133E+20
3.00156E+03	1000260560	2.27993E+21	1000260560	2.27993E+21
5.62782E+03	1000260560	8.23460E+18	1000260560	8.23460E+18
3.60394E+03	1000260560	3.34718E+19	1000260560	3.34718E+19
2.83689E+03	1000260560	4.51318E+19	1000260560	4.51318E+19
6.52619E+03	1000260560	1.69333E+19	1000260560	1.69333E+19
9.55903E+02	1000260560	6.18955E+21	1000260560	6.18955E+21
3.67833E+03	1000260560	1.66852E+21	1000260560	1.66852E+21
4.58764E+03	1000260560	1.24413E+20	1000260560	1.24413E+20
7.08387E+03	1000260560	6.83863E+18	1000260560	6.83863E+18
9.06939E+03	1000260560	5.92909E+20	1000260560	5.92909E+20
6.16993E+03	1000260560	3.86955E+19	1000260560	3.86955E+19
2.54773E+03	1000260560	1.13762E+21	1000260560	1.13762E+21
5.88765E+03	1000260560	6.06164E+19	1000260560	6.06164E+19
5.04992E+03	1000260560	6.89099E+18	1000260560	6.89099E+18
4.23007E+03	1000260560	1.09097E+19	1000260560	1.09097E+19
7.83019E+02	1000260560	2.88875E+19	1000260560	2.88875E+19
3.34219E+03	1000260560	2.84930E+19	1000260560	2.84930E+19
4.94145E+03	1000260560	5.75823E+20	1000260560	5.75823E+20
1.23951E+02	1000260560	8.49656E+18	1000260560	8.49656E+18
8.18407E+02	1000260560	2.90283E+21	1000260560	2.90283E+21
7.55964E+03	1000260560	2.95096E+19	1000260560	2.95096E+19
3.59506E+03	1000260560	6.11628E+20	1000260560	6.11628E+20
6.30016E+03	1000260560	6.75081E+18	1000260560	6.75081E+18
1.62845E+03	1000260560	1.79441E+21	1000260560	1.79441E+21
1.38854E+03	1000260560	4.04209E+19	1000260560	4.04209E+19
4.11429E+03	1000260560	2.07100E+20	1000260560	2.07100E+20
2.48040E+03	1000260560	1.21947E+21	1000260560	1.21947E+21
9.29526E+02	1000260560	1.47481E+20	1000260560	1.47481E+20
6.33692E+03	1000260560	9.04536E+18	1000260560	9.04536E+18
6.80396E+03	1000260560	1.16848E+19	1000260560	1.16848E+19
9.49246E+02	1000260560	3.85272E+19	1000260560	3.85272E+19
4.20090E+02	1000260560	8.52034E+20	1000260560	8.52034E+20
3.14457E+03	1000260560	1.34746E+19	1000260560	1.34746E+19
1.16935E+03	1000260560	1.05752E+19	1000260560	1.05752E+19
2.65596E+03	1000260560	1.68007E+21	1000260560	1.68007E+21
2.14361E+03	1000260560	5.40482E+21	1000260560	5.40482E+21
6.11304E+03	1000260560	3.52513E+19	1000260560	3.52513E+19
7.98156E+03	1000260560	7.76639E+20	1000260560	7.76639E+20
4.86328E+02	1000260560	1.63294E+19	1000260560	1.63294E+19
1.91000E+03	1000260560	6.42781E+19	1000260560	6.42781E+19
4.58061E+03	1000260560	2.69845E+21	1000260560	2.69845E+21
1.13899E+03	1000260560	2.14368E+19	1000260560	2.14368E+19
1.16509E+03	1000260560	3.54232E+21	1000260560	3.54232E+21
6.61192E+03	1000260560	2.60956E+21	1000260560	2.60956E+21
2.78409E+02	1000260560	4.11153E+21	1000260560	4.11153E+21
3.30695E+03	1000260560	2.75623E+21	1000260560	2.75623E+21
6.55359E+02	1000260560	8.20504E+18	1000260560	8.20504E+18
4.14780E+02	1000260560	2.46653E+21	1000260560	2.46653E+21
7.92828E+03	1000260560	3.42990E+21	1000260560	3.42990E+21
5.83037E+03	1000260560	9.67549E+18	1000260560	9.67549E+18
9.84917E+03	1000260560	2.66580E+19	1000260560	2.66580E+19
1.00668E+03	1000260560	3.24721E+19	1000260560	3.24721E+19
4.71862E+02	1000260560	2.36080E+19	1000260560	2.36080E+19
2.01320E+02	1000260560	3.33602E+20	1000260560	3.33602E+20
2.02151E+03	1000260560	8.91716E+18	1000260560	8.91716E+18
1.63614E+03	1000260560	3.81241E+21	1000260560	3.81241E+21
2.14246E+03	1000260560	5.28001E+21	1000260560	5.28001E+21
2.00061E+03	1000260560	5.02959E+20	1000260560	5.02959E+20
4.24294E+02	1000260560	1.94266E+21	1000260560	1.94266E+21
2.78317E+03	1000260560	2.36400E+20	1000260560	2.36400E+20
9.20408E+03	1000260560	2.38496E+21	1000260560	2.38496E+21
1.15907E+03	1000260560	3.43881E+19	1000260560	3.43881E+19
2.31610E+03	1000260560	4.77745E+20	1000260560	4.77745E+20
2.96060E+03	1000260560	5.78111E+19	1000260560	5.78111E+19
2.10815E+03	1000260560	1.46521E+21	1000260560	1.46521E+21
9.48232E+02	1000260560	4.32973E+21	1000260560	4.32973E+21
3.88767E+03	1000260560	2.96616E+19	1000260560	2.96616E+19
1.64490E+03	1000260560	4.03157E+21	1000260560	4.03157E+21
1.09980E+03	1000260560	4.81896E+21	1000260560	4.81896E+21
4.28745E+03	1000260560	1.12238E+21	1000260560	1.12238E+21
1.59223E+03	1000260560	8.45949E+20	1000260560	8.45949E+20
5.11754E+02	1000260560	9.61588E+20	1000260560	9.61588E+20
1.28439E+02	1000260560	8.11913E+19	1000260560	8.11913E+19
2.23594E+03	1000260560	1.28557E+21	1000260560	1.28557E+21
4.39556E+03	1000260560	8.92793E+19	1000260560	8.92793E+19
2.51239E+03	1000260560	5.64952E+19	1000260560	5.64952E+19
1.41668E+03	1000260560	3.57725E+20	1000260560	3.57725E+20
3.38597E+03	1000260560	9.20989E+18	1000260560	9.20989E+18
2.31499E+03	1000260560	3.72130E+20	1000260560	3.72130E+20
4.59165E+03	1000260560	2.76314E+20	1000260560	2.76314E+20
9.63134E+02	1000260560	4.14238E+20	1000260560	4.14238E+20
3.83507E+03	1000260560	1.30692E+21	1000260560	1.30692E+21
7.45395E+03	1000260560	4.19814E+21	1000260560	4.19814E+21
4.82707E+03	1000260560	8.94407E+20	1000260560	8.94407E+20
4.16806E+03	1000260560	2.86428E+19	1000260560	2.86428E+19
3.43656E+03	1000260560	1.47860E+20	1000260560	1.47860E+20
2.97173E+03	1000260560	3.03230E+19	1000260560	3.03230E+19
7.01833E+03	1000260560	2.55527E+19	1000260560	2.55527E+19
2.59495E+03	1000260560	3.02928E+21	1000260560	3.02928E+21
4.40321E+03	1000260560	4.04993E+21	1000260560	4.04993E+21
8.67050E+02	1000260560	1.30979E+20	1000260560	1.30979E+20
3.03533E+03	1000260560	2.29927E+21	1000260560	2.29927E+21
9.87255E+03	1000260560	1.27739E+20	1000260560	1.27739E+20
4.89243E+03	1000260560	2.96929E+20	1000260560	2.96929E+20
5.28303E+03	1000260560	1.41367E+19	1000260560	1.41367E+19
7.46810E+03	1000260560	7.85710E+19	1000260560	7.85710E+19
3.15966E+02	1000260560	1.81895E+19	1000260560	1.81895E+19
3.00905E+03	1000260560	1.36736E+20	1000260560	1.36736E+20
9.65576E+03	1000260560	1.08451E+21	1000260560	1.08451E+21
2.68177E+03	1000260560	4.38975E+21	1000260560	4.38975E+21
1.13811E+02	1000260560	5.41000E+21	1000260560	5.41000E+21
1.94253E+03	1000260560	2.46721E+19	1000260560	2.46721E+19
6.59705E+03	1000260560	3.23773E+19	1000260560	3.23773E+19
8.38054E+02	1000260560	1.20170E+19	1000260560	1.20170E+19
1.72214E+03	1000260560	3.20713E+19	1000260560	3.20713E+19
2.91951E+03	1000260560	1.33426E+21	1000260560	1.33426E+21
1.32845E+03	1000260560	3.09251E+19	1000260560	3.09251E+19
6.07247E+03	1000260560	2.88734E+19	1000260560	2.88734E+19
6.96706E+03	1000260560	3.58049E+20	1000260560	3.58049E+20
3.21074E+03	1000260560	9.76737E+19	1000260560	9.76737E+19
6.98482E+03	1000260560	5.76842E+20	1000260560	5.76842E+20
4.09540E+03	1000260560	2.04009E+19	1000260560	2.04009E+19
2.59693E+03	1000260560	2.72818E+20	1000260560	2.72818E+20
1.78200E+03	1000260560	4.16962E+21	1000260560	4.16962E+21
3.82808E+03	1000260560	9.48744E+19	1000260560	9.48744E+19
2.85540E+03	1000260560	1.54395E+21	1000260560	1.54395E+21
1.35359E+02	1000260560	2.14991E+21	1000260560	2.14991E+21
2.68657E+03	1000260560	2.03309E+19	1000260560	2.03309E+19
7.15355E+03	1000260560	1.24193E+19	1000260560	1.24193E+19
1.37130E+03	1000260560	1.34164E+20	1000260560	1.34164E+20
2.04668E+03	1000260560	2.10151E+21	1000260560	2.10151E+21
2.84523E+02	1000260560	3.39674E+19	1000260560	3.39674E+19
4.41453E+03	1000260560	3.55515E+21	1000260560	3.55515E+21
4.64474E+03	1000260560	1.94516E+19	1000260560	1.94516E+19
5.06127E+02	1000260560	7.43041E+18	1000260560	7.43041E+18
2.19624E+03	1000260560	2.85530E+20	1000260560	2.85530E+20
2.41145E+03	1000260560	1.02402E+19	1000260560	1.02402E+19
2.30143E+03	1000260560	1.23146E+21	1000260560	1.23146E+21
1.12932E+02	1000260560	3.50498E+19	1000260560	3.50498E+19
1.36802E+02	1000260560	1.66867E+20	1000260560	1.66867E+20
2.80197E+03	1000260560	1.52545E+20	1000260560	1.52545E+20
3.87778E+03	1000260560	4.56358E+19	1000260560	4.56358E+19
7.40148E+03	1000260560	1.32338E+19	1000260560	1.32338E+19
4.27275E+03	1000260560	3.45643E+21	1000260560	3.45643E+21
1.27516E+02	1000260560	5.18841E+20	1000260560	5.18841E+20
2.60357E+03	1000260560	4.56418E+21	1000260560	4.56418E+21
2.01194E+03	1000260560	1.70872E+19	1000260560	1.70872E+19
2.78208E+03	1000260560	3.01515E+21	1000260560	3.01515E+21
4.35217E+02	1000260560	3.72818E+19	1000260560	3.72818E+19
6.83883E+02	1000260560	5.65504E+20	1000260560	5.65504E+20
8.48815E+03	1000260560	9.10801E+19	1000260560	9.10801E+19
5.25734E+03	1000260560	1.25863E+21	1000260560	1.25863E+21
8.92636E+03	1000260560	1.02159E+21	1000260560	1.02159E+21
3.16588E+03	1000260560	2.19594E+19	1000260560	2.19594E+19
1.99682E+03	1000260560	4.27053E+19	1000260560	4.27053E+19
3.90894E+03	1000260560	4.09584E+21	1000260560	4.09584E+21
7.48569E+03	1000260560	1.54559E+20	1000260560	1.54559E+20
2.58809E+03	1000260560	8.40395E+20	1000260560	8.40395E+20
7.80124E+02	1000260560	1.43240E+19	1000260560	1.43240E+19
4.77181E+03	1000260560	2.12838E+21	1000260560	2.12838E+21
1.09935E+03	1000260560	6.43960E+19	1000260560	6.43960E+19
4.34893E+03	1000260560	3.66037E+19	1000260560	3.66037E+19
1.49759E+03	1000260560	7.89084E+20	1000260560	7.89084E+20
3.20372E+03	1000260560	9.36490E+18	1000260560	9.36490E+18
4.01429E+03	1000260560	3.70565E+21	1000260560	3.70565E+21
2.51168E+03	1000260560	5.63680E+19	1000260560	5.63680E+19
5.13007E+03	1000260560	1.04545E+21	1000260560	1.04545E+21
3.53491E+03	1000260560	6.31470E+19	1000260560	6.31470E+19
8.50735E+03	1000260560	5.35087E+21	1000260560	5.35087E+21
9.48449E+03	1000260560	7.14147E+19	1000260560	7.14147E+19
3.50638E+03	1000260560	8.51870E+19	1000260560	8.51870E+19
4.53039E+03	1000260560	7.02295E+19	1000260560	7.02295E+19
1.15036E+03	1000260560	4.51129E+19	1000260560	4.51129E+19
4.53730E+03	1000260560	3.77555E+21	1000260560	3.77555E+21
3.28936E+03	1000260560	3.09926E+19	1000260560	3.09926E+19
4.30631E+03	1000260560	4.67353E+20	1000260560	4.67353E+20
3.06545E+03	1000260560	1.39548E+20	1000260560	1.39548E+20
3.97353E+03	1000260560	1.27633E+19	1000260560	1.27633E+19
3.37473E+03	1000260560	6.24913E+19	1000260560	6.24913E+19
4.87818E+03	1000260560	1.64513E+20	1000260560	1.64513E+20
3.93137E+03	1000260560	1.41320E+20	1000260560	1.41320E+20
6.09323E+03	1000260560	1.23220E+21	1000260560	1.23220E+21
4.68844E+03	1000260560	1.16915E+20	1000260560	1.16915E+20
1.67126E+03	1000260560	5.67891E+20	1000260560	5.67891E+20
5.65222E+03	1000260560	7.57600E+19	1000260560	7.57600E+19
4.86602E+03	1000260560	7.86425E+18	1000260560	7.86425E+18
3.16457E+03	1000260560	2.85982E+21	1000260560	2.85982E+21
1.06279E+03	1000260560	4.65180E+21	1000260560	4.65180E+21
1.86310E+02	1000260560	2.13792E+19	1000260560	2.13792E+19
3.03005E+03	1000260560	1.35184E+19	1000260560	1.35184E+19
7.49224E+03	1000260560	5.66272E+21	1000260560	5.66272E+21
1.55412E+03	1000260560	2.85023E+19	1000260560	2.85023E+19
9.82582E+03	1000260560	8.63982E+19	1000260560	8.63982E+19
9.20241E+03	1000260560	1.42737E+20	1000260560	1.42737E+20
5.36457E+02	1000260560	2.48556E+21	1000260560	2.48556E+21
4.72312E+03	1000260560	1.81940E+19	1000260560	1.81940E+19
1.16383E+03	1000260560	1.45006E+19	1000260560	1.45006E+19
4.17691E+03	1000260560	5.83554E+19	1000260560	5.83554E+19
9.94427E+03	1000260560	1.12854E+21	1000260560	1.12854E+21
9.63976E+02	1000260560	1.98015E+19	1000260560	1.98015E+19
7.31212E+03	1000260560	9.90852E+19	1000260560	9.90852E+19
8.87938E+03	1000260560	2.42840E+19	1000260560	2.42840E+19
2.12726E+02	1000260560	1.05261E+20	1000260560	1.05261E+20
3.44678E+03	1000260560	2.34959E+21	1000260560	2.34959E+21
1.79924E+03	1000260560	1.15682E+19	1000260560	1.15682E+19
4.66529E+03	1000260560	3.48979E+19	1000260560	3.48979E+19
7.21972E+03	1000260560	2.22349E+21	1000260560	2.22349E+21
2.68733E+03	1000260560	1.66264E+19	1000260560	1.66264E+19
3.63594E+03	1000260560	5.95477E+21	1000260560	5.95477E+21
1.29617E+03	1000260560	4.03085E+20	1000260560	4.03085E+20
4.55635E+03	1000260560	1.08371E+20	1000260560	1.08371E+20
7.57324E+03	1000260560	1.36543E+21	1000260560	1.36543E+21
1.78408E+03	1000260560	1.85158E+21	1000260560	1.85158E+21
3.16515E+03	1000260560	2.18823E+20	1000260560	2.18823E+20
2.91554E+03	1000260560	5.30521E+20	1000260560	5.30521E+20
7.93792E+03	1000260560	1.29050E+21	1000260560	1.29050E+21
1.98483E+03	1000260560	3.88003E+19	1000260560	3.88003E+19
4.58851E+03	1000260560	3.07360E+19	1000260560	3.07360E+19
4.12471E+02	1000260560	3.42867E+20	1000260560	3.42867E+20
4.55850E+03	1000260560	3.46381E+20	1000260560	3.46381E+20
1.00216E+03	1000260560	1.65569E+21	1000260560	1.65569E+21
8.82098E+02	1000260560	8.09352E+18	1000260560	8.09352E+18
2.79013E+03	1000260560	1.21073E+20	1000260560	1.21073E+20
7.33468E+03	1000260560	2.33799E+21	1000260560	2.33799E+21
5.08521E+03	1000260560	3.00753E+21	1000260560	3.00753E+21
1.34692E+03	1000260560	4.59330E+20	1000260560	4.59330E+20
5.72382E+03	1000260560	1.00967E+20	1000260560	1.00967E+20
2.04201E+03	1000260560	2.47972E+21	1000260560	2.47972E+21
2.11663E+03	1000260560	5.43706E+20	1000260560	5.43706E+20
5.32757E+03	1000260560	8.29959E+18	1000260560	8.29959E+18
4.49263E+03	1000260560	2.44019E+19	1000260560	2.44019E+19
5.21390E+03	1000260560	7.57526E+18	1000260560	7.57526E+18
1.56937E+03	1000260560	5.44824E+20	1000260560	5.44824E+20
5.66444E+03	1000260560	5.06957E+20	1000260560	5.06957E+20
2.09397E+03	1000260560	2.62582E+19	1000260560	2.62582E+19
1.31888E+03	1000260560	1.52445E+20	1000260560	1.52445E+20
2.07872E+03	1000260560	3.72838E+21	1000260560	3.72838E+21
1.77599E+03	1000260560	5.34086E+19	1000260560	5.34086E+19
9.11258E+03	1000260560	5.35682E+19	1000260560	5.35682E+19
1.29331E+03	1000260560	2.31225E+19	1000260560	2.31225E+19
8.61126E+03	1000260560	5.79712E+21	1000260560	5.79712E+21
4.90840E+03	1000260560	2.35460E+20	1000260560	2.35460E+20
2.83952E+02	1000260560	2.28168E+19	1000260560	2.28168E+19
1.00068E+03	1000260560	1.09338E+19	1000260560	1.09338E+19
9.00023E+03	1000260560	2.48205E+21	1000260560	2.48205E+21
5.99680E+03	1000260560	2.33800E+20	1000260560	2.33800E+20
1.50107E+03	1000260560	7.55636E+18	1000260560	7.55636E+18
1.90511E+03	1000260560	1.83225E+19	1000260560	1.83225E+19
5.17026E+02	1000260560	7.90964E+18	1000260560	7.90964E+18
3.70842E+03	1000260560	1.32663E+19	1000260560	1.32663E+19
1.01256E+03	1000260560	4.06533E+19	1000260560	4.06533E+19
2.10368E+03	1000260560	5.79116E+20	1000260560	5.79116E+20
3.19443E+03	1000260560	1.34478E+19	1000260560	1.34478E+19
2.40821E+02	1000260560	1.70461E+20	1000260560	1.70461E+20
3.57248E+03	1000260560	1.39206E+21	1000260560	1.39206E+21
5.61414E+03	1000260560	3.86638E+19	1000260560	3.86638E+19
4.95594E+03	1000260560	1.34646E+20	1000260560	1.34646E+20
6.40350E+03	1000260560	1.27963E+21	1000260560	1.27963E+21
4.75163E+03	1000260560	2.15053E+21	1000260560	2.15053E+21
2.60199E+02	1000260560	2.80363E+20	1000260560	2.80363E+20
2.66856E+03	1000260560	5.63999E+20	1000260560	5.63999E+20
1.71285E+03	1000260560	9.61078E+20	1000260560	9.61078E+20
2.45622E+03	1000260560	8.58241E+18	1000260560	8.58241E+18
1.39121E+03	1000260560	2.82820E+20	1000260560	2.82820E+20
5.50803E+02	1000260560	1.54146E+20	1000260560	1.54146E+20
1.11331E+03	1000260560	4.17707E+19	1000260560	4.17707E+19
6.34117E+02	1000260560	9.67105E+20	1000260560	9.67105E+20
2.41207E+03	1000260560	1.14864E+19	1000260560	1.14864E+19
2.68849E+03	1000260560	3.44000E+19	1000260560	3.44000E+19
2.93382E+03	1000260560	2.99581E+19	1000260560	2.99581E+19
7.31296E+03	1000260560	3.56048E+19	1000260560	3.56048E+19
1.12606E+03	1000260560	3.95628E+20	1000260560	3.95628E+20
2.71057E+03	1000260560	1.17963E+19	1000260560	1.17963E+19
1.04160E+03	1000260560	1.74168E+19	1000260560	1.74168E+19
4.45369E+03	1000260560	5.82009E+20	1000260560	5.82009E+20
1.80020E+03	1000260560	5.42741E+20	1000260560	5.42741E+20
9.48543E+03	1000260560	4.26183E+21	1000260560	4.26183E+21
2.85038E+03	1000260560	2.76417E+20	1000260560	2.76417E+20
5.73635E+02	1000260560	3.05612E+19	1000260560	3.05612E+19
2.68675E+03	1000260560	7.57658E+20	1000260560	7.57658E+20
3.04952E+03	1000260560	8.31564E+18	1000260560	8.31564E+18
6.09882E+03	1000260560	9.22860E+19	1000260560	9.22860E+19
2.29194E+03	1000260560	5.17832E+19	1000260560	5.17832E+19
4.82007E+03	1000260560	4.69690E+19	1000260560	4.69690E+19
2.99653E+03	1000260560	5.72219E+21	1000260560	5.72219E+21
6.16586E+03	1000260560	9.29171E+18	1000260560	9.29171E+18
5.43881E+02	1000260560	4.68619E+20	1000260560	4.68619E+20
5.42375E+03	1000260560	1.73260E+19	1000260560	1.73260E+19
2.43539E+03	1000260560	2.42020E+20	1000260560	2.42020E+20
2.02229E+03	1000260560	4.98788E+19	1000260560	4.98788E+19
1.27538E+03	1000260560	1.25450E+21	1000260560	1.25450E+21
5.76461E+03	1000260560	4.49280E+19	1000260560	4.49280E+19
1.45035E+02	1000260560	1.64651E+19	1000260560	1.64651E+19
8.32239E+03	1000260560	7.58236E+20	1000260560	7.58236E+20
5.70420E+03	1000260560	5.25067E+21	1000260560	5.25067E+21
1.91332E+03	1000260560	3.37614E+21	1000260560	3.37614E+21
8.49014E+03	1000260560	3.87595E+19	1000260560	3.87595E+19
3.96643E+03	1000260560	5.12249E+20	1000260560	5.12249E+20
4.32390E+03	1000260560	9.14996E+18	1000260560	9.14996E+18
6.72539E+03	1000260560	2.18355E+21	1000260560	2.18355E+21
2.16264E+03	1000260560	1.32400E+19	1000260560	1.32400E+19
3.71070E+03	1000260560	8.24638E+19	1000260560	8.24638E+19
6.69601E+03	1000260560	9.70316E+19	1000260560	9.70316E+19
3.69751E+03	1000260560	1.44123E+19	1000260560	1.44123E+19
1.35819E+03	1000260560	3.63235E+20	1000260560	3.63235E+20
5.28871E+03	1000260560	1.34412E+20	1000260560	1.34412E+20
3.98041E+03	1000260560	3.56777E+19	1000260560	3.56777E+19
1.05334E+03	1000260560	9.52311E+19	1000260560	9.52311E+19
1.43726E+03	1000260560	4.67396E+20	1000260560	4.67396E+20
6.12781E+03	1000260560	7.05762E+20	1000260560	7.05762E+20
3.96817E+03	1000260560	3.57563E+21	1000260560	3.57563E+21
6.95633E+02	1000260560	3.18561E+19	1000260560	3.18561E+19
7.20106E+02	1000260560	2.16300E+21	1000260560	2.16300E+21
8.84112E+03	1000260560	3.26870E+21	1000260560	3.26870E+21
1.94709E+03	1000260560	8.55370E+19	1000260560	8.55370E+19
3.42033E+02	1000260560	4.41015E+21	1000260560	4.41015E+21
5.61620E+03	1000260560	2.18654E+20	1000260560	2.18654E+20
3.35472E+03	1000260560	6.53910E+18	1000260560	6.53910E+18
1.02451E+03	1000260560	5.37627E+20	1000260560	5.37627E+20
3.53991E+03	1000260560	1.03858E+19	1000260560	1.03858E+19
6.24903E+02	1000260560	1.41249E+20	1000260560	1.41249E+20
3.43432E+03	1000260560	2.56847E+20	1000260560	2.56847E+20
2.69990E+03	1000260560	1.14788E+20	1000260560	1.14788E+20
6.47855E+02	1000260560	1.85205E+20	1000260560	1.85205E+20
3.08811E+03	1000260560	1.35610E+19	1000260560	1.35610E+19
2.24115E+03	1000260560	4.71827E+19	1000260560	4.71827E+19
1.07454E+03	1000260560	9.36989E+20	1000260560	9.36989E+20
4.48811E+03	1000260560	3.41629E+20	1000260560	3.41629E+20
3.96661E+03	1000260560	3.36376E+21	1000260560	3.36376E+21
2.39654E+03	1000260560	7.20791E+20	1000260560	7.20791E+20
1.24731E+03	1000260560	1.34658E+21	1000260560	1.34658E+21
4.43870E+03	1000260560	1.43606E+19	1000260560	1.43606E+19
4.67831E+03	1000260560	3.21801E+21	1000260560	3.21801E+21
4.66200E+03	1000260560	7.37936E+20	1000260560	7.37936E+20
1.72700E+03	1000260560	2.53174E+21	1000260560	2.53174E+21
1.26148E+03	1000260560	8.83026E+20	1000260560	8.83026E+20
8.20020E+03	1000260560	9.42864E+18	1000260560	9.42864E+18
5.24736E+03	1000260560	2.56265E+21	1000260560	2.56265E+21
3.79354E+02	1000260560	2.58542E+21	1000260560	2.58542E+21
3.58087E+03	1000260560	4.53427E+21	1000260560	4.53427E+21
5.88497E+03	1000260560	7.02307E+18	1000260560	7.02307E+18
2.83021E+03	1000260560	7.14511E+20	1000260560	7.14511E+20
7.67880E+02	1000260560	8.16538E+19	1000260560	8.16538E+19
4.74211E+03	1000260560	7.63084E+20	1000260560	7.63084E+20
8.10983E+03	1000260560	1.61278E+20	1000260560	1.61278E+20
1.33459E+03	1000260560	1.30219E+19	1000260560	1.30219E+19
7.71118E+03	1000260560	2.67557E+20	1000260560	2.67557E+20
3.35289E+03	1000260560	5.78192E+19	1000260560	5.78192E+19
1.28582E+03	1000260560	1.83985E+19	1000260560	1.83985E+19
2.03759E+03	1000260560	4.51241E+21	1000260560	4.51241E+21
2.50959E+02	1000260560	3.31794E+20	1000260560	3.31794E+20
9.59735E+03	1000260560	7.04721E+18	1000260560	7.04721E+18
6.32800E+03	1000260560	1.50057E+20	1000260560	1.50057E+20
2.22258E+03	1000260560	1.33403E+21	1000260560	1.33403E+21
2.73857E+02	1000260560	1.09063E+19	1000260560	1.09063E+19
3.15386E+03	1000260560	2.69870E+21	1000260560	2.69870E+21
3.89271E+03	1000260560	7.13531E+18	1000260560	7.13531E+18
2.33401E+03	1000260560	1.71786E+20	1000260560	1.71786E+20
3.50150E+03	1000260560	1.03637E+20	1000260560	1.03637E+20
9.68456E+03	1000260560	2.43165E+21	1000260560	2.43165E+21
1.51483E+03	1000260560	1.39477E+21	1000260560	1.39477E+21
1.79657E+02	1000260560	5.53683E+21	1000260560	5.53683E+21
2.07400E+03	1000260560	1.19541E+20	1000260560	1.19541E+20
2.36704E+02	1000260560	5.53595E+19	1000260560	5.53595E+19
1.06132E+03	1000260560	1.29165E+21	1000260560	1.29165E+21
3.56686E+03	1000260560	1.32600E+21	1000260560	1.32600E+21
2.22835E+03	1000260560	3.99491E+19	1000260560	3.99491E+19
1.91925E+02	1000260560	9.88641E+19	1000260560	9.88641E+19
5.06404E+02	1000260560	7.29477E+18	1000260560	7.29477E+18
7.74223E+03	1000260560	6.12472E+21	1000260560	6.12472E+21
3.41495E+02	1000260560	4.10599E+20	1000260560	4.10599E+20
4.32204E+03	1000260560	1.40003E+19	1000260560	1.40003E+19
1.03918E+03	1000260560	1.03881E+20	1000260560	1.03881E+20
5.59490E+03	1000260560	1.21520E+21	1000260560	1.21520E+21
2.70297E+03	1000260560	2.25128E+20	1000260560	2.25128E+20
3.14494E+03	1000260560	2.44748E+19	1000260560	2.44748E+19
1.12304E+03	1000260560	6.29055E+18	1000260560	6.29055E+18
8.92342E+03	1000260560	1.15604E+19	1000260560	1.15604E+19
5.02883E+03	1000260560	4.34992E+20	1000260560	4.34992E+20
2.89156E+02	1000260560	7.45448E+18	1000260560	7.45448E+18
9.19077E+02	1000260560	6.37041E+19	1000260560	6.37041E+19
8.24453E+02	1000260560	3.12618E+20	1000260560	3.12618E+20
6.42326E+03	1000260560	1.28015E+20	1000260560	1.28015E+20
3.90578E+02	1000260560	3.56830E+19	1000260560	3.56830E+19
1.88511E+02	1000260560	2.33976E+21	1000260560	2.33976E+21
2.34884E+03	1000260560	1.68045E+19	1000260560	1.68045E+19
3.27335E+03	1000260560	1.30853E+21	1000260560	1.30853E+21
2.50319E+02	1000260560	4.01663E+19	1000260560	4.01663E+19
1.82104E+03	1000260560	2.55226E+19	1000260560	2.55226E+19
1.03917E+03	1000260560	1.31620E+20	1000260560	1.31620E+20
2.95891E+03	1000260560	5.40285E+20	1000260560	5.40285E+20
5.59526E+03	1000260560	2.06491E+21	1000260560	2.06491E+21
5.57919E+03	1000260560	6.79065E+19	1000260560	6.79065E+19
6.31069E+03	1000260560	2.47078E+21	1000260560	2.47078E+21
1.71878E+03	1000260560	1.57767E+19	1000260560	1.57767E+19
5.00744E+02	1000260560	2.93102E+20	1000260560	2.93102E+20
4.88899E+02	1000260560	1.34863E+19	1000260560	1.34863E+19
3.21402E+02	1000260560	1.12515E+20	1000260560	1.12515E+20
7.97935E+03	1000260560	5.19392E+21	1000260560	5.19392E+21
5.50111E+03	1000260560	3.95330E+21	1000260560	3.95330E+21
6.69894E+03	1000260560	3.28309E+21	1000260560	3.28309E+21
1.36374E+03	1000260560	1.67244E+21	1000260560	1.67244E+21
2.55745E+03	1000260560	8.69990E+20	1000260560	8.69990E+20
3.73498E+03	1000260560	2.74106E+21	1000260560	2.74106E+21
3.06527E+03	1000260560	1.28165E+21	1000260560	1.28165E+21
1.07869E+03	1000260560	1.16403E+21	1000260560	1.16403E+21
1.98371E+02	1000260560	1.26675E+19	1000260560	1.26675E+19
1.29696E+03	1000260560	1.74464E+21	1000260560	1.74464E+21
1.06260E+03	1000260560	2.48356E+19	1000260560	2.48356E+19
5.07960E+03	1000260560	1.53384E+21	1000260560	1.53384E+21
3.24303E+03	1000260560	1.85150E+19	1000260560	1.85150E+19
1.13262E+03	1000260560	7.93975E+18	1000260560	7.93975E+18
3.59283E+03	1000260560	6.90994E+20	1000260560	6.90994E+20
5.30095E+02	1000260560	2.51642E+21	1000260560	2.51642E+21
6.28887E+03	1000260560	2.15149E+19	1000260560	2.15149E+19
1.02363E+03	1000260560	2.02897E+19	1000260560	2.02897E+19
1.20296E+03	1000260560	4.41459E+21	1000260560	4.41459E+21
1.66804E+03	1000260560	6.16492E+21	1000260560	6.16492E+21
3.55099E+03	1000260560	2.20095E+19	1000260560	2.20095E+19
5.34349E+03	1000260560	2.37698E+19	1000260560	2.37698E+19
2.88942E+03	1000260560	9.54597E+19	1000260560	9.54597E+19
2.25803E+02	1000260560	4.03645E+20	1000260560	4.03645E+20
7.20170E+03	1000260560	1.90267E+19	1000260560	1.90267E+19
3.75360E+03	1000260560	3.47184E+19	1000260560	3.47184E+19
4.91122E+03	1000260560	1.21951E+21	1000260560	1.21951E+21
1.31368E+03	1000260560	2.30143E+21	1000260560	2.30143E+21
4.32296E+03	1000260560	3.79032E+20	1000260560	3.79032E+20
3.54400E+03	1000260560	1.32021E+20	1000260560	1.32021E+20
5.22096E+03	1000260560	5.42788E+21	1000260560	5.42788E+21
8.81103E+03	1000260560	6.24159E+18	1000260560	6.24159E+18
2.45949E+03	1000260560	2.80840E+20	1000260560	2.80840E+20
6.02092E+03	1000260560	8.46616E+20	1000260560	8.46616E+20
7.67411E+03	1000260560	3.87106E+19	1000260560	3.87106E+19
1.78891E+02	1000260560	4.87469E+21	1000260560	4.87469E+21
8.93792E+03	1000260560	1.95846E+19	1000260560	1.95846E+19
1.07550E+03	1000260560	2.32299E+21	1000260560	2.32299E+21
9.07152E+02	1000260560	2.44766E+19	1000260560	2.44766E+19
6.27908E+03	1000260560	5.89987E+21	1000260560	5.89987E+21
2.40846E+03	1000260560	1.50680E+20	1000260560	1.50680E+20
4.73883E+03	1000260560	6.30779E+19	1000260560	6.30779E+19
1.21511E+03	1000260560	1.32507E+20	1000260560	1.32507E+20
9.36412E+03	1000260560	3.75592E+19	1000260560	3.75592E+19
8.04088E+03	1000260560	8.49320E+18	1000260560	8.49320E+18
2.33565E+03	1000260560	8.11134E+19	1000260560	8.11134E+19
4.78938E+03	1000260560	9.66392E+19	1000260560	9.66392E+19
3.56785E+03	1000260560	3.00746E+19	1000260560	3.00746E+19
2.80711E+03	1000260560	3.32000E+21	1000260560	3.32000E+21
5.42933E+03	1000260560	3.29491E+19	1000260560	3.29491E+19
3.75073E+02	1000260560	1.92506E+21	1000260560	1.92506E+21
3.24398E+03	1000260560	1.85886E+20	1000260560	1.85886E+20
5.43068E+02	1000260560	5.09684E+21	1000260560	5.09684E+21
4.98537E+03	1000260560	2.10153E+20	1000260560	2.10153E+20
2.61719E+03	1000260560	1.27483E+21	1000260560	1.27483E+21
1.79458E+03	1000260560	4.38744E+19	1000260560	4.38744E+19
4.05814E+03	1000260560	7.71357E+20	1000260560	7.71357E+20
7.25791E+02	1000260560	2.13918E+20	1000260560	2.13918E+20
1.98774E+03	1000260560	2.81976E+19	1000260560	2.81976E+19
7.94578E+02	1000260560	2.38689E+20	1000260560	2.38689E+20
2.56030E+03	1000260560	3.53531E+19	1000260560	3.53531E+19
5.70938E+03	1000260560	8.74106E+20	1000260560	8.74106E+20
4.31572E+03	1000260560	3.30494E+21	1000260560	3.30494E+21
7.38593E+03	1000260560	1.28773E+21	1000260560	1.28773E+21
2.96373E+03	1000260560	9.30483E+18	1000260560	9.30483E+18
9.60129E+02	1000260560	7.21844E+20	1000260560	7.21844E+20
1.61987E+03	1000260560	8.79011E+20	1000260560	8.79011E+20
9.70956E+02	1000260560	9.19829E+19	1000260560	9.19829E+19
8.85722E+03	1000260560	4.74236E+21	1000260560	4.74236E+21
9.24208E+02	1000260560	4.63807E+20	1000260560	4.63807E+20
4.82593E+03	1000260560	5.02689E+19	1000260560	5.02689E+19
9.32965E+03	1000260560	1.22721E+21	1000260560	1.22721E+21
1.34326E+03	1000260560	4.60455E+20	1000260560	4.60455E+20
3.44014E+03	1000260560	4.56079E+21	1000260560	4.56079E+21
3.01203E+03	1000260560	7.94115E+20	1000260560	7.94115E+20
7.07862E+02	1000260560	3.95802E+20	1000260560	3.95802E+20
3.16868E+03	1000260560	3.21959E+20	1000260560	3.21959E+20
1.50755E+03	1000260560	1.35717E+19	1000260560	1.35717E+19
6.47533E+03	1000260560	5.21781E+21	1000260560	5.21781E+21
1.46955E+03	1000260560	2.31151E+20	1000260560	2.31151E+20
8.00086E+03	1000260560	6.43483E+20	1000260560	6.43483E+20
2.58553E+03	1000260560	2.65375E+21	1000260560	2.65375E+21
2.06137E+03	1000260560	3.45881E+19	1000260560	3.45881E+19
1.94748E+03	1000260560	1.17757E+20	1000260560	1.17757E+20
2.60571E+03	1000260560	1.92391E+20	1000260560	1.92391E+20
5.38292E+03	1000260560	4.70175E+20	1000260560	4.70175E+20
3.20233E+03	1000260560	6.61465E+19	1000260560	6.61465E+19
3.67585E+03	1000260560	1.98156E+19	1000260560	1.98156E+19
5.16871E+02	1000260560	3.23568E+19	1000260560	3.23568E+19
1.03797E+03	1000260560	2.53426E+19	1000260560	2.53426E+19
1.61077E+03	1000260560	8.24420E+19	1000260560	8.24420E+19
3.68595E+03	1000260560	3.82240E+19	1000260560	3.82240E+19
5.11835E+03	1000260560	9.80059E+20	1000260560	9.80059E+20
5.35373E+03	1000260560	7.57031E+20	1000260560	7.57031E+20
4.01813E+03	1000260560	4.83400E+20	1000260560	4.83400E+20
3.60897E+03	1000260560	3.53053E+20	1000260560	3.53053E+20
2.75853E+03	1000260560	8.55911E+20	1000260560	8.55911E+20
1.57601E+03	1000260560	1.02150E+20	1000260560	1.02150E+20
1.33907E+03	1000260560	1.59753E+21	1000260560	1.59753E+21
2.11703E+03	1000260560	2.34477E+19	1000260560	2.34477E+19
1.32149E+03	1000260560	2.34741E+19	1000260560	2.34741E+19
2.34013E+03	1000260560	7.56447E+18	1000260560	7.56447E+18
4.25345E+03	1000260560	1.85402E+21	1000260560	1.85402E+21
1.82529E+03	1000260560	2.06889E+20	1000260560	2.06889E+20
7.47736E+03	1000260560	2.13769E+19	1000260560	2.13769E+19
4.31700E+03	1000260560	1.24741E+21	1000260560	1.24741E+21
7.92316E+03	1000260560	1.90487E+19	1000260560	1.90487E+19
1.99520E+03	1000260560	3.15127E+21	1000260560	3.15127E+21
3.15020E+03	1000260560	8.59221E+20	1000260560	8.59221E+20
3.89116E+03	1000260560	2.41171E+21	1000260560	2.41171E+21
6.49542E+03	1000260560	4.84386E+20	1000260560	4.84386E+20
1.11600E+03	1000260560	4.59829E+19	1000260560	4.59829E+19
6.60326E+03	1000260560	2.80563E+21	1000260560	2.80563E+21
4.20953E+03	1000260560	1.93323E+20	1000260560	1.93323E+20
6.82759E+03	1000260560	3.01458E+20	1000260560	3.01458E+20
4.45611E+02	1000260560	2.44435E+20	1000260560	2.44435E+20
5.30345E+03	1000260560	7.47180E+18	1000260560	7.47180E+18
6.73361E+03	1000260560	7.48357E+19	1000260560	7.48357E+19
4.71594E+02	1000260560	3.70623E+19	1000260560	3.70623E+19
1.43157E+02	1000260560	2.98657E+20	1000260560	2.98657E+20
2.08990E+03	1000260560	6.24961E+18	1000260560	6.24961E+18
2.54136E+03	1000260560	1.31823E+19	1000260560	1.31823E+19
2.35914E+02	1000260560	1.72214E+21	1000260560	1.72214E+21
2.10714E+03	1000260560	6.21158E+20	1000260560	6.21158E+20
4.75711E+03	1000260560	6.51554E+20	1000260560	6.51554E+20
9.06050E+03	1000260560	5.38147E+20	1000260560	5.38147E+20
3.05197E+03	1000260560	1.33682E+19	1000260560	1.33682E+19
3.52034E+03	1000260560	1.18320E+20	1000260560	1.18320E+20
9.67204E+02	1000260560	4.69584E+21	1000260560	4.69584E+21
4.00565E+02	1000260560	2.85153E+20	1000260560	2.85153E+20
5.47745E+02	1000260560	3.84246E+20	1000260560	3.84246E+20
3.40752E+03	1000260560	8.31313E+19	1000260560	8.31313E+19
4.73441E+03	1000260560	4.19161E+19	1000260560	4.19161E+19
1.05953E+03	1000260560	5.40434E+20	1000260560	5.40434E+20
7.57964E+03	1000260560	5.10699E+20	1000260560	5.10699E+20
6.21908E+03	1000260560	3.80287E+19	1000260560	3.80287E+19
1.46543E+03	1000260560	2.04157E+21	1000260560	2.04157E+21
4.80773E+03	1000260560	2.08908E+21	1000260560	2.08908E+21
1.16331E+03	1000260560	2.47462E+20	1000260560	2.47462E+20
7.38314E+03	1000260560	1.90965E+21	1000260560	1.90965E+21
4.04784E+03	1000260560	5.33966E+19	1000260560	5.33966E+19
5.36025E+03	1000260560	2.60295E+19	1000260560	2.60295E+19
3.60156E+02	1000260560	3.48545E+21	1000260560	3.48545E+21
5.19143E+03	1000260560	4.11537E+21	1000260560	4.11537E+21
6.80022E+03	1000260560	6.07859E+19	1000260560	6.07859E+19
5.92505E+03	1000260560	1.01506E+21	1000260560	1.01506E+21
6.07984E+03	1000260560	5.77165E+20	1000260560	5.77165E+20
6.07051E+03	1000260560	3.25746E+21	1000260560	3.25746E+21
1.98259E+03	1000260560	4.45085E+20	1000260560	4.45085E+20
1.38649E+03	1000260560	2.72098E+20	1000260560	2.72098E+20
