#	D	ID	E	ID0	E0
#
# D             Trajectory length [1 Mpc]
# ID/ID0/ID1    Particle type (PDG MC numbering scheme)
# E/E0/E1       Energy [1 EeV]
# no index = current, 0 = at source, 1 = at point of creation
#
# CRPropa version: -128-NOTFOUND
#
9.09620E+00	1000260560	7.65007E+20	1000260560	7.66570E+20
7.88977E+00	1000260560	6.30644E+18	1000260560	6.31762E+18
6.50208E+00	1000260560	7.92000E+18	1000260560	7.93157E+18
3.32395E+00	1000260560	1.10619E+20	1000260560	1.10702E+20
6.25035E+00	1000260560	7.95999E+20	1000260560	7.97116E+20
4.90073E+00	1000260560	1.10866E+20	1000260560	1.10988E+20
8.39142E+00	1000260560	2.26840E+21	1000260560	2.27267E+21
2.55826E+00	1000260560	6.32794E+20	1000260560	6.33158E+20
4.19763E+00	1000260560	4.73117E+20	1000260560	4.73563E+20
9.77767E+00	1000260560	7.23962E+20	1000260560	7.25552E+20
2.98362E+00	1000260560	6.71523E+19	1000260560	6.71973E+19
1.60806E+00	1000260560	1.22620E+20	1000260560	1.22664E+20
1.08905E+00	1000260560	2.62778E+19	1000260560	2.62842E+19
5.20911E+00	1000260560	1.26091E+21	1000260560	1.26239E+21
3.28912E+00	1000260560	7.89242E+19	1000260560	7.89825E+19
2.03740E+00	1000260560	4.54433E+20	1000260560	4.54641E+20
7.05056E+00	1000260560	6.49694E+20	1000260560	6.50723E+20
6.97581E+00	1000260560	3.39518E+19	1000260560	3.40050E+19
3.30104E+00	1000260560	1.32171E+20	1000260560	1.32269E+20
1.15284E+00	1000260560	3.35976E+21	1000260560	3.36063E+21
2.45444E+00	1000260560	1.13787E+20	1000260560	1.13849E+20
9.88279E+00	1000260560	3.78429E+19	1000260560	3.79269E+19
8.38847E+00	1000260560	1.80398E+21	1000260560	1.80738E+21
7.73436E+00	1000260560	1.47073E+21	1000260560	1.47328E+21
6.71607E+00	1000260560	5.71233E+21	1000260560	5.72094E+21
2.18827E+00	1000260560	1.61875E+19	1000260560	1.61955E+19
7.45243E+00	1000260560	2.58856E+21	1000260560	2.59290E+21
9.89284E+00	1000260560	3.91496E+20	1000260560	3.92366E+20
9.71564E+00	1000260560	1.30543E+20	1000260560	1.30828E+20
3.85109E+00	1000260560	7.45857E+19	1000260560	7.46502E+19
4.52416E+00	1000260560	2.71740E+19	1000260560	2.72016E+19
2.03203E+00	1000260560	1.44711E+21	1000260560	1.44777E+21
8.89826E+00	1000260560	2.60005E+19	1000260560	2.60524E+19
9.33802E+00	1000260560	4.08659E+20	1000260560	4.09516E+20
8.57862E+00	1000260560	2.42904E+19	1000260560	2.43372E+19
2.19484E+00	1000260560	1.66242E+19	1000260560	1.66324E+19
8.86177E+00	1000260560	6.12008E+20	1000260560	6.13226E+20
3.32161E-01	1000260560	5.52358E+19	1000260560	5.52399E+19
9.21435E+00	1000260560	7.33127E+19	1000260560	7.34645E+19
4.46408E+00	1000260560	9.89676E+18	1000260560	9.90668E+18
1.62746E-01	1000260560	2.92074E+19	1000260560	2.92084E+19
6.54689E+00	1000260560	5.93818E+20	1000260560	5.94691E+20
4.43030E+00	1000260560	1.81414E+19	1000260560	1.81595E+19
6.30592E+00	1000260560	6.58545E+20	1000260560	6.59478E+20
5.35728E+00	1000260560	1.08153E+21	1000260560	1.08283E+21
9.80064E+00	1000260560	8.90691E+19	1000260560	8.92652E+19
7.07178E+00	1000260560	1.57464E+20	1000260560	1.57714E+20
4.44949E+00	1000260560	1.36859E+19	1000260560	1.36996E+19
2.76706E+00	1000260560	6.98854E+19	1000260560	6.99288E+19
7.84521E+00	1000260560	5.87268E+19	1000260560	5.88303E+19
9.02989E+00	1000260560	1.15040E+20	1000260560	1.15273E+20
7.23513E+00	1000260560	1.76778E+21	1000260560	1.77065E+21
6.52294E+00	1000260560	1.23639E+19	1000260560	1.23820E+19
9.89455E+00	1000260560	9.21316E+20	1000260560	9.23363E+20
5.19395E-01	1000260560	1.31316E+19	1000260560	1.31331E+19
7.98914E+00	1000260560	3.50047E+19	1000260560	3.50675E+19
6.80126E+00	1000260560	2.61250E+20	1000260560	2.61649E+20
9.91393E+00	1000260560	7.04908E+20	1000260560	7.06478E+20
3.76368E+00	1000260560	1.01759E+21	1000260560	1.01845E+21
2.59976E+00	1000260560	1.46668E+21	1000260560	1.46754E+21
5.55563E+00	1000260560	3.20722E+21	1000260560	3.21123E+21
5.44861E+00	1000260560	1.06761E+21	1000260560	1.06891E+21
9.47538E+00	1000260560	1.93012E+20	1000260560	1.93422E+20
9.36548E+00	1000260560	1.18862E+21	1000260560	1.19112E+21
7.93282E+00	1000260560	1.60479E+20	1000260560	1.60765E+20
8.24094E-01	1000260560	4.62889E+20	1000260560	4.62974E+20
7.20983E+00	1000260560	2.18180E+20	1000260560	2.18533E+20
3.78623E+00	1000260560	3.19551E+19	1000260560	3.19823E+19
6.82128E+00	1000260560	1.64750E+21	1000260560	1.65002E+21
1.18434E+00	1000260560	3.08632E+21	1000260560	3.08714E+21
7.64983E+00	1000260560	3.48296E+20	1000260560	3.48894E+20
5.14407E+00	1000260560	9.04011E+19	1000260560	9.05055E+19
4.33980E+00	1000260560	1.02788E+20	1000260560	1.02888E+20
8.72391E+00	1000260560	1.64419E+20	1000260560	1.64741E+20
3.43257E+00	1000260560	9.93630E+18	1000260560	9.94395E+18
1.85159E-02	1000260560	8.18684E+19	1000260560	8.18688E+19
4.77622E+00	1000260560	2.80095E+19	1000260560	2.80395E+19
5.28861E+00	1000260560	3.67292E+19	1000260560	3.67728E+19
4.69828E+00	1000260560	2.61539E+20	1000260560	2.61815E+20
7.53045E+00	1000260560	1.89550E+21	1000260560	1.89871E+21
1.26885E-01	1000260560	2.84031E+19	1000260560	2.84039E+19
1.06724E+00	1000260560	4.22812E+20	1000260560	4.22913E+20
9.64442E+00	1000260560	1.83355E+19	1000260560	1.83752E+19
5.61746E+00	1000260560	3.40046E+19	1000260560	3.40475E+19
2.72168E+00	1000260560	3.28584E+20	1000260560	3.28785E+20
4.71081E+00	1000260560	5.51958E+19	1000260560	5.52542E+19
2.82032E+00	1000260560	1.92679E+21	1000260560	1.92801E+21
8.46129E+00	1000260560	1.54948E+19	1000260560	1.55242E+19
3.59775E+00	1000260560	5.12679E+21	1000260560	5.13093E+21
1.08203E+00	1000260560	5.41281E+20	1000260560	5.41413E+20
5.71136E+00	1000260560	2.11816E+20	1000260560	2.12088E+20
9.72299E+00	1000260560	7.08521E+18	1000260560	7.10068E+18
7.62315E+00	1000260560	6.99989E+20	1000260560	7.01187E+20
7.19855E+00	1000260560	3.36022E+21	1000260560	3.36565E+21
3.86953E+00	1000260560	2.80425E+21	1000260560	2.80669E+21
5.56721E+00	1000260560	5.34351E+20	1000260560	5.35019E+20
5.92300E+00	1000260560	5.86067E+21	1000260560	5.86846E+21
9.93807E+00	1000260560	3.68470E+19	1000260560	3.69292E+19
4.29929E+00	1000260560	2.23810E+21	1000260560	2.24026E+21
7.22121E+00	1000260560	7.18756E+19	1000260560	7.19921E+19
6.99180E+00	1000260560	1.37722E+19	1000260560	1.37938E+19
2.62511E+00	1000260560	3.49302E+19	1000260560	3.49508E+19
9.39930E+00	1000260560	2.02583E+20	1000260560	2.03011E+20
1.22444E+00	1000260560	7.44939E+18	1000260560	7.45144E+18
6.06129E+00	1000260560	1.81822E+20	1000260560	1.82070E+20
2.15565E+00	1000260560	6.64678E+19	1000260560	6.65000E+19
5.25300E+00	1000260560	3.60513E+21	1000260560	3.60938E+21
4.69567E+00	1000260560	5.56898E+20	1000260560	5.57485E+20
8.59678E+00	1000260560	1.47039E+19	1000260560	1.47323E+19
2.82140E+00	1000260560	4.09653E+21	1000260560	4.09912E+21
4.89321E+00	1000260560	4.98389E+21	1000260560	4.98936E+21
8.07335E+00	1000260560	6.89815E+19	1000260560	6.91066E+19
4.58124E+00	1000260560	1.73393E+21	1000260560	1.73571E+21
9.42307E+00	1000260560	7.49301E+19	1000260560	7.50887E+19
4.49042E+00	1000260560	3.99834E+21	1000260560	4.00237E+21
9.49080E-01	1000260560	1.37350E+19	1000260560	1.37379E+19
8.79593E+00	1000260560	8.30988E+20	1000260560	8.32630E+20
6.49119E+00	1000260560	6.64993E+20	1000260560	6.65962E+20
5.13451E+00	1000260560	7.41002E+18	1000260560	7.41856E+18
8.50623E+00	1000260560	5.98883E+20	1000260560	6.00027E+20
7.65180E+00	1000260560	1.86005E+21	1000260560	1.86325E+21
5.58553E+00	1000260560	1.14621E+19	1000260560	1.14765E+19
1.75384E+00	1000260560	1.07542E+19	1000260560	1.07585E+19
8.13267E+00	1000260560	2.08135E+21	1000260560	2.08515E+21
4.21756E+00	1000260560	1.79747E+19	1000260560	1.79918E+19
9.74522E+00	1000260560	6.25418E+20	1000260560	6.26787E+20
4.15501E+00	1000260560	3.45766E+21	1000260560	3.46089E+21
2.66038E+00	1000260560	1.28790E+21	1000260560	1.28867E+21
9.29774E+00	1000260560	8.94116E+19	1000260560	8.95983E+19
6.78086E+00	1000260560	2.59813E+21	1000260560	2.60209E+21
4.51416E+00	1000260560	3.04781E+21	1000260560	3.05090E+21
1.30766E+00	1000260560	4.51262E+20	1000260560	4.51395E+20
2.78587E+00	1000260560	8.67796E+18	1000260560	8.68339E+18
3.32444E+00	1000260560	5.07468E+19	1000260560	5.07847E+19
9.53299E+00	1000260560	4.61848E+20	1000260560	4.62837E+20
9.27002E+00	1000260560	1.10660E+20	1000260560	1.10890E+20
5.77462E+00	1000260560	7.30251E+19	1000260560	7.31198E+19
5.45954E+00	1000260560	2.09255E+19	1000260560	2.09512E+19
6.65126E+00	1000260560	2.94315E+19	1000260560	2.94755E+19
3.37315E+00	1000260560	2.51950E+21	1000260560	2.52141E+21
8.94049E+00	1000260560	6.58988E+18	1000260560	6.60311E+18
9.87619E+00	1000260560	6.94967E+20	1000260560	6.96508E+20
4.39198E+00	1000260560	1.07834E+19	1000260560	1.07941E+19
9.71350E+00	1000260560	1.06548E+19	1000260560	1.06780E+19
1.47778E+00	1000260560	2.66625E+19	1000260560	2.66714E+19
8.34051E-01	1000260560	9.04792E+18	1000260560	9.04962E+18
9.62433E-01	1000260560	4.04729E+20	1000260560	4.04816E+20
8.00383E+00	1000260560	4.14422E+20	1000260560	4.15167E+20
9.60897E+00	1000260560	2.67350E+19	1000260560	2.67927E+19
9.93262E+00	1000260560	3.28917E+21	1000260560	3.29651E+21
6.59525E+00	1000260560	6.51834E+19	1000260560	6.52799E+19
5.85900E-01	1000260560	2.91112E+19	1000260560	2.91150E+19
7.39197E+00	1000260560	3.25267E+20	1000260560	3.25807E+20
3.22168E+00	1000260560	9.27478E+19	1000260560	9.28149E+19
7.16227E+00	1000260560	2.37581E+20	1000260560	2.37963E+20
9.93409E+00	1000260560	4.13771E+20	1000260560	4.14694E+20
3.27793E+00	1000260560	2.93467E+20	1000260560	2.93683E+20
5.95328E+00	1000260560	5.51495E+20	1000260560	5.52232E+20
2.80100E+00	1000260560	2.03889E+19	1000260560	2.04017E+19
2.56502E-02	1000260560	2.16990E+20	1000260560	2.16991E+20
4.95950E+00	1000260560	2.28739E+20	1000260560	2.28994E+20
9.68850E+00	1000260560	6.04023E+19	1000260560	6.05337E+19
3.86282E+00	1000260560	1.63255E+20	1000260560	1.63396E+20
5.74021E+00	1000260560	5.59984E+20	1000260560	5.60706E+20
2.70781E-01	1000260560	3.75874E+19	1000260560	3.75897E+19
7.11139E-01	1000260560	1.98156E+19	1000260560	1.98188E+19
9.65311E+00	1000260560	4.03930E+20	1000260560	4.04805E+20
1.44750E-01	1000260560	1.44450E+19	1000260560	1.44454E+19
7.55018E+00	1000260560	1.28148E+20	1000260560	1.28365E+20
9.35015E-01	1000260560	1.37977E+19	1000260560	1.38006E+19
1.61163E+00	1000260560	1.01794E+20	1000260560	1.01831E+20
8.13402E+00	1000260560	2.38597E+19	1000260560	2.39033E+19
4.62241E+00	1000260560	1.45669E+21	1000260560	1.45820E+21
4.98062E+00	1000260560	4.03211E+21	1000260560	4.03662E+21
8.07354E+00	1000260560	1.19126E+21	1000260560	1.19342E+21
5.23880E-01	1000260560	6.56316E+18	1000260560	6.56393E+18
5.16705E+00	1000260560	8.83387E+19	1000260560	8.84411E+19
8.42032E+00	1000260560	2.90140E+19	1000260560	2.90689E+19
4.79977E+00	1000260560	2.15984E+19	1000260560	2.16217E+19
7.50248E+00	1000260560	8.02401E+20	1000260560	8.03753E+20
4.74152E+00	1000260560	1.76802E+21	1000260560	1.76991E+21
4.48463E+00	1000260560	2.03368E+21	1000260560	2.03573E+21
3.63680E+00	1000260560	2.48234E+19	1000260560	2.48437E+19
4.01712E+00	1000260560	2.62161E+20	1000260560	2.62397E+20
6.65224E+00	1000260560	9.51910E+18	1000260560	9.53333E+18
5.78723E+00	1000260560	1.79957E+21	1000260560	1.80191E+21
1.93924E+00	1000260560	6.13336E+19	1000260560	6.13603E+19
9.61150E-01	1000260560	1.57750E+20	1000260560	1.57784E+20
6.95944E+00	1000260560	4.89020E+21	1000260560	4.89784E+21
3.32966E+00	1000260560	3.03553E+20	1000260560	3.03780E+20
7.65755E+00	1000260560	5.97864E+20	1000260560	5.98893E+20
1.15872E+00	1000260560	1.71053E+20	1000260560	1.71097E+20
7.09082E+00	1000260560	1.70985E+20	1000260560	1.71257E+20
9.10266E+00	1000260560	5.09227E+19	1000260560	5.10268E+19
7.68465E+00	1000260560	5.09248E+20	1000260560	5.10126E+20
5.55928E+00	1000260560	1.17509E+21	1000260560	1.17656E+21
4.94270E-01	1000260560	1.05151E+19	1000260560	1.05163E+19
1.16083E+00	1000260560	1.76846E+20	1000260560	1.76892E+20
6.25632E+00	1000260560	9.13078E+19	1000260560	9.14361E+19
4.82172E+00	1000260560	4.33567E+20	1000260560	4.34036E+20
6.67125E+00	1000260560	4.50394E+19	1000260560	4.51069E+19
3.44084E+00	1000260560	2.64996E+19	1000260560	2.65201E+19
1.33082E+00	1000260560	6.75800E+20	1000260560	6.76002E+20
7.15431E+00	1000260560	3.37588E+20	1000260560	3.38130E+20
4.00921E+00	1000260560	3.13377E+20	1000260560	3.13659E+20
5.61532E+00	1000260560	6.53277E+19	1000260560	6.54100E+19
4.55705E+00	1000260560	1.47108E+21	1000260560	1.47258E+21
4.23578E+00	1000260560	3.68275E+21	1000260560	3.68625E+21
4.85183E+00	1000260560	2.61251E+21	1000260560	2.61535E+21
6.48000E-01	1000260560	1.22494E+20	1000260560	1.22512E+20
5.68850E+00	1000260560	1.21523E+19	1000260560	1.21678E+19
9.04453E+00	1000260560	3.28028E+19	1000260560	3.28695E+19
2.89361E+00	1000260560	7.37273E+18	1000260560	7.37752E+18
3.93944E+00	1000260560	1.66540E+20	1000260560	1.66687E+20
5.48266E+00	1000260560	7.93670E+19	1000260560	7.94647E+19
3.59321E+00	1000260560	2.16194E+21	1000260560	2.16369E+21
1.14301E+00	1000260560	6.80039E+18	1000260560	6.80213E+18
7.84698E+00	1000260560	1.01158E+19	1000260560	1.01336E+19
3.75881E+00	1000260560	3.32986E+21	1000260560	3.33267E+21
6.78388E+00	1000260560	1.15994E+21	1000260560	1.16171E+21
7.56918E+00	1000260560	7.97601E+20	1000260560	7.98957E+20
3.29024E+00	1000260560	3.22086E+21	1000260560	3.22324E+21
5.01745E+00	1000260560	6.85276E+18	1000260560	6.86048E+18
4.43056E+00	1000260560	6.40021E+20	1000260560	6.40658E+20
1.41577E+00	1000260560	1.29576E+21	1000260560	1.29617E+21
2.79814E+00	1000260560	2.44679E+20	1000260560	2.44833E+20
2.73746E+00	1000260560	2.17202E+20	1000260560	2.17335E+20
4.81668E+00	1000260560	5.71973E+20	1000260560	5.72592E+20
1.21814E+00	1000260560	5.20836E+20	1000260560	5.20979E+20
8.90415E+00	1000260560	8.80704E+19	1000260560	8.82465E+19
2.15756E+00	1000260560	7.67410E+19	1000260560	7.67782E+19
8.64814E+00	1000260560	3.22699E+21	1000260560	3.23325E+21
3.40143E+00	1000260560	3.47950E+21	1000260560	3.48216E+21
3.90259E+00	1000260560	4.59509E+20	1000260560	4.59912E+20
8.78660E+00	1000260560	1.08464E+20	1000260560	1.08678E+20
8.49623E+00	1000260560	1.01658E+20	1000260560	1.01852E+20
5.96885E+00	1000260560	6.34706E+19	1000260560	6.35556E+19
3.23491E+00	1000260560	1.10977E+19	1000260560	1.11058E+19
5.19027E+00	1000260560	3.80345E+20	1000260560	3.80789E+20
4.51153E-01	1000260560	1.79194E+19	1000260560	1.79212E+19
3.14719E+00	1000260560	2.79782E+19	1000260560	2.79979E+19
3.09125E+00	1000260560	1.68422E+19	1000260560	1.68539E+19
6.00341E+00	1000260560	7.08577E+20	1000260560	7.09532E+20
5.89693E+00	1000260560	9.46472E+20	1000260560	9.47725E+20
1.29541E+00	1000260560	2.54503E+21	1000260560	2.54577E+21
5.89155E+00	1000260560	4.53168E+20	1000260560	4.53767E+20
4.23407E+00	1000260560	1.58474E+20	1000260560	1.58625E+20
8.21051E+00	1000260560	1.28286E+21	1000260560	1.28523E+21
2.23867E-01	1000260560	2.55108E+20	1000260560	2.55121E+20
6.34551E+00	1000260560	1.00501E+21	1000260560	1.00644E+21
1.54838E+00	1000260560	1.37432E+20	1000260560	1.37480E+20
5.77836E+00	1000260560	1.94389E+21	1000260560	1.94642E+21
9.27648E+00	1000260560	5.78671E+21	1000260560	5.79876E+21
7.35116E+00	1000260560	6.50332E+19	1000260560	6.51406E+19
2.57752E+00	1000260560	1.56339E+20	1000260560	1.56430E+20
6.92284E+00	1000260560	2.99960E+21	1000260560	3.00426E+21
7.50274E+00	1000260560	9.96871E+20	1000260560	9.98551E+20
4.64617E+00	1000260560	4.26075E+20	1000260560	4.26520E+20
1.86201E+00	1000260560	3.46068E+19	1000260560	3.46213E+19
3.79075E+00	1000260560	8.95818E+20	1000260560	8.96580E+20
9.46795E-01	1000260560	1.03468E+19	1000260560	1.03490E+19
1.26434E+00	1000260560	1.57571E+21	1000260560	1.57616E+21
4.54469E+00	1000260560	1.33766E+21	1000260560	1.33902E+21
3.82271E-01	1000260560	3.49747E+21	1000260560	3.49777E+21
4.29937E+00	1000260560	2.65179E+21	1000260560	2.65435E+21
8.67767E+00	1000260560	8.76811E+19	1000260560	8.78520E+19
2.19180E+00	1000260560	6.24340E+20	1000260560	6.24647E+20
8.60146E+00	1000260560	6.50510E+20	1000260560	6.51766E+20
6.77950E+00	1000260560	6.67399E+18	1000260560	6.68415E+18
5.98314E+00	1000260560	2.99050E+20	1000260560	2.99451E+20
5.31622E+00	1000260560	7.86077E+19	1000260560	7.87015E+19
8.91389E+00	1000260560	1.28853E+20	1000260560	1.29111E+20
4.63622E+00	1000260560	8.26746E+20	1000260560	8.27606E+20
4.23233E+00	1000260560	2.33718E+21	1000260560	2.33940E+21
6.96471E+00	1000260560	2.45383E+21	1000260560	2.45767E+21
7.51872E+00	1000260560	1.09120E+21	1000260560	1.09305E+21
9.36470E+00	1000260560	6.74283E+20	1000260560	6.75702E+20
6.89781E+00	1000260560	1.95114E+19	1000260560	1.95416E+19
4.99880E+00	1000260560	3.60607E+20	1000260560	3.61012E+20
7.85669E+00	1000260560	1.35296E+19	1000260560	1.35535E+19
3.50503E+00	1000260560	1.69980E+20	1000260560	1.70114E+20
2.68658E+00	1000260560	1.83956E+20	1000260560	1.84067E+20
2.69384E+00	1000260560	6.73667E+18	1000260560	6.74074E+18
4.87685E+00	1000260560	3.03690E+19	1000260560	3.04022E+19
4.83654E+00	1000260560	2.03605E+19	1000260560	2.03826E+19
3.49810E+00	1000260560	2.89143E+21	1000260560	2.89370E+21
9.51869E+00	1000260560	8.35180E+18	1000260560	8.36966E+18
4.08729E+00	1000260560	1.82797E+21	1000260560	1.82965E+21
4.79009E+00	1000260560	9.88453E+20	1000260560	9.89516E+20
6.85403E+00	1000260560	1.65295E+20	1000260560	1.65550E+20
4.89497E+00	1000260560	3.14704E+19	1000260560	3.15050E+19
1.44979E+00	1000260560	3.13620E+19	1000260560	3.13722E+19
3.93287E+00	1000260560	1.34357E+21	1000260560	1.34475E+21
2.27783E-01	1000260560	4.26642E+19	1000260560	4.26663E+19
2.09045E+00	1000260560	1.31845E+21	1000260560	1.31907E+21
3.36183E+00	1000260560	1.97789E+20	1000260560	1.97939E+20
7.16306E+00	1000260560	1.75707E+21	1000260560	1.75990E+21
1.42160E-01	1000260560	4.36894E+20	1000260560	4.36908E+20
1.34846E+00	1000260560	8.64386E+20	1000260560	8.64648E+20
6.02018E+00	1000260560	4.64411E+21	1000260560	4.65039E+21
6.88748E+00	1000260560	1.48600E+19	1000260560	1.48830E+19
2.72387E+00	1000260560	1.82914E+19	1000260560	1.83025E+19
5.92772E+00	1000260560	5.08972E+19	1000260560	5.09650E+19
5.69656E+00	1000260560	4.01117E+21	1000260560	4.01630E+21
6.74331E+00	1000260560	6.80141E+18	1000260560	6.81171E+18
6.20670E+00	1000260560	1.14741E+20	1000260560	1.14901E+20
6.78999E+00	1000260560	2.21896E+21	1000260560	2.22234E+21
4.39954E+00	1000260560	2.71764E+20	1000260560	2.72032E+20
8.17362E-01	1000260560	3.96318E+19	1000260560	3.96391E+19
5.40469E+00	1000260560	1.37039E+21	1000260560	1.37205E+21
8.66878E+00	1000260560	3.92883E+19	1000260560	3.93648E+19
5.89829E+00	1000260560	5.09339E+19	1000260560	5.10014E+19
1.26600E+00	1000260560	2.58627E+19	1000260560	2.58700E+19
7.11727E+00	1000260560	1.88610E+19	1000260560	1.88912E+19
7.30059E+00	1000260560	5.19095E+21	1000260560	5.19946E+21
1.86376E+00	1000260560	1.81766E+20	1000260560	1.81843E+20
4.50473E+00	1000260560	7.02837E+18	1000260560	7.03547E+18
1.93218E+00	1000260560	3.30148E+19	1000260560	3.30291E+19
3.35699E+00	1000260560	3.41071E+19	1000260560	3.41328E+19
5.23805E-01	1000260560	3.71683E+21	1000260560	3.71727E+21
5.60376E+00	1000260560	4.95049E+19	1000260560	4.95672E+19
5.56360E+00	1000260560	4.66035E+20	1000260560	4.66617E+20
8.80838E+00	1000260560	5.86025E+19	1000260560	5.87185E+19
5.98095E+00	1000260560	4.46998E+20	1000260560	4.47598E+20
8.27095E+00	1000260560	1.57257E+20	1000260560	1.57549E+20
6.28358E+00	1000260560	8.77367E+18	1000260560	8.78605E+18
1.23302E+00	1000260560	2.72816E+20	1000260560	2.72892E+20
9.31133E+00	1000260560	6.00102E+19	1000260560	6.01357E+19
7.51019E-01	1000260560	2.98195E+20	1000260560	2.98245E+20
7.95070E+00	1000260560	2.00602E+20	1000260560	2.00960E+20
3.23801E+00	1000260560	2.62423E+20	1000260560	2.62614E+20
5.59865E+00	1000260560	1.45963E+21	1000260560	1.46147E+21
9.42294E+00	1000260560	3.60745E+20	1000260560	3.61508E+20
2.48122E+00	1000260560	2.94045E+20	1000260560	2.94209E+20
3.49248E+00	1000260560	1.74364E+19	1000260560	1.74501E+19
3.11199E-01	1000260560	4.92358E+21	1000260560	4.92392E+21
8.13651E+00	1000260560	8.43190E+18	1000260560	8.44731E+18
6.76827E-01	1000260560	3.17312E+21	1000260560	3.17361E+21
2.37672E+00	1000260560	5.87529E+21	1000260560	5.87843E+21
1.23208E+00	1000260560	7.58997E+19	1000260560	7.59207E+19
1.75233E+00	1000260560	4.43285E+19	1000260560	4.43460E+19
5.06020E+00	1000260560	7.55461E+19	1000260560	7.56319E+19
7.25833E+00	1000260560	3.82804E+21	1000260560	3.83428E+21
9.92112E+00	1000260560	1.95012E+20	1000260560	1.95446E+20
2.70896E+00	1000260560	1.49262E+21	1000260560	1.49353E+21
2.08840E+00	1000260560	1.77343E+20	1000260560	1.77426E+20
8.95817E-01	1000260560	1.12507E+21	1000260560	1.12529E+21
5.98242E+00	1000260560	1.09096E+21	1000260560	1.09243E+21
4.35552E+00	1000260560	1.77303E+19	1000260560	1.77476E+19
4.22864E+00	1000260560	1.07292E+19	1000260560	1.07394E+19
2.71041E+00	1000260560	1.36305E+20	1000260560	1.36388E+20
1.54597E+00	1000260560	2.25759E+19	1000260560	2.25837E+19
3.55911E+00	1000260560	9.18598E+19	1000260560	9.19333E+19
5.04999E+00	1000260560	3.77280E+20	1000260560	3.77708E+20
5.57242E+00	1000260560	4.13081E+19	1000260560	4.13598E+19
2.92984E+00	1000260560	1.19502E+19	1000260560	1.19581E+19
3.79076E+00	1000260560	1.87528E+21	1000260560	1.87688E+21
2.80176E+00	1000260560	1.24997E+21	1000260560	1.25076E+21
3.97785E-01	1000260560	1.16390E+20	1000260560	1.16400E+20
2.19429E-01	1000260560	1.00039E+20	1000260560	1.00044E+20
6.14826E+00	1000260560	2.66143E+20	1000260560	2.66510E+20
4.44532E+00	1000260560	3.89746E+20	1000260560	3.90136E+20
6.96469E+00	1000260560	5.71123E+21	1000260560	5.72016E+21
5.72448E+00	1000260560	4.24668E+20	1000260560	4.25214E+20
3.32950E+00	1000260560	2.42705E+21	1000260560	2.42886E+21
3.14133E+00	1000260560	3.49438E+19	1000260560	3.49684E+19
7.94119E-01	1000260560	4.71370E+20	1000260560	4.71454E+20
1.04439E+00	1000260560	3.05145E+21	1000260560	3.05217E+21
6.96102E+00	1000260560	4.25124E+21	1000260560	4.25788E+21
9.53851E+00	1000260560	6.13085E+21	1000260560	6.14399E+21
6.40565E+00	1000260560	2.12127E+20	1000260560	2.12433E+20
6.26690E+00	1000260560	8.66449E+20	1000260560	8.67668E+20
9.56813E+00	1000260560	6.50739E+20	1000260560	6.52137E+20
3.43276E+00	1000260560	4.50723E+19	1000260560	4.51071E+19
1.49304E+00	1000260560	3.29893E+19	1000260560	3.30004E+19
4.38081E+00	1000260560	3.04316E+19	1000260560	3.04615E+19
5.33174E+00	1000260560	2.20061E+19	1000260560	2.20325E+19
4.79681E+00	1000260560	2.17710E+19	1000260560	2.17944E+19
5.24625E+00	1000260560	1.69205E+19	1000260560	1.69405E+19
7.12869E+00	1000260560	7.49490E+20	1000260560	7.50690E+20
9.21452E+00	1000260560	9.72189E+18	1000260560	9.74201E+18
5.75338E+00	1000260560	2.37008E+20	1000260560	2.37314E+20
4.00387E-01	1000260560	2.11383E+21	1000260560	2.11402E+21
9.45172E+00	1000260560	1.08742E+19	1000260560	1.08973E+19
6.86017E+00	1000260560	7.67054E+20	1000260560	7.68236E+20
5.38447E+00	1000260560	5.67116E+21	1000260560	5.67802E+21
6.08560E+00	1000260560	2.13111E+21	1000260560	2.13403E+21
4.47585E+00	1000260560	5.63825E+20	1000260560	5.64391E+20
1.16481E+00	1000260560	7.83201E+18	1000260560	7.83406E+18
2.29324E+00	1000260560	3.69401E+19	1000260560	3.69591E+19
8.11884E+00	1000260560	7.29987E+20	1000260560	7.31318E+20
9.98953E+00	1000260560	1.31549E+19	1000260560	1.31844E+19
5.85709E+00	1000260560	1.18398E+19	1000260560	1.18554E+19
2.44597E+00	1000260560	1.69262E+20	1000260560	1.69355E+20
3.55020E+00	1000260560	8.65548E+19	1000260560	8.66238E+19
9.89740E+00	1000260560	1.52443E+21	1000260560	1.52782E+21
8.47576E+00	1000260560	1.70706E+20	1000260560	1.71031E+20
8.12930E-01	1000260560	2.00184E+19	1000260560	2.00220E+19
1.40209E+00	1000260560	4.13184E+20	1000260560	4.13314E+20
8.86841E+00	1000260560	2.80096E+19	1000260560	2.80654E+19
5.94894E+00	1000260560	7.92170E+19	1000260560	7.93228E+19
1.68252E-01	1000260560	4.87059E+19	1000260560	4.87077E+19
2.89274E+00	1000260560	6.85616E+19	1000260560	6.86062E+19
9.91198E+00	1000260560	9.22309E+20	1000260560	9.24363E+20
5.43399E+00	1000260560	7.28420E+20	1000260560	7.29309E+20
2.95326E+00	1000260560	2.29774E+21	1000260560	2.29926E+21
3.27308E+00	1000260560	2.97934E+20	1000260560	2.98153E+20
4.23567E+00	1000260560	2.23042E+21	1000260560	2.23255E+21
1.22259E+00	1000260560	1.32880E+20	1000260560	1.32917E+20
8.61340E+00	1000260560	1.81743E+21	1000260560	1.82095E+21
1.44594E-02	1000260560	1.80569E+20	1000260560	1.80570E+20
5.11380E+00	1000260560	7.00199E+19	1000260560	7.01003E+19
4.33048E+00	1000260560	1.26519E+20	1000260560	1.26642E+20
7.71364E+00	1000260560	2.75087E+20	1000260560	2.75564E+20
2.93498E+00	1000260560	1.13154E+20	1000260560	1.13229E+20
1.13058E+00	1000260560	1.52704E+19	1000260560	1.52743E+19
4.58367E+00	1000260560	2.61339E+19	1000260560	2.61608E+19
1.98539E+00	1000260560	1.85803E+21	1000260560	1.85886E+21
2.12813E+00	1000260560	4.22840E+20	1000260560	4.23042E+20
9.24227E+00	1000260560	1.57487E+20	1000260560	1.57814E+20
8.62643E+00	1000260560	1.30352E+19	1000260560	1.30604E+19
9.28999E+00	1000260560	6.02003E+21	1000260560	6.03260E+21
5.03323E+00	1000260560	1.50820E+20	1000260560	1.50991E+20
8.55706E+00	1000260560	5.60754E+20	1000260560	5.61832E+20
1.36575E+00	1000260560	7.41476E+20	1000260560	7.41703E+20
1.72188E+00	1000260560	8.85593E+19	1000260560	8.85935E+19
9.68314E+00	1000260560	3.45971E+21	1000260560	3.46724E+21
6.43809E+00	1000260560	7.93247E+20	1000260560	7.94393E+20
6.98833E+00	1000260560	3.61918E+19	1000260560	3.62486E+19
9.21845E+00	1000260560	2.37027E+20	1000260560	2.37518E+20
4.78689E+00	1000260560	9.87120E+19	1000260560	9.88181E+19
8.39391E+00	1000260560	4.40566E+21	1000260560	4.41396E+21
3.98874E+00	1000260560	2.45160E+20	1000260560	2.45380E+20
8.86691E+00	1000260560	1.11431E+20	1000260560	1.11653E+20
1.75541E+00	1000260560	8.95547E+18	1000260560	8.95900E+18
7.75471E+00	1000260560	4.46632E+19	1000260560	4.47410E+19
6.99650E+00	1000260560	1.41925E+21	1000260560	1.42148E+21
6.37018E+00	1000260560	1.01736E+21	1000260560	1.01881E+21
6.71169E-01	1000260560	1.81784E+20	1000260560	1.81811E+20
8.25427E+00	1000260560	3.01755E+21	1000260560	3.02315E+21
8.63944E+00	1000260560	9.54481E+18	1000260560	9.56333E+18
1.03890E+00	1000260560	2.70381E+20	1000260560	2.70444E+20
9.91103E+00	1000260560	7.44988E+20	1000260560	7.46647E+20
4.23048E+00	1000260560	1.14873E+20	1000260560	1.14983E+20
5.85157E+00	1000260560	8.87721E+20	1000260560	8.88888E+20
8.42157E+00	1000260560	2.57252E+19	1000260560	2.57738E+19
4.19346E+00	1000260560	1.01064E+20	1000260560	1.01159E+20
6.66671E+00	1000260560	1.91118E+21	1000260560	1.91404E+21
1.73271E+00	1000260560	1.50335E+20	1000260560	1.50393E+20
7.84195E+00	1000260560	1.15994E+19	1000260560	1.16198E+19
9.52054E+00	1000260560	6.83641E+18	1000260560	6.85103E+18
6.02150E+00	1000260560	1.06726E+19	1000260560	1.06870E+19
3.06794E+00	1000260560	1.00340E+20	1000260560	1.00409E+20
9.92716E+00	1000260560	5.02258E+20	1000260560	5.03377E+20
3.95178E+00	1000260560	9.08772E+20	1000260560	9.09578E+20
4.91350E-01	1000260560	1.15632E+21	1000260560	1.15645E+21
7.76316E+00	1000260560	1.13049E+19	1000260560	1.13246E+19
3.97521E+00	1000260560	5.79707E+20	1000260560	5.80224E+20
4.70558E+00	1000260560	1.36220E+19	1000260560	1.36364E+19
3.81433E+00	1000260560	2.21892E+21	1000260560	2.22082E+21
3.70491E+00	1000260560	7.49777E+19	1000260560	7.50401E+19
6.83952E+00	1000260560	4.03858E+21	1000260560	4.04478E+21
2.81444E+00	1000260560	3.93838E+20	1000260560	3.94086E+20
1.07271E+00	1000260560	4.95402E+20	1000260560	4.95521E+20
8.07661E+00	1000260560	1.94877E+20	1000260560	1.95231E+20
7.77128E+00	1000260560	1.57357E+21	1000260560	1.57632E+21
8.33145E-01	1000260560	3.58141E+21	1000260560	3.58208E+21
1.12460E+00	1000260560	7.20686E+18	1000260560	7.20868E+18
3.15454E+00	1000260560	2.17214E+21	1000260560	2.17367E+21
7.80457E+00	1000260560	1.60712E+19	1000260560	1.60994E+19
6.44877E+00	1000260560	1.44602E+21	1000260560	1.44812E+21
3.46495E+00	1000260560	1.10376E+19	1000260560	1.10462E+19
3.21806E+00	1000260560	3.29895E+20	1000260560	3.30133E+20
7.47642E+00	1000260560	1.83069E+19	1000260560	1.83376E+19
1.99423E+00	1000260560	1.36993E+21	1000260560	1.37055E+21
2.46515E+00	1000260560	3.92256E+19	1000260560	3.92473E+19
3.58988E-03	1000260560	3.16818E+19	1000260560	3.16818E+19
3.16685E+00	1000260560	2.77211E+20	1000260560	2.77408E+20
9.09677E+00	1000260560	3.58086E+19	1000260560	3.58818E+19
8.53902E-01	1000260560	1.48834E+21	1000260560	1.48862E+21
6.48172E-01	1000260560	2.69850E+21	1000260560	2.69889E+21
8.18980E+00	1000260560	6.20002E+20	1000260560	6.21142E+20
8.60924E+00	1000260560	7.69904E+20	1000260560	7.71393E+20
5.17006E-01	1000260560	1.01865E+19	1000260560	1.01877E+19
8.02549E+00	1000260560	2.58964E+20	1000260560	2.59430E+20
6.71760E+00	1000260560	1.22568E+20	1000260560	1.22753E+20
9.41758E+00	1000260560	2.60936E+21	1000260560	2.61488E+21
7.29960E+00	1000260560	9.73823E+19	1000260560	9.75419E+19
4.48796E+00	1000260560	6.13027E+20	1000260560	6.13645E+20
7.71734E+00	1000260560	2.31875E+21	1000260560	2.32277E+21
1.26078E+00	1000260560	2.56125E+19	1000260560	2.56197E+19
9.62591E+00	1000260560	1.48470E+19	1000260560	1.48791E+19
6.17646E+00	1000260560	6.59025E+18	1000260560	6.59939E+18
9.63606E+00	1000260560	2.32536E+19	1000260560	2.33039E+19
8.83724E+00	1000260560	5.91352E+20	1000260560	5.92526E+20
3.83601E+00	1000260560	7.85766E+20	1000260560	7.86443E+20
9.53774E+00	1000260560	5.96842E+19	1000260560	5.98121E+19
5.13877E+00	1000260560	6.38619E+20	1000260560	6.39356E+20
9.13191E-01	1000260560	2.47515E+20	1000260560	2.47566E+20
9.03368E+00	1000260560	8.25148E+18	1000260560	8.26822E+18
3.30240E+00	1000260560	4.90889E+20	1000260560	4.91253E+20
9.42569E+00	1000260560	5.40852E+20	1000260560	5.41997E+20
5.94956E+00	1000260560	1.23461E+19	1000260560	1.23626E+19
4.11067E+00	1000260560	1.31248E+19	1000260560	1.31370E+19
2.60539E+00	1000260560	1.28178E+19	1000260560	1.28253E+19
2.28670E+00	1000260560	7.03545E+18	1000260560	7.03906E+18
3.33015E+00	1000260560	4.98125E+19	1000260560	4.98498E+19
6.05474E+00	1000260560	2.89778E+21	1000260560	2.90172E+21
7.73451E+00	1000260560	1.73554E+21	1000260560	1.73855E+21
2.51081E+00	1000260560	7.55287E+18	1000260560	7.55713E+18
3.45390E-01	1000260560	4.32467E+19	1000260560	4.32500E+19
1.07807E+00	1000260560	1.22575E+21	1000260560	1.22605E+21
5.21221E+00	1000260560	3.25037E+21	1000260560	3.25417E+21
8.69082E-01	1000260560	5.63530E+21	1000260560	5.63640E+21
3.41264E-01	1000260560	1.09119E+19	1000260560	1.09127E+19
6.64439E+00	1000260560	1.84418E+19	1000260560	1.84694E+19
6.56871E+00	1000260560	2.45064E+21	1000260560	2.45426E+21
6.82489E-01	1000260560	1.14455E+19	1000260560	1.14472E+19
8.67410E+00	1000260560	2.22263E+21	1000260560	2.22696E+21
7.42285E+00	1000260560	7.37975E+19	1000260560	7.39205E+19
2.38653E+00	1000260560	2.21176E+20	1000260560	2.21295E+20
2.82063E+00	1000260560	1.05608E+19	1000260560	1.05675E+19
9.66496E-01	1000260560	2.21200E+20	1000260560	2.21248E+20
4.64190E+00	1000260560	2.99245E+21	1000260560	2.99557E+21
7.25259E+00	1000260560	1.21017E+20	1000260560	1.21215E+20
4.37195E+00	1000260560	2.09864E+19	1000260560	2.10070E+19
3.85311E+00	1000260560	2.80628E+19	1000260560	2.80871E+19
5.58364E+00	1000260560	4.60506E+19	1000260560	4.61084E+19
6.82817E-01	1000260560	2.63861E+19	1000260560	2.63902E+19
3.29306E+00	1000260560	1.10777E+20	1000260560	1.10859E+20
4.49973E+00	1000260560	6.25371E+18	1000260560	6.26003E+18
4.97274E+00	1000260560	1.61601E+20	1000260560	1.61781E+20
2.56116E+00	1000260560	1.41038E+20	1000260560	1.41119E+20
4.04970E+00	1000260560	2.37130E+21	1000260560	2.37346E+21
5.56073E+00	1000260560	2.26730E+21	1000260560	2.27013E+21
6.52795E+00	1000260560	1.06551E+20	1000260560	1.06707E+20
1.25572E-01	1000260560	8.47753E+20	1000260560	8.47777E+20
5.66184E+00	1000260560	1.80663E+19	1000260560	1.80893E+19
1.93981E+00	1000260560	6.39135E+20	1000260560	6.39413E+20
9.25983E+00	1000260560	8.85135E+19	1000260560	8.86975E+19
2.95313E+00	1000260560	2.18346E+20	1000260560	2.18491E+20
6.32749E+00	1000260560	3.17744E+19	1000260560	3.18195E+19
1.06196E+00	1000260560	6.84263E+19	1000260560	6.84426E+19
1.72686E+00	1000260560	1.09816E+19	1000260560	1.09858E+19
5.68459E+00	1000260560	5.89819E+21	1000260560	5.90572E+21
8.73530E+00	1000260560	3.95076E+21	1000260560	3.95851E+21
3.48104E+00	1000260560	2.36390E+20	1000260560	2.36575E+20
6.01492E+00	1000260560	3.34766E+19	1000260560	3.35218E+19
8.07172E+00	1000260560	2.74328E+21	1000260560	2.74825E+21
7.90892E+00	1000260560	6.84258E+19	1000260560	6.85473E+19
2.74084E+00	1000260560	1.80568E+19	1000260560	1.80679E+19
9.46879E-01	1000260560	3.56668E+20	1000260560	3.56744E+20
8.44841E+00	1000260560	2.96234E+21	1000260560	2.96796E+21
9.39024E+00	1000260560	1.56690E+20	1000260560	1.57020E+20
1.52678E+00	1000260560	5.20890E+19	1000260560	5.21069E+19
3.15297E+00	1000260560	5.47834E+21	1000260560	5.48222E+21
1.86742E+00	1000260560	4.68007E+21	1000260560	4.68203E+21
3.68629E+00	1000260560	1.68188E+20	1000260560	1.68327E+20
9.46585E+00	1000260560	2.16506E+19	1000260560	2.16967E+19
8.66909E+00	1000260560	1.82844E+20	1000260560	1.83200E+20
1.46817E-01	1000260560	1.15386E+21	1000260560	1.15390E+21
1.13977E+00	1000260560	1.14154E+20	1000260560	1.14183E+20
8.01482E+00	1000260560	5.85446E+21	1000260560	5.86500E+21
4.71918E+00	1000260560	5.43208E+21	1000260560	5.43783E+21
6.45665E+00	1000260560	5.97799E+21	1000260560	5.98666E+21
6.53339E+00	1000260560	3.56994E+21	1000260560	3.57518E+21
6.95761E-01	1000260560	6.38052E+19	1000260560	6.38152E+19
4.48455E+00	1000260560	2.65404E+20	1000260560	2.65672E+20
9.85763E-01	1000260560	3.37871E+20	1000260560	3.37946E+20
4.78029E+00	1000260560	2.88665E+20	1000260560	2.88975E+20
3.13865E+00	1000260560	5.50592E+20	1000260560	5.50980E+20
3.09690E+00	1000260560	7.96061E+18	1000260560	7.96614E+18
8.42473E+00	1000260560	8.80056E+18	1000260560	8.81721E+18
6.26325E+00	1000260560	9.07810E+20	1000260560	9.09087E+20
2.30564E+00	1000260560	5.40683E+20	1000260560	5.40963E+20
1.07039E+00	1000260560	1.32082E+21	1000260560	1.32114E+21
8.32736E+00	1000260560	6.59890E+20	1000260560	6.61124E+20
3.45237E+00	1000260560	1.33516E+21	1000260560	1.33620E+21
7.19179E+00	1000260560	3.92105E+20	1000260560	3.92738E+20
4.82747E-01	1000260560	8.34953E+19	1000260560	8.35044E+19
6.44668E+00	1000260560	1.02869E+20	1000260560	1.03018E+20
9.67140E-01	1000260560	1.34748E+21	1000260560	1.34777E+21
8.31079E+00	1000260560	1.93045E+21	1000260560	1.93405E+21
9.11913E+00	1000260560	2.53582E+20	1000260560	2.54102E+20
8.05088E+00	1000260560	5.51835E+20	1000260560	5.52833E+20
6.82404E+00	1000260560	6.76763E+19	1000260560	6.77800E+19
4.40299E+00	1000260560	2.58217E+21	1000260560	2.58472E+21
9.75617E-01	1000260560	1.16714E+20	1000260560	1.16739E+20
3.98332E+00	1000260560	2.40138E+21	1000260560	2.40353E+21
1.01632E+00	1000260560	2.91532E+20	1000260560	2.91599E+20
9.34790E+00	1000260560	6.24554E+19	1000260560	6.25865E+19
1.88215E+00	1000260560	4.46569E+21	1000260560	4.46757E+21
1.78354E+00	1000260560	2.53223E+19	1000260560	2.53324E+19
8.05404E+00	1000260560	8.35067E+18	1000260560	8.36577E+18
5.10257E+00	1000260560	1.09029E+19	1000260560	1.09154E+19
5.78981E+00	1000260560	2.74662E+21	1000260560	2.75019E+21
1.49514E+00	1000260560	1.20002E+20	1000260560	1.20042E+20
1.38788E+00	1000260560	9.38118E+18	1000260560	9.38411E+18
1.98404E+00	1000260560	6.19272E+21	1000260560	6.19548E+21
5.33230E-01	1000260560	4.09210E+21	1000260560	4.09259E+21
4.56702E+00	1000260560	5.13300E+19	1000260560	5.13826E+19
5.05668E+00	1000260560	3.11993E+20	1000260560	3.12347E+20
5.12777E+00	1000260560	8.21078E+20	1000260560	8.22023E+20
3.97947E+00	1000260560	1.58268E+19	1000260560	1.58409E+19
1.23883E+00	1000260560	2.02129E+20	1000260560	2.02185E+20
4.69191E+00	1000260560	6.35528E+20	1000260560	6.36198E+20
9.69756E+00	1000260560	8.11245E+20	1000260560	8.13012E+20
7.08428E+00	1000260560	4.08787E+19	1000260560	4.09437E+19
2.38796E+00	1000260560	2.17008E+20	1000260560	2.17124E+20
8.53464E+00	1000260560	4.98910E+21	1000260560	4.99866E+21
3.73679E+00	1000260560	1.86511E+21	1000260560	1.86668E+21
6.35624E+00	1000260560	2.04746E+21	1000260560	2.05039E+21
4.27245E+00	1000260560	3.72841E+19	1000260560	3.73198E+19
6.43787E+00	1000260560	1.59561E+21	1000260560	1.59791E+21
7.26842E+00	1000260560	5.93102E+19	1000260560	5.94070E+19
7.34484E+00	1000260560	7.32448E+19	1000260560	7.33656E+19
4.52616E-02	1000260560	4.51880E+20	1000260560	4.51885E+20
8.12726E+00	1000260560	3.75291E+19	1000260560	3.75976E+19
5.41234E+00	1000260560	4.02306E+19	1000260560	4.02795E+19
4.76545E+00	1000260560	9.17121E+18	1000260560	9.18103E+18
8.37510E+00	1000260560	1.98787E+19	1000260560	1.99161E+19
8.27397E+00	1000260560	3.79392E+20	1000260560	3.80097E+20
4.23029E+00	1000260560	9.40631E+20	1000260560	9.41525E+20
7.70479E+00	1000260560	4.43057E+21	1000260560	4.43824E+21
1.64560E+00	1000260560	3.45666E+21	1000260560	3.45793E+21
4.25219E-03	1000260560	8.99157E+19	1000260560	8.99158E+19
4.49998E+00	1000260560	2.53265E+21	1000260560	2.53521E+21
3.44599E+00	1000260560	3.01677E+19	1000260560	3.01910E+19
3.01178E+00	1000260560	9.01660E+20	1000260560	9.02270E+20
2.90685E+00	1000260560	3.75023E+20	1000260560	3.75267E+20
9.79407E+00	1000260560	2.55684E+20	1000260560	2.56247E+20
4.20448E+00	1000260560	5.84551E+20	1000260560	5.85103E+20
1.40237E+00	1000260560	1.07243E+19	1000260560	1.07277E+19
9.96326E+00	1000260560	6.96007E+20	1000260560	6.97564E+20
4.99875E+00	1000260560	1.23643E+20	1000260560	1.23781E+20
9.09308E-01	1000260560	9.22014E+19	1000260560	9.22202E+19
2.86415E+00	1000260560	4.83732E+21	1000260560	4.84043E+21
6.05331E+00	1000260560	1.56353E+20	1000260560	1.56565E+20
4.70696E+00	1000260560	3.63955E+20	1000260560	3.64339E+20
3.83092E+00	1000260560	2.18370E+19	1000260560	2.18558E+19
3.70500E+00	1000260560	3.73915E+21	1000260560	3.74226E+21
5.46093E+00	1000260560	9.07711E+19	1000260560	9.08824E+19
5.29225E+00	1000260560	9.22435E+18	1000260560	9.23532E+18
2.79519E+00	1000260560	4.07840E+21	1000260560	4.08096E+21
5.76999E+00	1000260560	1.49258E+21	1000260560	1.49451E+21
8.77407E+00	1000260560	2.35374E+20	1000260560	2.35838E+20
6.77000E+00	1000260560	4.32314E+21	1000260560	4.32971E+21
4.81758E+00	1000260560	5.24478E+19	1000260560	5.25045E+19
9.26577E-01	1000260560	3.25890E+19	1000260560	3.25958E+19
7.64842E+00	1000260560	1.32341E+21	1000260560	1.32568E+21
5.04497E+00	1000260560	4.65391E+19	1000260560	4.65919E+19
4.83992E+00	1000260560	8.21429E+19	1000260560	8.22322E+19
3.23463E+00	1000260560	2.06606E+20	1000260560	2.06756E+20
1.58669E+00	1000260560	1.59854E+21	1000260560	1.59911E+21
4.17749E+00	1000260560	2.96608E+20	1000260560	2.96886E+20
6.17358E+00	1000260560	1.05941E+20	1000260560	1.06088E+20
9.91466E+00	1000260560	1.72812E+20	1000260560	1.73196E+20
6.53623E+00	1000260560	4.04803E+21	1000260560	4.05397E+21
8.43373E+00	1000260560	2.57554E+20	1000260560	2.58042E+20
5.90864E+00	1000260560	4.83810E+21	1000260560	4.84452E+21
5.41093E+00	1000260560	5.35297E+19	1000260560	5.35947E+19
8.96718E+00	1000260560	1.26166E+21	1000260560	1.26420E+21
6.07913E+00	1000260560	1.34039E+21	1000260560	1.34222E+21
9.39882E+00	1000260560	7.21729E+20	1000260560	7.23253E+20
4.18762E+00	1000260560	1.69277E+21	1000260560	1.69436E+21
9.44504E+00	1000260560	1.04978E+20	1000260560	1.05201E+20
6.97535E+00	1000260560	4.72004E+20	1000260560	4.72743E+20
7.37440E+00	1000260560	2.08562E+19	1000260560	2.08908E+19
1.17252E+00	1000260560	3.14411E+20	1000260560	3.14494E+20
3.75661E+00	1000260560	9.99615E+18	1000260560	1.00046E+19
6.91132E+00	1000260560	4.55882E+21	1000260560	4.56590E+21
9.12600E+00	1000260560	1.13074E+21	1000260560	1.13306E+21
7.31961E+00	1000260560	9.47386E+20	1000260560	9.48943E+20
3.30368E+00	1000260560	1.39538E+19	1000260560	1.39641E+19
5.56600E+00	1000260560	4.70495E+19	1000260560	4.71083E+19
8.85150E+00	1000260560	5.59072E+20	1000260560	5.60183E+20
9.24567E+00	1000260560	8.70948E+20	1000260560	8.72757E+20
2.30287E+00	1000260560	1.57689E+19	1000260560	1.57770E+19
4.44126E+00	1000260560	1.22588E+20	1000260560	1.22711E+20
6.10581E+00	1000260560	2.39434E+21	1000260560	2.39762E+21
2.42915E+00	1000260560	3.46634E+21	1000260560	3.46823E+21
5.27101E+00	1000260560	1.53791E+21	1000260560	1.53973E+21
7.21337E+00	1000260560	1.77902E+20	1000260560	1.78190E+20
3.17769E+00	1000260560	7.33881E+18	1000260560	7.34405E+18
7.75455E+00	1000260560	8.45597E+18	1000260560	8.47070E+18
1.68144E+00	1000260560	5.51372E+20	1000260560	5.51581E+20
7.75369E+00	1000260560	1.97007E+20	1000260560	1.97350E+20
6.46636E+00	1000260560	1.11350E+19	1000260560	1.11512E+19
4.24700E+00	1000260560	5.22104E+21	1000260560	5.22602E+21
2.67771E+00	1000260560	7.52905E+19	1000260560	7.53358E+19
6.31914E+00	1000260560	9.95158E+19	1000260560	9.96570E+19
5.15328E-01	1000260560	4.11418E+19	1000260560	4.11466E+19
2.46101E+00	1000260560	9.17345E+20	1000260560	9.17852E+20
7.73502E+00	1000260560	1.50188E+20	1000260560	1.50449E+20
8.78374E+00	1000260560	3.51532E+19	1000260560	3.52225E+19
6.53689E+00	1000260560	1.87081E+21	1000260560	1.87356E+21
1.96577E+00	1000260560	3.37974E+19	1000260560	3.38124E+19
1.90285E+00	1000260560	3.76655E+19	1000260560	3.76816E+19
5.57027E+00	1000260560	1.73271E+20	1000260560	1.73488E+20
5.60628E+00	1000260560	1.35264E+21	1000260560	1.35434E+21
9.84669E+00	1000260560	1.23135E+19	1000260560	1.23408E+19
2.36085E+00	1000260560	1.43074E+19	1000260560	1.43149E+19
5.15246E+00	1000260560	9.59259E+18	1000260560	9.60369E+18
6.21961E+00	1000260560	4.93500E+21	1000260560	4.94189E+21
9.75526E+00	1000260560	2.09681E+21	1000260560	2.10140E+21
1.48416E+00	1000260560	9.78564E+20	1000260560	9.78890E+20
5.70167E-01	1000260560	3.94042E+19	1000260560	3.94092E+19
5.69548E+00	1000260560	2.97059E+19	1000260560	2.97439E+19
7.05942E+00	1000260560	1.09457E+20	1000260560	1.09631E+20
1.91986E+00	1000260560	1.80613E+21	1000260560	1.80691E+21
4.74246E+00	1000260560	7.15845E+20	1000260560	7.16608E+20
6.02639E+00	1000260560	1.58454E+21	1000260560	1.58669E+21
4.05358E+00	1000260560	2.91097E+19	1000260560	2.91362E+19
8.90962E+00	1000260560	2.07044E+19	1000260560	2.07459E+19
4.28764E-01	1000260560	3.42549E+19	1000260560	3.42582E+19
3.95544E+00	1000260560	1.12808E+21	1000260560	1.12908E+21
4.03252E+00	1000260560	1.87284E+19	1000260560	1.87454E+19
2.01409E+00	1000260560	1.63773E+20	1000260560	1.63847E+20
3.97726E+00	1000260560	8.32724E+19	1000260560	8.33468E+19
3.95623E+00	1000260560	8.46770E+20	1000260560	8.47523E+20
8.00113E-02	1000260560	7.30533E+18	1000260560	7.30546E+18
4.92107E+00	1000260560	3.96128E+21	1000260560	3.96565E+21
1.90600E+00	1000260560	1.02099E+20	1000260560	1.02143E+20
1.92150E+00	1000260560	7.18492E+19	1000260560	7.18802E+19
3.32574E+00	1000260560	4.99539E+21	1000260560	4.99912E+21
6.28026E+00	1000260560	1.45375E+19	1000260560	1.45580E+19
1.34359E+00	1000260560	3.43846E+20	1000260560	3.43949E+20
1.54002E-01	1000260560	2.36698E+20	1000260560	2.36706E+20
1.30296E+00	1000260560	9.23645E+20	1000260560	9.23916E+20
8.54016E+00	1000260560	2.01623E+19	1000260560	2.02010E+19
8.95928E+00	1000260560	8.61575E+20	1000260560	8.63309E+20
2.87226E+00	1000260560	1.30014E+20	1000260560	1.30097E+20
7.76389E+00	1000260560	3.85534E+21	1000260560	3.86206E+21
6.66104E+00	1000260560	9.52082E+19	1000260560	9.53506E+19
7.70005E+00	1000260560	6.63940E+20	1000260560	6.65088E+20
7.83554E+00	1000260560	4.43500E+19	1000260560	4.44280E+19
2.54276E+00	1000260560	4.35967E+21	1000260560	4.36216E+21
6.13668E+00	1000260560	1.48098E+21	1000260560	1.48302E+21
3.97048E+00	1000260560	1.01963E+19	1000260560	1.02053E+19
5.14771E+00	1000260560	2.39041E+19	1000260560	2.39318E+19
3.39899E+00	1000260560	1.64622E+20	1000260560	1.64747E+20
2.98388E+00	1000260560	6.94664E+18	1000260560	6.95129E+18
1.15221E+00	1000260560	6.05918E+21	1000260560	6.06075E+21
9.30405E+00	1000260560	1.89870E+21	1000260560	1.90267E+21
8.21988E+00	1000260560	3.38807E+20	1000260560	3.39433E+20
1.14713E+00	1000260560	1.40339E+19	1000260560	1.40375E+19
4.11282E+00	1000260560	2.82487E+20	1000260560	2.82748E+20
4.31170E+00	1000260560	9.71309E+18	1000260560	9.72249E+18
4.87359E+00	1000260560	5.56043E+21	1000260560	5.56651E+21
7.11707E+00	1000260560	1.68627E+19	1000260560	1.68897E+19
1.39173E+00	1000260560	1.40044E+20	1000260560	1.40087E+20
2.22535E+00	1000260560	5.73296E+21	1000260560	5.73583E+21
3.35146E+00	1000260560	1.19947E+20	1000260560	1.20038E+20
2.60685E+00	1000260560	1.00918E+20	1000260560	1.00977E+20
9.56020E+00	1000260560	7.79643E+18	1000260560	7.81317E+18
9.00289E+00	1000260560	1.19860E+20	1000260560	1.20103E+20
8.86406E+00	1000260560	6.13829E+19	1000260560	6.15051E+19
4.62411E+00	1000260560	3.23366E+20	1000260560	3.23701E+20
8.72841E-01	1000260560	4.84315E+20	1000260560	4.84410E+20
9.39855E+00	1000260560	1.31815E+20	1000260560	1.32094E+20
8.63879E+00	1000260560	9.51546E+19	1000260560	9.53392E+19
6.28159E+00	1000260560	2.98978E+21	1000260560	2.99400E+21
2.12752E+00	1000260560	3.79356E+21	1000260560	3.79537E+21
5.65301E+00	1000260560	1.59321E+21	1000260560	1.59523E+21
7.07174E-01	1000260560	2.30812E+19	1000260560	2.30849E+19
6.96038E-02	1000260560	2.83568E+20	1000260560	2.83572E+20
2.99713E+00	1000260560	1.32447E+21	1000260560	1.32536E+21
8.19851E+00	1000260560	1.72302E+19	1000260560	1.72619E+19
3.88953E+00	1000260560	4.09550E+19	1000260560	4.09907E+19
2.69042E+00	1000260560	3.85789E+20	1000260560	3.86022E+20
3.62013E+00	1000260560	4.55579E+21	1000260560	4.55950E+21
5.91275E+00	1000260560	6.36047E+18	1000260560	6.36892E+18
8.50301E+00	1000260560	2.69769E+20	1000260560	2.70284E+20
7.95006E+00	1000260560	3.01856E+20	1000260560	3.02395E+20
8.77765E+00	1000260560	4.18424E+21	1000260560	4.19249E+21
7.99008E+00	1000260560	7.27239E+18	1000260560	7.28544E+18
5.10811E+00	1000260560	1.68275E+21	1000260560	1.68468E+21
2.02617E+00	1000260560	3.37253E+21	1000260560	3.37406E+21
2.11357E+00	1000260560	7.11461E+19	1000260560	7.11799E+19
9.60057E+00	1000260560	4.19683E+21	1000260560	4.20588E+21
7.50414E+00	1000260560	6.98688E+20	1000260560	6.99866E+20
1.75778E+00	1000260560	2.60418E+21	1000260560	2.60521E+21
7.75914E+00	1000260560	1.80458E+19	1000260560	1.80773E+19
8.96360E+00	1000260560	1.67667E+19	1000260560	1.68005E+19
7.89770E+00	1000260560	2.89010E+21	1000260560	2.89522E+21
6.99016E+00	1000260560	1.32000E+20	1000260560	1.32207E+20
2.29074E+00	1000260560	4.63031E+19	1000260560	4.63270E+19
4.88962E+00	1000260560	6.52678E+18	1000260560	6.53395E+18
3.76879E+00	1000260560	3.10989E+21	1000260560	3.11252E+21
7.46562E+00	1000260560	1.88853E+21	1000260560	1.89169E+21
5.50106E+00	1000260560	4.18701E+19	1000260560	4.19218E+19
5.63589E+00	1000260560	1.43418E+20	1000260560	1.43600E+20
4.45977E-01	1000260560	2.24799E+19	1000260560	2.24822E+19
7.00590E+00	1000260560	1.29183E+20	1000260560	1.29386E+20
5.04972E-01	1000260560	3.82073E+20	1000260560	3.82116E+20
8.58045E+00	1000260560	4.36246E+20	1000260560	4.37086E+20
8.50443E+00	1000260560	1.65999E+21	1000260560	1.66316E+21
5.92560E+00	1000260560	8.13300E+20	1000260560	8.14382E+20
4.20460E+00	1000260560	5.18252E+21	1000260560	5.18741E+21
8.33230E+00	1000260560	7.44831E+20	1000260560	7.46225E+20
6.21705E+00	1000260560	1.07610E+19	1000260560	1.07760E+19
1.96948E+00	1000260560	1.15618E+21	1000260560	1.15669E+21
6.93477E+00	1000260560	4.45063E+20	1000260560	4.45756E+20
2.54687E+00	1000260560	8.51634E+19	1000260560	8.52121E+19
1.00145E+00	1000260560	9.88520E+20	1000260560	9.88742E+20
3.96037E+00	1000260560	1.06907E+21	1000260560	1.07003E+21
4.23192E+00	1000260560	6.99706E+20	1000260560	7.00371E+20
1.65850E-01	1000260560	1.67778E+20	1000260560	1.67784E+20
8.42443E+00	1000260560	2.31384E+20	1000260560	2.31822E+20
8.60337E+00	1000260560	1.51274E+21	1000260560	1.51567E+21
9.44897E+00	1000260560	8.61968E+20	1000260560	8.63797E+20
6.96139E+00	1000260560	5.84606E+21	1000260560	5.85520E+21
6.95393E+00	1000260560	5.02058E+21	1000260560	5.02842E+21
8.90661E+00	1000260560	1.93875E+21	1000260560	1.94263E+21
3.76612E-01	1000260560	1.17277E+21	1000260560	1.17287E+21
6.92402E+00	1000260560	3.89489E+21	1000260560	3.90095E+21
6.19783E+00	1000260560	1.39453E+20	1000260560	1.39647E+20
3.31439E+00	1000260560	6.91752E+18	1000260560	6.92267E+18
1.63990E+00	1000260560	9.04222E+20	1000260560	9.04554E+20
3.73411E-01	1000260560	6.23521E+21	1000260560	6.23573E+21
7.23679E+00	1000260560	3.49407E+21	1000260560	3.49975E+21
3.88037E+00	1000260560	4.54896E+21	1000260560	4.55293E+21
8.11993E+00	1000260560	3.82783E+20	1000260560	3.83481E+20
7.55847E-01	1000260560	1.48304E+20	1000260560	1.48329E+20
2.59389E+00	1000260560	2.15884E+21	1000260560	2.16009E+21
7.94077E+00	1000260560	1.17359E+19	1000260560	1.17569E+19
4.39834E+00	1000260560	4.34069E+21	1000260560	4.34497E+21
3.47394E+00	1000260560	1.71098E+20	1000260560	1.71231E+20
4.51131E+00	1000260560	5.38724E+21	1000260560	5.39270E+21
8.17761E+00	1000260560	1.79349E+21	1000260560	1.79678E+21
6.79804E+00	1000260560	1.25522E+21	1000260560	1.25713E+21
2.91550E-01	1000260560	4.79465E+20	1000260560	4.79496E+20
4.41070E-01	1000260560	3.50251E+21	1000260560	3.50286E+21
4.75980E+00	1000260560	1.74588E+21	1000260560	1.74775E+21
6.97468E+00	1000260560	5.12227E+20	1000260560	5.13029E+20
4.98428E+00	1000260560	1.33498E+20	1000260560	1.33647E+20
3.49650E+00	1000260560	1.02660E+19	1000260560	1.02741E+19
1.00746E+00	1000260560	1.97264E+20	1000260560	1.97309E+20
2.91122E+00	1000260560	2.98696E+20	1000260560	2.98891E+20
6.25935E+00	1000260560	4.46608E+21	1000260560	4.47235E+21
8.76894E+00	1000260560	6.72466E+19	1000260560	6.73790E+19
1.36288E+00	1000260560	7.11224E+20	1000260560	7.11442E+20
8.19985E+00	1000260560	6.15543E+19	1000260560	6.16677E+19
8.06247E+00	1000260560	1.07916E+21	1000260560	1.08112E+21
5.36538E+00	1000260560	2.15050E+20	1000260560	2.15309E+20
1.48583E+00	1000260560	3.78081E+21	1000260560	3.78207E+21
5.38358E+00	1000260560	1.71904E+21	1000260560	1.72112E+21
4.69237E+00	1000260560	3.61409E+20	1000260560	3.61790E+20
7.96325E+00	1000260560	5.91636E+20	1000260560	5.92694E+20
7.00529E+00	1000260560	5.39941E+21	1000260560	5.40790E+21
2.51427E-01	1000260560	8.76806E+18	1000260560	8.76856E+18
7.50791E-01	1000260560	8.84248E+18	1000260560	8.84397E+18
8.37471E+00	1000260560	1.21357E+21	1000260560	1.21585E+21
6.06752E+00	1000260560	2.53222E+21	1000260560	2.53567E+21
1.49187E+00	1000260560	3.03105E+19	1000260560	3.03207E+19
9.21059E+00	1000260560	2.65252E+20	1000260560	2.65801E+20
9.36986E+00	1000260560	1.42427E+21	1000260560	1.42726E+21
1.74399E+00	1000260560	1.16443E+20	1000260560	1.16489E+20
8.88294E+00	1000260560	4.33598E+19	1000260560	4.34463E+19
5.78528E+00	1000260560	2.47444E+21	1000260560	2.47766E+21
4.29478E+00	1000260560	2.41711E+19	1000260560	2.41944E+19
1.57369E+00	1000260560	4.54788E+20	1000260560	4.54949E+20
2.74747E+00	1000260560	2.85911E+19	1000260560	2.86087E+19
4.66323E+00	1000260560	5.16330E+20	1000260560	5.16870E+20
7.38151E+00	1000260560	3.50541E+21	1000260560	3.51122E+21
9.09530E+00	1000260560	8.36842E+18	1000260560	8.38551E+18
3.00469E+00	1000260560	1.02048E+19	1000260560	1.02117E+19
9.77777E+00	1000260560	1.84586E+19	1000260560	1.84992E+19
1.37246E+00	1000260560	3.56185E+20	1000260560	3.56294E+20
1.71890E+00	1000260560	2.73329E+21	1000260560	2.73434E+21
3.35605E+00	1000260560	7.00450E+18	1000260560	7.00977E+18
8.46004E+00	1000260560	2.95170E+21	1000260560	2.95731E+21
6.85413E+00	1000260560	5.22782E+20	1000260560	5.23587E+20
4.32508E+00	1000260560	1.42305E+20	1000260560	1.42444E+20
4.84286E-01	1000260560	4.72821E+19	1000260560	4.72873E+19
6.88304E-01	1000260560	2.28155E+20	1000260560	2.28190E+20
8.96939E+00	1000260560	8.02810E+18	1000260560	8.04427E+18
8.02558E+00	1000260560	1.66241E+19	1000260560	1.66541E+19
7.68216E+00	1000260560	2.09626E+21	1000260560	2.09988E+21
7.74149E+00	1000260560	4.36223E+20	1000260560	4.36981E+20
3.44362E+00	1000260560	6.87167E+19	1000260560	6.87698E+19
1.73102E+00	1000260560	1.91198E+20	1000260560	1.91273E+20
8.92898E+00	1000260560	1.16131E+19	1000260560	1.16364E+19
5.15579E+00	1000260560	5.16726E+19	1000260560	5.17324E+19
5.48179E+00	1000260560	5.14224E+19	1000260560	5.14857E+19
1.13168E+00	1000260560	6.21807E+20	1000260560	6.21965E+20
1.73384E+00	1000260560	5.84802E+19	1000260560	5.85030E+19
7.91853E+00	1000260560	2.58970E+19	1000260560	2.59430E+19
9.87954E+00	1000260560	2.80280E+20	1000260560	2.80902E+20
6.67367E+00	1000260560	2.94178E+19	1000260560	2.94619E+19
4.46182E+00	1000260560	1.01071E+20	1000260560	1.01172E+20
6.19250E+00	1000260560	2.55816E+20	1000260560	2.56171E+20
1.27823E+00	1000260560	2.63843E+21	1000260560	2.63919E+21
7.37894E+00	1000260560	2.88640E+20	1000260560	2.89118E+20
3.89661E+00	1000260560	1.30873E+19	1000260560	1.30988E+19
4.47032E+00	1000260560	5.94994E+19	1000260560	5.95591E+19
2.06372E-01	1000260560	1.24903E+20	1000260560	1.24909E+20
5.30131E+00	1000260560	3.95838E+20	1000260560	3.96309E+20
1.17680E+00	1000260560	7.12738E+19	1000260560	7.12927E+19
5.16696E+00	1000260560	1.45456E+20	1000260560	1.45625E+20
9.03673E+00	1000260560	1.23253E+20	1000260560	1.23503E+20
4.59143E+00	1000260560	1.93695E+19	1000260560	1.93895E+19
7.15117E+00	1000260560	1.48184E+20	1000260560	1.48422E+20
3.77868E+00	1000260560	1.44112E+20	1000260560	1.44234E+20
7.44597E+00	1000260560	3.50825E+21	1000260560	3.51412E+21
4.37820E+00	1000260560	1.16137E+20	1000260560	1.16252E+20
3.44295E+00	1000260560	5.70875E+21	1000260560	5.71316E+21
8.04211E+00	1000260560	2.20046E+19	1000260560	2.20443E+19
8.22679E+00	1000260560	5.07320E+19	1000260560	5.08257E+19
3.04037E+00	1000260560	6.35666E+20	1000260560	6.36100E+20
5.31949E-01	1000260560	2.97332E+21	1000260560	2.97368E+21
9.02974E+00	1000260560	1.74743E+19	1000260560	1.75097E+19
5.29322E+00	1000260560	2.71417E+19	1000260560	2.71739E+19
6.05875E+00	1000260560	5.83287E+21	1000260560	5.84081E+21
5.25671E+00	1000260560	1.19724E+20	1000260560	1.19865E+20
5.00971E-01	1000260560	3.04898E+20	1000260560	3.04933E+20
1.98011E+00	1000260560	1.49950E+20	1000260560	1.50016E+20
4.79515E+00	1000260560	6.85054E+19	1000260560	6.85792E+19
7.62239E+00	1000260560	1.66943E+20	1000260560	1.67229E+20
1.93704E+00	1000260560	1.53586E+19	1000260560	1.53653E+19
2.92387E+00	1000260560	4.92147E+21	1000260560	4.92470E+21
6.38863E+00	1000260560	2.10117E+19	1000260560	2.10419E+19
7.36555E+00	1000260560	8.11172E+20	1000260560	8.12513E+20
9.33515E+00	1000260560	1.61188E+19	1000260560	1.61526E+19
8.35880E+00	1000260560	6.88998E+20	1000260560	6.90291E+20
5.70011E+00	1000260560	3.00144E+19	1000260560	3.00528E+19
2.94461E+00	1000260560	1.15464E+19	1000260560	1.15540E+19
4.17799E+00	1000260560	1.90860E+20	1000260560	1.91039E+20
6.84818E-01	1000260560	1.69988E+19	1000260560	1.70014E+19
6.64221E+00	1000260560	2.24928E+21	1000260560	2.25263E+21
7.16230E+00	1000260560	4.83531E+21	1000260560	4.84309E+21
5.75050E-01	1000260560	2.09772E+20	1000260560	2.09799E+20
8.18267E+00	1000260560	7.32879E+18	1000260560	7.34226E+18
7.38899E+00	1000260560	3.36801E+21	1000260560	3.37360E+21
8.16078E+00	1000260560	8.76187E+20	1000260560	8.77793E+20
9.05924E+00	1000260560	8.16334E+20	1000260560	8.17995E+20
9.28064E+00	1000260560	6.21049E+21	1000260560	6.22343E+21
4.08626E+00	1000260560	2.02859E+20	1000260560	2.03045E+20
5.86485E+00	1000260560	2.78601E+19	1000260560	2.78968E+19
5.72024E+00	1000260560	1.24372E+19	1000260560	1.24532E+19
6.71123E+00	1000260560	9.88091E+20	1000260560	9.89580E+20
7.11309E+00	1000260560	2.73818E+19	1000260560	2.74256E+19
7.95439E+00	1000260560	1.11565E+20	1000260560	1.11764E+20
7.18148E+00	1000260560	2.60303E+19	1000260560	2.60723E+19
5.79672E+00	1000260560	9.36554E+18	1000260560	9.37773E+18
9.10566E+00	1000260560	4.77292E+20	1000260560	4.78268E+20
1.51154E+00	1000260560	2.37038E+20	1000260560	2.37118E+20
9.78307E+00	1000260560	5.66235E+20	1000260560	5.67479E+20
5.48037E+00	1000260560	1.96338E+21	1000260560	1.96580E+21
4.90123E+00	1000260560	1.26482E+20	1000260560	1.26622E+20
8.82407E+00	1000260560	4.04681E+21	1000260560	4.05483E+21
7.15477E+00	1000260560	3.31094E+21	1000260560	3.31626E+21
2.11974E+00	1000260560	6.19836E+21	1000260560	6.20131E+21
1.67706E+00	1000260560	4.43495E+19	1000260560	4.43662E+19
3.56727E+00	1000260560	8.02124E+19	1000260560	8.02767E+19
7.31832E+00	1000260560	2.65911E+19	1000260560	2.66348E+19
7.30104E+00	1000260560	5.61389E+19	1000260560	5.62309E+19
3.86555E+00	1000260560	9.88271E+20	1000260560	9.89128E+20
3.50309E+00	1000260560	2.14917E+21	1000260560	2.15086E+21
1.94164E+00	1000260560	2.10360E+20	1000260560	2.10451E+20
6.68520E+00	1000260560	1.44366E+21	1000260560	1.44583E+21
6.03965E+00	1000260560	2.41944E+19	1000260560	2.42272E+19
4.32536E+00	1000260560	8.35133E+19	1000260560	8.35944E+19
8.65698E+00	1000260560	2.53442E+21	1000260560	2.53935E+21
9.70324E+00	1000260560	3.77822E+19	1000260560	3.78646E+19
4.39347E+00	1000260560	2.13197E+20	1000260560	2.13407E+20
9.84171E+00	1000260560	7.95086E+18	1000260560	7.96843E+18
8.58907E+00	1000260560	1.89761E+21	1000260560	1.90127E+21
2.67616E+00	1000260560	1.67844E+21	1000260560	1.67945E+21
7.72234E+00	1000260560	3.79827E+21	1000260560	3.80486E+21
9.75018E+00	1000260560	1.11149E+21	1000260560	1.11392E+21
3.82238E+00	1000260560	2.24850E+21	1000260560	2.25043E+21
9.09520E-01	1000260560	1.27733E+21	1000260560	1.27759E+21
5.19299E+00	1000260560	4.07509E+19	1000260560	4.07985E+19
6.60119E+00	1000260560	1.25432E+20	1000260560	1.25618E+20
7.74240E+00	1000260560	4.40644E+21	1000260560	4.41410E+21
3.07788E+00	1000260560	2.01452E+19	1000260560	2.01591E+19
7.68506E+00	1000260560	2.06338E+21	1000260560	2.06694E+21
4.53657E+00	1000260560	4.60413E+19	1000260560	4.60882E+19
6.44399E+00	1000260560	2.00166E+19	1000260560	2.00455E+19
2.45351E+00	1000260560	1.28806E+21	1000260560	1.28877E+21
3.98259E-01	1000260560	3.14406E+19	1000260560	3.14434E+19
3.10874E+00	1000260560	1.18630E+20	1000260560	1.18713E+20
5.33648E+00	1000260560	1.54225E+21	1000260560	1.54410E+21
7.33576E+00	1000260560	1.01920E+20	1000260560	1.02088E+20
1.29323E+00	1000260560	7.32136E+20	1000260560	7.32348E+20
1.27728E+00	1000260560	2.48431E+20	1000260560	2.48502E+20
9.47044E+00	1000260560	9.59422E+18	1000260560	9.61463E+18
6.72877E+00	1000260560	2.18134E+19	1000260560	2.18464E+19
7.66934E+00	1000260560	2.29493E+19	1000260560	2.29888E+19
2.98534E+00	1000260560	5.00056E+20	1000260560	5.00391E+20
2.64580E+00	1000260560	1.89209E+21	1000260560	1.89322E+21
2.34231E+00	1000260560	1.74584E+19	1000260560	1.74676E+19
8.81337E+00	1000260560	5.48310E+19	1000260560	5.49396E+19
8.32713E+00	1000260560	1.57693E+21	1000260560	1.57988E+21
4.63361E+00	1000260560	3.49743E+19	1000260560	3.50107E+19
7.95552E+00	1000260560	3.47828E+19	1000260560	3.48449E+19
2.92738E+00	1000260560	8.10814E+18	1000260560	8.11346E+18
3.05075E+00	1000260560	1.72898E+19	1000260560	1.73016E+19
3.80664E+00	1000260560	3.33671E+21	1000260560	3.33956E+21
