#	D	ID	E	ID0	E0
#
# D             Trajectory length [1 Mpc]
# ID/ID0/ID1    Particle type (PDG MC numbering scheme)
# E/E0/E1       Energy [1 EeV]
# no index = current, 0 = at source, 1 = at point of creation
#
# CRPropa version: -128-NOTFOUND
#
5.19571E+02	1000010010	7.15182E+01	1000010010	7.15182E+01
1.50262E+03	1000010010	1.93847E+00	1000010010	1.93847E+00
1.45400E+03	1000010010	1.36850E+01	1000010010	1.36850E+01
3.05262E+03	1000010010	6.95645E+00	1000010010	6.95645E+00
4.89343E+03	1000010010	8.26424E+02	1000010010	8.26424E+02
1.52383E+03	1000010010	9.22574E+01	1000010010	9.22574E+01
1.89126E+03	1000010010	1.88628E+02	1000010010	1.88628E+02
3.57194E+03	1000010010	4.65129E+00	1000010010	4.65129E+00
3.15963E+03	1000010010	2.07824E+02	1000010010	2.07824E+02
4.34947E+03	1000010010	2.35354E+01	1000010010	2.35354E+01
2.25872E+02	1000010010	1.14264E+02	1000010010	1.14264E+02
3.11132E+03	1000010010	2.91372E+01	1000010010	2.91372E+01
2.86872E+03	1000010010	9.19420E+01	1000010010	9.19420E+01
1.77249E+03	1000010010	7.53637E+02	1000010010	7.53637E+02
2.31865E+03	1000010010	7.73289E+00	1000010010	7.73289E+00
1.17074E+03	1000010010	3.72027E+02	1000010010	3.72027E+02
1.22978E+03	1000010010	1.27840E+01	1000010010	1.27840E+01
1.03608E+03	1000010010	1.46160E+02	1000010010	1.46160E+02
3.02939E+02	1000010010	1.50088E+00	1000010010	1.50088E+00
2.23091E+03	1000010010	8.86405E+01	1000010010	8.86405E+01
4.18313E+03	1000010010	3.92278E+01	1000010010	3.92278E+01
2.50274E+03	1000010010	2.77001E+00	1000010010	2.77001E+00
1.08421E+03	1000010010	1.02252E+00	1000010010	1.02252E+00
3.86829E+03	1000010010	1.76834E+01	1000010010	1.76834E+01
2.55143E+03	1000010010	1.77477E+00	1000010010	1.77477E+00
2.26453E+03	1000010010	2.53888E+00	1000010010	2.53888E+00
4.94884E+02	1000010010	2.94494E+01	1000010010	2.94494E+01
4.24409E+02	1000010010	2.46291E+01	1000010010	2.46291E+01
4.96296E+03	1000010010	1.37147E+01	1000010010	1.37147E+01
1.91638E+03	1000010010	1.05282E+02	1000010010	1.05282E+02
8.65163E+02	1000010010	9.82236E+02	1000010010	9.82236E+02
1.84380E+03	1000010010	5.43184E+00	1000010010	5.43184E+00
4.34089E+03	1000010010	5.27623E+02	1000010010	5.27623E+02
4.68514E+02	1000010010	3.67220E+00	1000010010	3.67220E+00
3.24301E+03	1000010010	2.20235E+01	1000010010	2.20235E+01
1.82357E+03	1000010010	3.78855E+00	1000010010	3.78855E+00
3.77220E+03	1000010010	2.94839E+01	1000010010	2.94839E+01
1.75584E+03	1000010010	1.23491E+00	1000010010	1.23491E+00
7.32361E+02	1000010010	3.06049E+01	1000010010	3.06049E+01
1.72567E+03	1000010010	1.44049E+00	1000010010	1.44049E+00
1.46270E+03	1000010010	2.84918E+00	1000010010	2.84918E+00
1.86603E+03	1000010010	9.27753E+00	1000010010	9.27753E+00
2.06806E+03	1000010010	6.49933E+00	1000010010	6.49933E+00
5.30468E+02	1000010010	5.07515E+02	1000010010	5.07515E+02
1.11059E+02	1000010010	1.45517E+00	1000010010	1.45517E+00
4.04172E+02	1000010010	7.51100E+00	1000010010	7.51100E+00
2.92214E+03	1000010010	3.98769E+00	1000010010	3.98769E+00
1.21557E+03	1000010010	5.13786E+01	1000010010	5.13786E+01
7.84766E+02	1000010010	5.44228E+01	1000010010	5.44228E+01
3.37141E+03	1000010010	3.89367E+02	1000010010	3.89367E+02
3.05195E+03	1000010010	7.98177E+00	1000010010	7.98177E+00
4.96647E+02	1000010010	6.34803E+00	1000010010	6.34803E+00
8.59309E+02	1000010010	4.38012E+01	1000010010	4.38012E+01
4.71705E+03	1000010010	2.51934E+02	1000010010	2.51934E+02
6.32606E+02	1000010010	9.87202E+01	1000010010	9.87202E+01
1.78771E+03	1000010010	2.84625E+01	1000010010	2.84625E+01
4.94742E+03	1000010010	8.11788E+00	1000010010	8.11788E+00
2.71865E+03	1000010010	3.75931E+00	1000010010	3.75931E+00
1.45369E+03	1000010010	2.19830E+00	1000010010	2.19830E+00
4.04870E+03	1000010010	2.54036E+00	1000010010	2.54036E+00
4.51697E+03	1000010010	2.02412E+01	1000010010	2.02412E+01
2.78127E+03	1000010010	3.76036E+02	1000010010	3.76036E+02
7.08225E+02	1000010010	3.90481E+01	1000010010	3.90481E+01
3.78286E+03	1000010010	2.34777E+01	1000010010	2.34777E+01
1.67664E+03	1000010010	1.14234E+00	1000010010	1.14234E+00
3.76315E+03	1000010010	1.06647E+01	1000010010	1.06647E+01
3.79813E+03	1000010010	7.34212E+01	1000010010	7.34212E+01
2.85458E+03	1000010010	7.14040E+02	1000010010	7.14040E+02
3.45426E+03	1000010010	1.97312E+01	1000010010	1.97312E+01
2.92540E+02	1000010010	2.62093E+00	1000010010	2.62093E+00
3.22504E+03	1000010010	2.04462E+00	1000010010	2.04462E+00
1.02742E+03	1000010010	3.02593E+00	1000010010	3.02593E+00
1.93400E+02	1000010010	2.91635E+01	1000010010	2.91635E+01
3.30103E+03	1000010010	1.18775E+00	1000010010	1.18775E+00
1.43025E+03	1000010010	4.74272E+02	1000010010	4.74272E+02
2.57166E+03	1000010010	1.00051E+01	1000010010	1.00051E+01
1.31801E+03	1000010010	1.57087E+02	1000010010	1.57087E+02
2.57314E+03	1000010010	1.89676E+02	1000010010	1.89676E+02
1.81181E+03	1000010010	2.60686E+01	1000010010	2.60686E+01
3.42383E+03	1000010010	3.88111E+01	1000010010	3.88111E+01
2.03198E+03	1000010010	8.22680E+00	1000010010	8.22680E+00
2.08464E+03	1000010010	3.06865E+01	1000010010	3.06865E+01
4.41905E+02	1000010010	5.35914E+02	1000010010	5.35914E+02
1.63970E+03	1000010010	1.18483E+00	1000010010	1.18483E+00
3.61714E+03	1000010010	2.33638E+02	1000010010	2.33638E+02
3.85694E+03	1000010010	1.75970E+00	1000010010	1.75970E+00
1.54153E+03	1000010010	3.33252E+02	1000010010	3.33252E+02
1.38529E+03	1000010010	1.79980E+01	1000010010	1.79980E+01
1.57528E+03	1000010010	1.25239E+00	1000010010	1.25239E+00
5.79722E+02	1000010010	3.85678E+00	1000010010	3.85678E+00
2.11886E+03	1000010010	1.18293E+01	1000010010	1.18293E+01
3.79928E+03	1000010010	1.02306E+00	1000010010	1.02306E+00
3.81559E+03	1000010010	6.75566E+00	1000010010	6.75566E+00
3.32972E+03	1000010010	1.95853E+00	1000010010	1.95853E+00
1.91682E+03	1000010010	1.02526E+02	1000010010	1.02526E+02
1.83143E+03	1000010010	1.59320E+02	1000010010	1.59320E+02
3.06365E+03	1000010010	1.91870E+00	1000010010	1.91870E+00
1.95163E+03	1000010010	3.03312E+01	1000010010	3.03312E+01
3.96811E+02	1000010010	1.79218E+02	1000010010	1.79218E+02
4.14114E+03	1000010010	4.81030E+02	1000010010	4.81030E+02
4.00205E+03	1000010010	7.92988E+01	1000010010	7.92988E+01
2.26172E+02	1000010010	1.00136E+01	1000010010	1.00136E+01
2.57539E+02	1000010010	3.96692E+01	1000010010	3.96692E+01
3.97001E+03	1000010010	5.05561E+02	1000010010	5.05561E+02
1.68605E+02	1000010010	1.17097E+00	1000010010	1.17097E+00
2.87609E+02	1000010010	8.64903E+01	1000010010	8.64903E+01
1.57964E+02	1000010010	6.94051E+01	1000010010	6.94051E+01
1.54589E+03	1000010010	2.03321E+02	1000010010	2.03321E+02
2.35306E+03	1000010010	4.85069E+02	1000010010	4.85069E+02
4.39681E+03	1000010010	7.08711E+00	1000010010	7.08711E+00
3.98510E+03	1000010010	1.10180E+00	1000010010	1.10180E+00
1.55841E+03	1000010010	1.72998E+02	1000010010	1.72998E+02
2.90684E+03	1000010010	2.85135E+02	1000010010	2.85135E+02
1.07564E+03	1000010010	5.01801E+02	1000010010	5.01801E+02
3.55416E+03	1000010010	1.43943E+02	1000010010	1.43943E+02
1.48813E+03	1000010010	1.85674E+01	1000010010	1.85674E+01
1.76462E+03	1000010010	3.19120E+01	1000010010	3.19120E+01
3.53807E+03	1000010010	1.66608E+01	1000010010	1.66608E+01
4.74894E+03	1000010010	3.95242E+02	1000010010	3.95242E+02
3.09412E+03	1000010010	3.85495E+00	1000010010	3.85495E+00
3.46714E+03	1000010010	4.09023E+01	1000010010	4.09023E+01
1.65162E+03	1000010010	7.04222E+00	1000010010	7.04222E+00
1.89283E+03	1000010010	1.05588E+02	1000010010	1.05588E+02
3.51905E+03	1000010010	1.78088E+01	1000010010	1.78088E+01
2.07331E+03	1000010010	1.62883E+02	1000010010	1.62883E+02
6.20671E+02	1000010010	3.03021E+00	1000010010	3.03021E+00
9.13666E+02	1000010010	4.74035E+02	1000010010	4.74035E+02
9.31990E+02	1000010010	5.34324E+00	1000010010	5.34324E+00
4.09935E+03	1000010010	1.14072E+01	1000010010	1.14072E+01
2.10115E+03	1000010010	3.11270E+01	1000010010	3.11270E+01
4.04095E+03	1000010010	6.54726E+01	1000010010	6.54726E+01
4.34057E+03	1000010010	5.91462E+00	1000010010	5.91462E+00
2.33495E+03	1000010010	4.68672E+02	1000010010	4.68672E+02
2.39647E+03	1000010010	6.59371E+02	1000010010	6.59371E+02
7.46053E+02	1000010010	1.26398E+01	1000010010	1.26398E+01
2.89026E+03	1000010010	1.48523E+00	1000010010	1.48523E+00
2.92692E+03	1000010010	8.00588E+01	1000010010	8.00588E+01
1.39199E+03	1000010010	1.01565E+00	1000010010	1.01565E+00
5.04629E+02	1000010010	5.05453E+00	1000010010	5.05453E+00
2.06560E+03	1000010010	2.40771E+02	1000010010	2.40771E+02
3.07571E+03	1000010010	7.60060E+01	1000010010	7.60060E+01
1.72884E+03	1000010010	4.73057E+02	1000010010	4.73057E+02
1.31205E+03	1000010010	8.05958E+01	1000010010	8.05958E+01
3.98089E+03	1000010010	2.87477E+00	1000010010	2.87477E+00
1.75619E+03	1000010010	2.08875E+01	1000010010	2.08875E+01
4.85665E+03	1000010010	7.57839E+02	1000010010	7.57839E+02
2.06784E+03	1000010010	2.69835E+00	1000010010	2.69835E+00
4.89603E+03	1000010010	1.66928E+02	1000010010	1.66928E+02
1.82860E+02	1000010010	4.38457E+01	1000010010	4.38457E+01
4.12147E+03	1000010010	6.69473E+00	1000010010	6.69473E+00
9.46880E+02	1000010010	1.70756E+00	1000010010	1.70756E+00
8.74367E+02	1000010010	5.62407E+01	1000010010	5.62407E+01
1.08795E+03	1000010010	2.04830E+01	1000010010	2.04830E+01
4.02335E+03	1000010010	5.50871E+01	1000010010	5.50871E+01
1.53875E+03	1000010010	9.42954E+00	1000010010	9.42954E+00
4.00813E+03	1000010010	4.02001E+01	1000010010	4.02001E+01
4.75747E+02	1000010010	4.67368E+02	1000010010	4.67368E+02
1.20602E+03	1000010010	1.51495E+02	1000010010	1.51495E+02
4.02306E+03	1000010010	3.42005E+00	1000010010	3.42005E+00
7.24889E+02	1000010010	6.51697E+00	1000010010	6.51697E+00
4.84467E+03	1000010010	2.35287E+02	1000010010	2.35287E+02
1.26691E+03	1000010010	2.71430E+01	1000010010	2.71430E+01
2.23787E+02	1000010010	5.09713E+02	1000010010	5.09713E+02
1.66944E+03	1000010010	1.05684E+01	1000010010	1.05684E+01
3.89049E+03	1000010010	2.24231E+01	1000010010	2.24231E+01
2.49536E+03	1000010010	1.41016E+02	1000010010	1.41016E+02
4.78900E+03	1000010010	4.31318E+02	1000010010	4.31318E+02
3.97485E+03	1000010010	6.66284E+02	1000010010	6.66284E+02
3.88648E+03	1000010010	1.33315E+01	1000010010	1.33315E+01
3.71212E+03	1000010010	9.56281E+01	1000010010	9.56281E+01
5.65332E+02	1000010010	7.83719E+02	1000010010	7.83719E+02
2.39315E+03	1000010010	3.00459E+00	1000010010	3.00459E+00
1.18429E+03	1000010010	7.60187E+02	1000010010	7.60187E+02
5.01117E+02	1000010010	3.33581E+00	1000010010	3.33581E+00
1.10745E+03	1000010010	2.60543E+00	1000010010	2.60543E+00
4.20860E+03	1000010010	5.71309E+01	1000010010	5.71309E+01
3.68579E+03	1000010010	7.20289E+02	1000010010	7.20289E+02
1.85255E+03	1000010010	3.15480E+01	1000010010	3.15480E+01
2.13053E+02	1000010010	6.29183E+02	1000010010	6.29183E+02
6.29899E+02	1000010010	1.14868E+02	1000010010	1.14868E+02
4.08439E+03	1000010010	2.64454E+01	1000010010	2.64454E+01
3.34181E+02	1000010010	3.50774E+01	1000010010	3.50774E+01
8.86521E+02	1000010010	1.47814E+00	1000010010	1.47814E+00
4.16351E+03	1000010010	9.00084E+01	1000010010	9.00084E+01
2.41738E+02	1000010010	1.44636E+02	1000010010	1.44636E+02
4.01802E+03	1000010010	2.25723E+01	1000010010	2.25723E+01
7.81008E+02	1000010010	1.15797E+01	1000010010	1.15797E+01
8.03437E+02	1000010010	5.43742E+00	1000010010	5.43742E+00
4.53038E+03	1000010010	1.63734E+02	1000010010	1.63734E+02
4.01556E+02	1000010010	6.63025E+00	1000010010	6.63025E+00
1.04226E+03	1000010010	1.72093E+00	1000010010	1.72093E+00
1.17538E+03	1000010010	1.08775E+00	1000010010	1.08775E+00
3.56539E+03	1000010010	6.97839E+02	1000010010	6.97839E+02
3.04255E+03	1000010010	2.32307E+00	1000010010	2.32307E+00
8.03932E+02	1000010010	5.63482E+01	1000010010	5.63482E+01
3.81566E+03	1000010010	4.81065E+00	1000010010	4.81065E+00
4.37777E+03	1000010010	6.50258E+01	1000010010	6.50258E+01
1.74257E+02	1000010010	1.96628E+01	1000010010	1.96628E+01
1.18099E+03	1000010010	1.97120E+00	1000010010	1.97120E+00
3.73867E+03	1000010010	1.14075E+02	1000010010	1.14075E+02
9.82758E+02	1000010010	4.23527E+02	1000010010	4.23527E+02
1.02873E+03	1000010010	1.42243E+00	1000010010	1.42243E+00
3.58634E+03	1000010010	3.34356E+00	1000010010	3.34356E+00
1.77839E+03	1000010010	1.22948E+01	1000010010	1.22948E+01
1.62801E+03	1000010010	2.51501E+02	1000010010	2.51501E+02
4.26226E+03	1000010010	1.20929E+01	1000010010	1.20929E+01
4.44069E+03	1000010010	7.72237E+02	1000010010	7.72237E+02
7.93718E+02	1000010010	3.67441E+01	1000010010	3.67441E+01
8.68331E+02	1000010010	9.39469E+00	1000010010	9.39469E+00
6.64592E+02	1000010010	1.45558E+02	1000010010	1.45558E+02
1.58444E+03	1000010010	1.80989E+00	1000010010	1.80989E+00
3.38116E+03	1000010010	1.72137E+02	1000010010	1.72137E+02
1.18946E+03	1000010010	4.90512E+00	1000010010	4.90512E+00
3.97093E+03	1000010010	2.52242E+01	1000010010	2.52242E+01
4.51109E+03	1000010010	2.83431E+02	1000010010	2.83431E+02
2.20026E+03	1000010010	1.47911E+00	1000010010	1.47911E+00
3.26185E+03	1000010010	1.97851E+00	1000010010	1.97851E+00
6.60266E+02	1000010010	5.23633E+02	1000010010	5.23633E+02
1.80619E+03	1000010010	2.28797E+01	1000010010	2.28797E+01
1.90146E+03	1000010010	1.73938E+01	1000010010	1.73938E+01
2.04180E+03	1000010010	1.06580E+02	1000010010	1.06580E+02
3.80791E+03	1000010010	2.60259E+02	1000010010	2.60259E+02
1.30758E+03	1000010010	1.49834E+02	1000010010	1.49834E+02
1.06125E+03	1000010010	1.09689E+02	1000010010	1.09689E+02
1.63362E+03	1000010010	1.21670E+02	1000010010	1.21670E+02
1.48112E+03	1000010010	7.04849E+01	1000010010	7.04849E+01
3.79947E+02	1000010010	5.40160E+01	1000010010	5.40160E+01
2.01900E+03	1000010010	7.98463E+02	1000010010	7.98463E+02
5.82823E+02	1000010010	1.35320E+00	1000010010	1.35320E+00
1.13043E+03	1000010010	3.88853E+01	1000010010	3.88853E+01
4.33149E+03	1000010010	2.81317E+02	1000010010	2.81317E+02
2.71369E+03	1000010010	1.96426E+01	1000010010	1.96426E+01
3.20047E+03	1000010010	3.30299E+00	1000010010	3.30299E+00
2.25534E+03	1000010010	1.73542E+02	1000010010	1.73542E+02
4.76370E+03	1000010010	2.33113E+01	1000010010	2.33113E+01
1.91190E+03	1000010010	1.91335E+00	1000010010	1.91335E+00
4.70078E+03	1000010010	9.33481E+01	1000010010	9.33481E+01
2.15516E+03	1000010010	2.33780E+02	1000010010	2.33780E+02
2.94125E+02	1000010010	1.11627E+02	1000010010	1.11627E+02
1.18205E+03	1000010010	1.92061E+01	1000010010	1.92061E+01
1.01178E+03	1000010010	4.98812E+02	1000010010	4.98812E+02
4.59272E+03	1000010010	6.43194E+00	1000010010	6.43194E+00
3.69111E+03	1000010010	3.73844E+01	1000010010	3.73844E+01
4.10266E+03	1000010010	8.39759E+02	1000010010	8.39759E+02
2.28139E+03	1000010010	2.43341E+01	1000010010	2.43341E+01
2.44797E+03	1000010010	1.83912E+01	1000010010	1.83912E+01
1.36699E+03	1000010010	2.81950E+01	1000010010	2.81950E+01
4.48974E+03	1000010010	5.06179E+01	1000010010	5.06179E+01
2.11827E+03	1000010010	1.87350E+00	1000010010	1.87350E+00
6.99024E+02	1000010010	1.23318E+01	1000010010	1.23318E+01
3.22060E+03	1000010010	4.63984E+01	1000010010	4.63984E+01
1.70369E+03	1000010010	1.26494E+00	1000010010	1.26494E+00
1.18808E+03	1000010010	2.62836E+01	1000010010	2.62836E+01
4.00279E+02	1000010010	8.04047E+01	1000010010	8.04047E+01
2.62262E+03	1000010010	3.55377E+01	1000010010	3.55377E+01
3.59034E+03	1000010010	7.58676E+01	1000010010	7.58676E+01
2.51141E+02	1000010010	5.01295E+01	1000010010	5.01295E+01
4.66659E+03	1000010010	4.76899E+02	1000010010	4.76899E+02
3.58453E+03	1000010010	4.30496E+01	1000010010	4.30496E+01
1.14535E+03	1000010010	4.48080E+02	1000010010	4.48080E+02
2.40008E+03	1000010010	1.21355E+02	1000010010	1.21355E+02
1.29939E+03	1000010010	2.66376E+02	1000010010	2.66376E+02
1.88984E+03	1000010010	6.34686E+00	1000010010	6.34686E+00
7.73842E+02	1000010010	3.85585E+00	1000010010	3.85585E+00
4.35679E+03	1000010010	1.22741E+00	1000010010	1.22741E+00
4.51508E+03	1000010010	1.42085E+01	1000010010	1.42085E+01
2.82080E+03	1000010010	5.80114E+01	1000010010	5.80114E+01
1.75643E+03	1000010010	1.10544E+02	1000010010	1.10544E+02
2.14913E+02	1000010010	1.88643E+01	1000010010	1.88643E+01
1.26756E+03	1000010010	1.48776E+02	1000010010	1.48776E+02
3.98862E+03	1000010010	6.49249E+01	1000010010	6.49249E+01
1.30801E+03	1000010010	5.41208E+01	1000010010	5.41208E+01
1.03329E+03	1000010010	3.65546E+01	1000010010	3.65546E+01
6.91971E+02	1000010010	1.12342E+02	1000010010	1.12342E+02
5.01338E+02	1000010010	4.25408E+01	1000010010	4.25408E+01
7.73232E+02	1000010010	1.02414E+02	1000010010	1.02414E+02
4.05144E+03	1000010010	7.71822E+01	1000010010	7.71822E+01
3.66914E+03	1000010010	1.00950E+02	1000010010	1.00950E+02
8.83912E+02	1000010010	1.80283E+01	1000010010	1.80283E+01
3.12053E+03	1000010010	9.19882E+02	1000010010	9.19882E+02
1.06279E+03	1000010010	2.45645E+00	1000010010	2.45645E+00
4.73997E+03	1000010010	1.06082E+02	1000010010	1.06082E+02
1.99229E+03	1000010010	3.77004E+01	1000010010	3.77004E+01
2.48029E+02	1000010010	2.35569E+01	1000010010	2.35569E+01
1.29371E+02	1000010010	3.40373E+01	1000010010	3.40373E+01
3.15903E+03	1000010010	1.59108E+00	1000010010	1.59108E+00
2.55484E+03	1000010010	1.30871E+02	1000010010	1.30871E+02
4.20169E+03	1000010010	3.15617E+01	1000010010	3.15617E+01
3.05208E+03	1000010010	4.69560E+00	1000010010	4.69560E+00
3.96217E+03	1000010010	2.99869E+00	1000010010	2.99869E+00
3.50418E+03	1000010010	3.26876E+02	1000010010	3.26876E+02
2.41289E+02	1000010010	5.72035E+00	1000010010	5.72035E+00
1.27463E+02	1000010010	7.34228E+00	1000010010	7.34228E+00
2.98568E+03	1000010010	1.13205E+00	1000010010	1.13205E+00
1.78205E+03	1000010010	7.66804E+02	1000010010	7.66804E+02
3.11563E+02	1000010010	1.90911E+00	1000010010	1.90911E+00
8.29112E+02	1000010010	8.12685E+00	1000010010	8.12685E+00
3.81602E+02	1000010010	7.42507E+01	1000010010	7.42507E+01
2.09930E+03	1000010010	2.39022E+02	1000010010	2.39022E+02
4.78013E+03	1000010010	2.68248E+01	1000010010	2.68248E+01
1.52612E+03	1000010010	7.99994E+00	1000010010	7.99994E+00
3.90498E+03	1000010010	9.20184E+00	1000010010	9.20184E+00
3.52279E+03	1000010010	1.99145E+01	1000010010	1.99145E+01
2.81843E+03	1000010010	7.79821E+01	1000010010	7.79821E+01
2.73929E+03	1000010010	3.81003E+00	1000010010	3.81003E+00
3.87255E+03	1000010010	1.51339E+01	1000010010	1.51339E+01
4.86989E+03	1000010010	1.40626E+02	1000010010	1.40626E+02
1.19334E+03	1000010010	1.19461E+01	1000010010	1.19461E+01
3.15915E+03	1000010010	2.10074E+02	1000010010	2.10074E+02
3.01724E+03	1000010010	9.55728E+02	1000010010	9.55728E+02
4.47916E+03	1000010010	4.56593E+01	1000010010	4.56593E+01
1.41315E+02	1000010010	3.60030E+00	1000010010	3.60030E+00
2.51606E+03	1000010010	4.86077E+02	1000010010	4.86077E+02
2.82638E+03	1000010010	3.25201E+01	1000010010	3.25201E+01
5.71322E+02	1000010010	9.94468E+02	1000010010	9.94468E+02
2.31288E+03	1000010010	8.11828E+01	1000010010	8.11828E+01
9.79554E+02	1000010010	2.21166E+01	1000010010	2.21166E+01
6.33402E+02	1000010010	5.85343E+02	1000010010	5.85343E+02
2.49211E+03	1000010010	3.45862E+00	1000010010	3.45862E+00
3.10563E+03	1000010010	4.62737E+00	1000010010	4.62737E+00
2.95801E+02	1000010010	2.13089E+02	1000010010	2.13089E+02
2.39584E+03	1000010010	2.71694E+01	1000010010	2.71694E+01
2.07131E+03	1000010010	2.29105E+01	1000010010	2.29105E+01
1.58009E+03	1000010010	9.00340E+01	1000010010	9.00340E+01
4.63779E+03	1000010010	4.38631E+02	1000010010	4.38631E+02
1.87142E+03	1000010010	2.34279E+02	1000010010	2.34279E+02
3.64600E+03	1000010010	1.67030E+02	1000010010	1.67030E+02
1.41116E+02	1000010010	7.81597E+00	1000010010	7.81597E+00
1.69120E+02	1000010010	1.20511E+00	1000010010	1.20511E+00
1.18888E+03	1000010010	1.45249E+00	1000010010	1.45249E+00
1.57741E+02	1000010010	2.03698E+02	1000010010	2.03698E+02
4.98061E+03	1000010010	2.22985E+00	1000010010	2.22985E+00
3.20471E+03	1000010010	1.69050E+02	1000010010	1.69050E+02
1.19790E+03	1000010010	5.91223E+02	1000010010	5.91223E+02
3.40847E+03	1000010010	9.01688E+01	1000010010	9.01688E+01
6.32486E+02	1000010010	1.06469E+01	1000010010	1.06469E+01
3.37610E+03	1000010010	6.03133E+00	1000010010	6.03133E+00
2.24667E+03	1000010010	1.03878E+01	1000010010	1.03878E+01
1.01367E+03	1000010010	7.03658E+02	1000010010	7.03658E+02
4.58397E+02	1000010010	2.03698E+02	1000010010	2.03698E+02
1.43296E+03	1000010010	2.75851E+01	1000010010	2.75851E+01
1.23462E+03	1000010010	7.71940E+02	1000010010	7.71940E+02
1.36330E+03	1000010010	1.24396E+02	1000010010	1.24396E+02
2.55224E+03	1000010010	3.27218E+02	1000010010	3.27218E+02
1.00992E+03	1000010010	1.27135E+00	1000010010	1.27135E+00
1.93618E+03	1000010010	1.12967E+02	1000010010	1.12967E+02
2.35381E+03	1000010010	3.05056E+01	1000010010	3.05056E+01
2.61384E+02	1000010010	7.43293E+02	1000010010	7.43293E+02
1.25625E+03	1000010010	3.36715E+02	1000010010	3.36715E+02
8.18554E+02	1000010010	5.35305E+01	1000010010	5.35305E+01
1.07284E+03	1000010010	7.58209E+01	1000010010	7.58209E+01
2.22523E+03	1000010010	2.36432E+02	1000010010	2.36432E+02
4.95594E+03	1000010010	7.64220E+02	1000010010	7.64220E+02
1.25010E+03	1000010010	2.39168E+02	1000010010	2.39168E+02
3.63993E+03	1000010010	1.83262E+00	1000010010	1.83262E+00
3.95537E+03	1000010010	5.08375E+02	1000010010	5.08375E+02
6.69723E+02	1000010010	1.97479E+01	1000010010	1.97479E+01
8.48380E+02	1000010010	4.57180E+00	1000010010	4.57180E+00
1.41547E+03	1000010010	3.10823E+00	1000010010	3.10823E+00
2.72201E+03	1000010010	7.72503E+00	1000010010	7.72503E+00
1.58048E+03	1000010010	1.01400E+00	1000010010	1.01400E+00
2.83029E+03	1000010010	7.86406E+00	1000010010	7.86406E+00
7.95066E+02	1000010010	6.28923E+00	1000010010	6.28923E+00
4.51938E+02	1000010010	3.18213E+00	1000010010	3.18213E+00
4.69377E+03	1000010010	5.87535E+00	1000010010	5.87535E+00
2.54082E+03	1000010010	2.07069E+02	1000010010	2.07069E+02
5.94722E+02	1000010010	3.26156E+00	1000010010	3.26156E+00
2.47175E+03	1000010010	1.43591E+01	1000010010	1.43591E+01
7.30208E+02	1000010010	1.05012E+01	1000010010	1.05012E+01
3.06487E+03	1000010010	2.91114E+00	1000010010	2.91114E+00
1.94099E+03	1000010010	2.27880E+02	1000010010	2.27880E+02
1.28885E+03	1000010010	8.61132E+01	1000010010	8.61132E+01
2.50016E+03	1000010010	2.76449E+02	1000010010	2.76449E+02
3.06223E+03	1000010010	1.26270E+00	1000010010	1.26270E+00
1.45118E+03	1000010010	9.69116E+01	1000010010	9.69116E+01
4.50161E+03	1000010010	3.98000E+00	1000010010	3.98000E+00
3.13842E+02	1000010010	2.54653E+00	1000010010	2.54653E+00
4.97016E+03	1000010010	4.43114E+00	1000010010	4.43114E+00
5.83225E+02	1000010010	4.31836E+02	1000010010	4.31836E+02
5.07767E+02	1000010010	3.48893E+00	1000010010	3.48893E+00
1.77909E+03	1000010010	2.85737E+00	1000010010	2.85737E+00
4.25571E+03	1000010010	6.65245E+01	1000010010	6.65245E+01
1.82543E+03	1000010010	1.06996E+02	1000010010	1.06996E+02
2.28257E+02	1000010010	8.72584E+00	1000010010	8.72584E+00
3.00880E+03	1000010010	2.18262E+02	1000010010	2.18262E+02
2.86431E+03	1000010010	3.70664E+00	1000010010	3.70664E+00
2.65219E+03	1000010010	9.06514E+01	1000010010	9.06514E+01
3.78254E+03	1000010010	6.46595E+01	1000010010	6.46595E+01
4.76665E+03	1000010010	1.18604E+00	1000010010	1.18604E+00
2.84095E+03	1000010010	1.30524E+01	1000010010	1.30524E+01
7.05402E+02	1000010010	1.38408E+00	1000010010	1.38408E+00
3.60702E+03	1000010010	1.37030E+00	1000010010	1.37030E+00
2.57929E+03	1000010010	2.86462E+00	1000010010	2.86462E+00
3.97846E+03	1000010010	1.47084E+02	1000010010	1.47084E+02
3.26470E+03	1000010010	5.82691E+01	1000010010	5.82691E+01
2.62617E+03	1000010010	4.00639E+02	1000010010	4.00639E+02
3.68335E+03	1000010010	5.46926E+01	1000010010	5.46926E+01
1.15470E+03	1000010010	1.63000E+00	1000010010	1.63000E+00
1.66101E+03	1000010010	4.36981E+00	1000010010	4.36981E+00
3.00850E+03	1000010010	2.21010E+00	1000010010	2.21010E+00
3.98134E+02	1000010010	6.46553E+00	1000010010	6.46553E+00
2.67011E+03	1000010010	1.10702E+01	1000010010	1.10702E+01
4.70123E+03	1000010010	1.64255E+00	1000010010	1.64255E+00
8.11872E+02	1000010010	6.31033E+02	1000010010	6.31033E+02
8.38681E+02	1000010010	1.38120E+02	1000010010	1.38120E+02
4.11144E+02	1000010010	1.37974E+02	1000010010	1.37974E+02
3.06810E+02	1000010010	4.43306E+02	1000010010	4.43306E+02
3.60304E+02	1000010010	3.03119E+00	1000010010	3.03119E+00
5.36700E+02	1000010010	7.71391E+00	1000010010	7.71391E+00
4.92950E+03	1000010010	3.16539E+00	1000010010	3.16539E+00
3.23624E+03	1000010010	1.90827E+00	1000010010	1.90827E+00
3.20449E+03	1000010010	2.78426E+00	1000010010	2.78426E+00
1.03695E+03	1000010010	2.66860E+01	1000010010	2.66860E+01
2.10390E+03	1000010010	1.28075E+00	1000010010	1.28075E+00
1.82580E+02	1000010010	2.68506E+01	1000010010	2.68506E+01
1.36707E+03	1000010010	3.67361E+01	1000010010	3.67361E+01
1.41531E+03	1000010010	7.94110E+01	1000010010	7.94110E+01
6.62868E+02	1000010010	2.30389E+02	1000010010	2.30389E+02
1.14089E+02	1000010010	5.60176E+01	1000010010	5.60176E+01
2.27329E+03	1000010010	1.48229E+01	1000010010	1.48229E+01
4.49850E+02	1000010010	2.16037E+02	1000010010	2.16037E+02
1.39756E+03	1000010010	4.82230E+00	1000010010	4.82230E+00
1.99081E+03	1000010010	2.35565E+01	1000010010	2.35565E+01
4.69527E+03	1000010010	6.52913E+01	1000010010	6.52913E+01
4.86378E+03	1000010010	2.91845E+01	1000010010	2.91845E+01
4.87691E+02	1000010010	4.14037E+00	1000010010	4.14037E+00
1.96294E+03	1000010010	3.05005E+01	1000010010	3.05005E+01
9.31835E+02	1000010010	1.76735E+00	1000010010	1.76735E+00
3.03801E+03	1000010010	2.00157E+02	1000010010	2.00157E+02
4.76485E+02	1000010010	4.11872E+00	1000010010	4.11872E+00
2.27216E+03	1000010010	2.76720E+01	1000010010	2.76720E+01
4.39860E+03	1000010010	2.78610E+00	1000010010	2.78610E+00
1.68624E+03	1000010010	6.87975E+01	1000010010	6.87975E+01
1.08260E+03	1000010010	2.35589E+02	1000010010	2.35589E+02
2.57389E+02	1000010010	4.63934E+02	1000010010	4.63934E+02
4.83541E+02	1000010010	5.60051E+02	1000010010	5.60051E+02
7.52526E+02	1000010010	9.75293E+01	1000010010	9.75293E+01
1.29045E+03	1000010010	1.03721E+01	1000010010	1.03721E+01
4.05221E+02	1000010010	2.85744E+02	1000010010	2.85744E+02
2.81559E+03	1000010010	1.39396E+01	1000010010	1.39396E+01
1.05760E+03	1000010010	3.39944E+01	1000010010	3.39944E+01
4.42118E+03	1000010010	6.02146E+02	1000010010	6.02146E+02
1.55914E+03	1000010010	2.95931E+02	1000010010	2.95931E+02
2.01149E+03	1000010010	4.43579E+01	1000010010	4.43579E+01
2.99770E+03	1000010010	9.94947E+02	1000010010	9.94947E+02
1.01663E+03	1000010010	3.79130E+01	1000010010	3.79130E+01
3.82424E+03	1000010010	3.14277E+00	1000010010	3.14277E+00
1.84251E+03	1000010010	9.45467E+02	1000010010	9.45467E+02
2.46045E+03	1000010010	2.29253E+01	1000010010	2.29253E+01
1.36581E+03	1000010010	6.46334E+00	1000010010	6.46334E+00
2.18042E+03	1000010010	2.56606E+01	1000010010	2.56606E+01
4.51927E+03	1000010010	7.11843E+01	1000010010	7.11843E+01
2.82632E+03	1000010010	3.88455E+02	1000010010	3.88455E+02
1.05331E+03	1000010010	1.56855E+00	1000010010	1.56855E+00
1.14269E+03	1000010010	1.48926E+02	1000010010	1.48926E+02
2.41130E+03	1000010010	2.22854E+02	1000010010	2.22854E+02
1.53784E+03	1000010010	9.42980E+01	1000010010	9.42980E+01
1.28638E+03	1000010010	8.23205E+00	1000010010	8.23205E+00
2.07482E+02	1000010010	2.78657E+02	1000010010	2.78657E+02
2.00972E+03	1000010010	8.17415E+01	1000010010	8.17415E+01
7.50249E+02	1000010010	5.62594E+01	1000010010	5.62594E+01
2.68880E+03	1000010010	7.00625E+00	1000010010	7.00625E+00
4.80155E+03	1000010010	1.41112E+02	1000010010	1.41112E+02
3.73645E+03	1000010010	1.54941E+02	1000010010	1.54941E+02
4.22326E+03	1000010010	1.14966E+00	1000010010	1.14966E+00
2.37422E+02	1000010010	2.30426E+01	1000010010	2.30426E+01
4.40831E+02	1000010010	4.98691E+00	1000010010	4.98691E+00
1.59800E+03	1000010010	2.65851E+01	1000010010	2.65851E+01
4.05456E+02	1000010010	5.30671E+02	1000010010	5.30671E+02
3.94746E+03	1000010010	2.40928E+01	1000010010	2.40928E+01
8.92895E+02	1000010010	2.65122E+02	1000010010	2.65122E+02
9.58669E+02	1000010010	3.54953E+01	1000010010	3.54953E+01
3.02609E+03	1000010010	8.38422E+00	1000010010	8.38422E+00
2.55475E+02	1000010010	6.46071E+01	1000010010	6.46071E+01
2.87505E+03	1000010010	1.92304E+02	1000010010	1.92304E+02
5.11429E+02	1000010010	3.71039E+00	1000010010	3.71039E+00
2.46091E+03	1000010010	8.48109E+02	1000010010	8.48109E+02
2.19147E+03	1000010010	6.55346E+01	1000010010	6.55346E+01
2.21976E+03	1000010010	7.25517E+01	1000010010	7.25517E+01
2.75248E+03	1000010010	3.26449E+00	1000010010	3.26449E+00
1.71363E+03	1000010010	8.23810E+01	1000010010	8.23810E+01
2.57164E+02	1000010010	2.76676E+02	1000010010	2.76676E+02
6.52746E+02	1000010010	5.18684E+02	1000010010	5.18684E+02
4.06482E+03	1000010010	2.82334E+01	1000010010	2.82334E+01
2.64081E+03	1000010010	5.56793E+00	1000010010	5.56793E+00
2.69442E+02	1000010010	2.61192E+00	1000010010	2.61192E+00
8.47207E+02	1000010010	6.61259E+01	1000010010	6.61259E+01
3.90936E+03	1000010010	6.79336E+01	1000010010	6.79336E+01
2.36930E+03	1000010010	2.82948E+02	1000010010	2.82948E+02
2.11498E+03	1000010010	3.33586E+00	1000010010	3.33586E+00
1.84578E+03	1000010010	1.66297E+02	1000010010	1.66297E+02
1.35233E+03	1000010010	9.25756E+00	1000010010	9.25756E+00
3.75955E+03	1000010010	1.79981E+00	1000010010	1.79981E+00
4.28118E+03	1000010010	4.02141E+02	1000010010	4.02141E+02
2.45573E+03	1000010010	1.38155E+02	1000010010	1.38155E+02
1.92068E+03	1000010010	8.87510E+01	1000010010	8.87510E+01
3.72206E+03	1000010010	3.54150E+02	1000010010	3.54150E+02
3.59126E+03	1000010010	1.13802E+01	1000010010	1.13802E+01
2.98241E+03	1000010010	5.24551E+01	1000010010	5.24551E+01
5.76447E+02	1000010010	4.82589E+00	1000010010	4.82589E+00
2.29000E+03	1000010010	9.33712E+02	1000010010	9.33712E+02
4.54977E+03	1000010010	6.50796E+00	1000010010	6.50796E+00
2.74016E+03	1000010010	2.37759E+00	1000010010	2.37759E+00
1.20695E+03	1000010010	3.00281E+00	1000010010	3.00281E+00
1.21097E+03	1000010010	1.38880E+02	1000010010	1.38880E+02
3.96608E+03	1000010010	6.49541E+01	1000010010	6.49541E+01
1.18246E+03	1000010010	3.41701E+02	1000010010	3.41701E+02
1.91783E+03	1000010010	3.96046E+01	1000010010	3.96046E+01
5.70927E+02	1000010010	1.13065E+00	1000010010	1.13065E+00
3.30204E+03	1000010010	6.64759E+02	1000010010	6.64759E+02
4.03623E+03	1000010010	4.00645E+00	1000010010	4.00645E+00
2.36342E+03	1000010010	1.27937E+01	1000010010	1.27937E+01
1.02613E+03	1000010010	2.27592E+01	1000010010	2.27592E+01
3.97887E+02	1000010010	2.14615E+02	1000010010	2.14615E+02
1.04178E+03	1000010010	1.54738E+02	1000010010	1.54738E+02
1.83527E+03	1000010010	4.64306E+02	1000010010	4.64306E+02
2.47027E+03	1000010010	1.41532E+01	1000010010	1.41532E+01
9.17725E+02	1000010010	2.62277E+02	1000010010	2.62277E+02
3.26607E+03	1000010010	3.96308E+00	1000010010	3.96308E+00
3.19911E+03	1000010010	4.35209E+02	1000010010	4.35209E+02
1.10589E+03	1000010010	3.92093E+02	1000010010	3.92093E+02
4.82856E+03	1000010010	3.99344E+02	1000010010	3.99344E+02
9.92860E+02	1000010010	1.31572E+00	1000010010	1.31572E+00
2.69546E+03	1000010010	1.51171E+00	1000010010	1.51171E+00
1.08346E+02	1000010010	8.98787E+00	1000010010	8.98787E+00
1.47188E+03	1000010010	1.85532E+00	1000010010	1.85532E+00
2.70057E+03	1000010010	3.05836E+01	1000010010	3.05836E+01
2.12411E+03	1000010010	3.07140E+02	1000010010	3.07140E+02
4.19999E+03	1000010010	1.83835E+01	1000010010	1.83835E+01
1.24608E+03	1000010010	1.35310E+01	1000010010	1.35310E+01
2.15484E+03	1000010010	2.13689E+01	1000010010	2.13689E+01
1.38619E+02	1000010010	3.18118E+00	1000010010	3.18118E+00
3.88558E+03	1000010010	4.48107E+02	1000010010	4.48107E+02
1.50047E+03	1000010010	1.73939E+01	1000010010	1.73939E+01
4.67825E+03	1000010010	2.42891E+00	1000010010	2.42891E+00
3.13379E+02	1000010010	1.00169E+02	1000010010	1.00169E+02
1.26520E+02	1000010010	2.73239E+01	1000010010	2.73239E+01
6.35338E+02	1000010010	1.08632E+01	1000010010	1.08632E+01
3.73339E+03	1000010010	2.15919E+00	1000010010	2.15919E+00
1.44455E+03	1000010010	2.58297E+01	1000010010	2.58297E+01
2.20119E+03	1000010010	3.38443E+02	1000010010	3.38443E+02
1.35161E+03	1000010010	1.21815E+01	1000010010	1.21815E+01
6.52588E+02	1000010010	7.42419E+02	1000010010	7.42419E+02
3.83257E+03	1000010010	1.74093E+01	1000010010	1.74093E+01
2.26324E+03	1000010010	1.17774E+00	1000010010	1.17774E+00
3.45555E+03	1000010010	7.53473E+01	1000010010	7.53473E+01
6.89081E+02	1000010010	7.89573E+00	1000010010	7.89573E+00
3.56280E+03	1000010010	1.26531E+02	1000010010	1.26531E+02
2.22714E+03	1000010010	5.64713E+02	1000010010	5.64713E+02
4.43136E+03	1000010010	3.61223E+00	1000010010	3.61223E+00
4.30377E+03	1000010010	3.66897E+01	1000010010	3.66897E+01
1.56290E+03	1000010010	1.51210E+01	1000010010	1.51210E+01
1.84787E+03	1000010010	1.40819E+00	1000010010	1.40819E+00
3.57522E+03	1000010010	1.69698E+01	1000010010	1.69698E+01
2.98550E+02	1000010010	1.18222E+01	1000010010	1.18222E+01
1.53645E+03	1000010010	1.03207E+02	1000010010	1.03207E+02
1.60812E+03	1000010010	3.02033E+01	1000010010	3.02033E+01
5.72762E+02	1000010010	2.89932E+02	1000010010	2.89932E+02
1.49353E+03	1000010010	3.63049E+01	1000010010	3.63049E+01
1.06632E+03	1000010010	1.25982E+02	1000010010	1.25982E+02
8.64745E+02	1000010010	5.74547E+00	1000010010	5.74547E+00
1.11241E+03	1000010010	2.00998E+02	1000010010	2.00998E+02
2.72013E+03	1000010010	5.82267E+01	1000010010	5.82267E+01
3.17595E+03	1000010010	4.02165E+01	1000010010	4.02165E+01
4.28467E+03	1000010010	6.87521E+01	1000010010	6.87521E+01
1.09938E+03	1000010010	9.72133E+00	1000010010	9.72133E+00
3.62621E+02	1000010010	1.27692E+00	1000010010	1.27692E+00
1.46281E+03	1000010010	3.96778E+00	1000010010	3.96778E+00
1.88709E+03	1000010010	1.73162E+02	1000010010	1.73162E+02
1.17222E+03	1000010010	2.74676E+02	1000010010	2.74676E+02
4.32455E+03	1000010010	7.64360E+01	1000010010	7.64360E+01
8.49140E+02	1000010010	4.28731E+01	1000010010	4.28731E+01
1.87913E+03	1000010010	6.42132E+00	1000010010	6.42132E+00
2.03497E+02	1000010010	9.62128E+00	1000010010	9.62128E+00
2.23824E+03	1000010010	2.59743E+00	1000010010	2.59743E+00
3.49052E+03	1000010010	3.73753E+01	1000010010	3.73753E+01
2.64541E+03	1000010010	1.95219E+02	1000010010	1.95219E+02
4.83729E+03	1000010010	1.71534E+01	1000010010	1.71534E+01
2.63151E+03	1000010010	2.73896E+02	1000010010	2.73896E+02
1.60213E+03	1000010010	1.96416E+01	1000010010	1.96416E+01
4.70303E+03	1000010010	2.36273E+01	1000010010	2.36273E+01
2.56332E+03	1000010010	8.41387E+00	1000010010	8.41387E+00
4.17090E+02	1000010010	8.32828E+02	1000010010	8.32828E+02
3.08674E+03	1000010010	2.16071E+01	1000010010	2.16071E+01
2.49751E+03	1000010010	1.34959E+00	1000010010	1.34959E+00
4.82864E+03	1000010010	8.25161E+01	1000010010	8.25161E+01
1.45541E+03	1000010010	6.51777E+02	1000010010	6.51777E+02
4.63547E+02	1000010010	6.57280E+01	1000010010	6.57280E+01
3.94280E+03	1000010010	1.47544E+01	1000010010	1.47544E+01
4.61314E+03	1000010010	1.02170E+01	1000010010	1.02170E+01
1.82997E+03	1000010010	2.33469E+00	1000010010	2.33469E+00
7.28478E+02	1000010010	8.85966E+00	1000010010	8.85966E+00
7.07193E+02	1000010010	2.08760E+01	1000010010	2.08760E+01
7.61855E+02	1000010010	4.33585E+02	1000010010	4.33585E+02
2.90857E+03	1000010010	1.38716E+00	1000010010	1.38716E+00
4.65841E+03	1000010010	2.10688E+02	1000010010	2.10688E+02
3.41251E+02	1000010010	5.71149E+00	1000010010	5.71149E+00
4.02537E+03	1000010010	8.10071E+02	1000010010	8.10071E+02
6.22429E+02	1000010010	1.08545E+01	1000010010	1.08545E+01
3.57286E+03	1000010010	2.24235E+00	1000010010	2.24235E+00
1.00592E+03	1000010010	1.00499E+00	1000010010	1.00499E+00
4.28776E+03	1000010010	6.71580E+01	1000010010	6.71580E+01
4.84278E+03	1000010010	2.40206E+02	1000010010	2.40206E+02
1.84163E+03	1000010010	2.05603E+01	1000010010	2.05603E+01
3.01879E+03	1000010010	2.65889E+02	1000010010	2.65889E+02
9.43080E+02	1000010010	1.42937E+02	1000010010	1.42937E+02
3.09279E+03	1000010010	6.21059E+01	1000010010	6.21059E+01
1.84961E+03	1000010010	1.86490E+02	1000010010	1.86490E+02
1.22002E+03	1000010010	1.18815E+00	1000010010	1.18815E+00
2.68790E+03	1000010010	9.20024E+00	1000010010	9.20024E+00
3.52938E+03	1000010010	4.63247E+01	1000010010	4.63247E+01
1.87721E+03	1000010010	2.26029E+00	1000010010	2.26029E+00
1.15373E+03	1000010010	4.49668E+00	1000010010	4.49668E+00
1.29315E+03	1000010010	1.54513E+02	1000010010	1.54513E+02
2.49213E+03	1000010010	4.70171E+00	1000010010	4.70171E+00
1.47913E+03	1000010010	4.12001E+02	1000010010	4.12001E+02
1.18972E+03	1000010010	3.99516E+00	1000010010	3.99516E+00
1.03222E+03	1000010010	3.76273E+00	1000010010	3.76273E+00
5.69070E+02	1000010010	4.42395E+00	1000010010	4.42395E+00
2.85519E+03	1000010010	1.86512E+02	1000010010	1.86512E+02
2.23637E+03	1000010010	4.70252E+01	1000010010	4.70252E+01
7.86335E+02	1000010010	3.18765E+00	1000010010	3.18765E+00
3.96761E+03	1000010010	3.94179E+00	1000010010	3.94179E+00
1.91551E+03	1000010010	4.89732E+02	1000010010	4.89732E+02
1.78533E+03	1000010010	1.25952E+00	1000010010	1.25952E+00
1.72157E+03	1000010010	3.40535E+00	1000010010	3.40535E+00
1.93945E+03	1000010010	2.46764E+00	1000010010	2.46764E+00
8.29458E+02	1000010010	1.80040E+01	1000010010	1.80040E+01
6.79218E+02	1000010010	5.93775E+02	1000010010	5.93775E+02
9.17634E+02	1000010010	2.07115E+02	1000010010	2.07115E+02
4.33532E+02	1000010010	4.78523E+00	1000010010	4.78523E+00
3.32318E+03	1000010010	5.75508E+02	1000010010	5.75508E+02
8.73984E+02	1000010010	1.64269E+02	1000010010	1.64269E+02
3.62480E+03	1000010010	1.76290E+01	1000010010	1.76290E+01
2.76556E+03	1000010010	1.32285E+01	1000010010	1.32285E+01
3.25829E+03	1000010010	1.44495E+02	1000010010	1.44495E+02
4.44728E+03	1000010010	7.83606E+00	1000010010	7.83606E+00
5.24498E+02	1000010010	2.31847E+01	1000010010	2.31847E+01
1.31245E+03	1000010010	9.21906E+00	1000010010	9.21906E+00
3.92020E+03	1000010010	1.05194E+00	1000010010	1.05194E+00
1.56096E+03	1000010010	5.87606E+01	1000010010	5.87606E+01
1.18705E+03	1000010010	2.16365E+00	1000010010	2.16365E+00
1.11753E+03	1000010010	6.04648E+01	1000010010	6.04648E+01
1.22923E+03	1000010010	8.29600E+00	1000010010	8.29600E+00
2.12447E+03	1000010010	1.20865E+02	1000010010	1.20865E+02
3.17642E+03	1000010010	4.98719E+01	1000010010	4.98719E+01
3.71961E+03	1000010010	1.89425E+01	1000010010	1.89425E+01
1.38563E+03	1000010010	2.95337E+00	1000010010	2.95337E+00
2.32523E+03	1000010010	8.07520E+00	1000010010	8.07520E+00
4.26977E+03	1000010010	8.45814E+00	1000010010	8.45814E+00
3.31776E+03	1000010010	5.72174E+00	1000010010	5.72174E+00
2.29381E+03	1000010010	6.27653E+02	1000010010	6.27653E+02
1.67413E+03	1000010010	6.40019E+02	1000010010	6.40019E+02
9.88943E+02	1000010010	1.48559E+00	1000010010	1.48559E+00
2.44465E+03	1000010010	9.07418E+01	1000010010	9.07418E+01
2.65416E+03	1000010010	4.55609E+01	1000010010	4.55609E+01
1.52452E+03	1000010010	4.99367E+02	1000010010	4.99367E+02
1.24603E+03	1000010010	2.47706E+01	1000010010	2.47706E+01
1.78860E+03	1000010010	4.17427E+02	1000010010	4.17427E+02
2.80440E+03	1000010010	1.29648E+02	1000010010	1.29648E+02
3.02801E+03	1000010010	5.90488E+00	1000010010	5.90488E+00
2.99457E+03	1000010010	4.36416E+01	1000010010	4.36416E+01
3.95770E+02	1000010010	6.02564E+01	1000010010	6.02564E+01
4.52251E+03	1000010010	1.23853E+00	1000010010	1.23853E+00
2.81799E+03	1000010010	7.39614E+02	1000010010	7.39614E+02
8.88765E+02	1000010010	2.01098E+01	1000010010	2.01098E+01
3.01271E+02	1000010010	1.65094E+02	1000010010	1.65094E+02
1.76682E+03	1000010010	9.25241E+00	1000010010	9.25241E+00
3.97805E+02	1000010010	5.79260E+00	1000010010	5.79260E+00
1.05286E+03	1000010010	3.20346E+02	1000010010	3.20346E+02
1.64743E+03	1000010010	6.57454E+01	1000010010	6.57454E+01
3.99934E+03	1000010010	7.47008E+01	1000010010	7.47008E+01
2.33295E+03	1000010010	2.00734E+01	1000010010	2.00734E+01
4.00360E+03	1000010010	6.63240E+02	1000010010	6.63240E+02
8.14919E+02	1000010010	3.75940E+02	1000010010	3.75940E+02
1.04329E+03	1000010010	9.64809E+02	1000010010	9.64809E+02
3.58608E+03	1000010010	7.22865E+00	1000010010	7.22865E+00
2.90557E+03	1000010010	3.83569E+02	1000010010	3.83569E+02
2.69089E+03	1000010010	2.61242E+00	1000010010	2.61242E+00
4.42942E+03	1000010010	4.56625E+00	1000010010	4.56625E+00
3.03063E+03	1000010010	8.17400E+02	1000010010	8.17400E+02
1.01152E+03	1000010010	5.10469E+00	1000010010	5.10469E+00
1.37001E+03	1000010010	4.22439E+01	1000010010	4.22439E+01
9.26604E+02	1000010010	1.53192E+00	1000010010	1.53192E+00
9.41565E+02	1000010010	2.67269E+00	1000010010	2.67269E+00
2.94355E+03	1000010010	2.82573E+02	1000010010	2.82573E+02
4.89014E+03	1000010010	7.30617E+02	1000010010	7.30617E+02
4.96076E+03	1000010010	1.03612E+00	1000010010	1.03612E+00
4.39693E+03	1000010010	3.75039E+00	1000010010	3.75039E+00
2.75682E+03	1000010010	2.21353E+00	1000010010	2.21353E+00
1.81114E+03	1000010010	2.51996E+00	1000010010	2.51996E+00
1.25462E+03	1000010010	5.03715E+00	1000010010	5.03715E+00
1.96156E+03	1000010010	1.92743E+01	1000010010	1.92743E+01
2.54249E+02	1000010010	9.74412E+01	1000010010	9.74412E+01
1.23590E+03	1000010010	3.34027E+02	1000010010	3.34027E+02
7.34073E+02	1000010010	8.37049E+02	1000010010	8.37049E+02
2.77373E+03	1000010010	1.40559E+00	1000010010	1.40559E+00
4.04240E+03	1000010010	7.06959E+02	1000010010	7.06959E+02
9.85982E+02	1000010010	1.74195E+01	1000010010	1.74195E+01
2.25727E+03	1000010010	8.90665E+00	1000010010	8.90665E+00
1.94775E+03	1000010010	4.91185E+02	1000010010	4.91185E+02
2.57185E+03	1000010010	2.21849E+02	1000010010	2.21849E+02
1.81597E+03	1000010010	2.78213E+01	1000010010	2.78213E+01
1.94734E+03	1000010010	1.97964E+02	1000010010	1.97964E+02
1.97997E+03	1000010010	2.98042E+01	1000010010	2.98042E+01
9.68519E+02	1000010010	4.95280E+01	1000010010	4.95280E+01
4.36621E+03	1000010010	4.76777E+01	1000010010	4.76777E+01
1.33199E+03	1000010010	2.55665E+00	1000010010	2.55665E+00
3.83750E+03	1000010010	2.03674E+00	1000010010	2.03674E+00
1.63424E+03	1000010010	6.74069E+01	1000010010	6.74069E+01
3.93172E+03	1000010010	3.78701E+01	1000010010	3.78701E+01
6.42641E+02	1000010010	6.67798E+01	1000010010	6.67798E+01
2.79484E+03	1000010010	1.24532E+00	1000010010	1.24532E+00
1.99628E+03	1000010010	2.44208E+02	1000010010	2.44208E+02
2.02386E+03	1000010010	2.45226E+01	1000010010	2.45226E+01
2.18717E+03	1000010010	3.64736E+01	1000010010	3.64736E+01
1.90121E+03	1000010010	6.40667E+01	1000010010	6.40667E+01
1.02626E+03	1000010010	3.68608E+02	1000010010	3.68608E+02
1.65418E+03	1000010010	2.19292E+02	1000010010	2.19292E+02
2.61462E+03	1000010010	4.74256E+00	1000010010	4.74256E+00
2.86924E+03	1000010010	4.35299E+00	1000010010	4.35299E+00
6.36358E+02	1000010010	2.88125E+01	1000010010	2.88125E+01
3.19481E+03	1000010010	2.58605E+00	1000010010	2.58605E+00
2.93947E+03	1000010010	3.21607E+00	1000010010	3.21607E+00
3.11295E+03	1000010010	2.62447E+00	1000010010	2.62447E+00
1.91045E+03	1000010010	2.30863E+02	1000010010	2.30863E+02
6.07557E+02	1000010010	2.89233E+00	1000010010	2.89233E+00
3.06183E+03	1000010010	2.67881E+02	1000010010	2.67881E+02
2.61989E+03	1000010010	2.93568E+02	1000010010	2.93568E+02
2.39437E+03	1000010010	3.22004E+00	1000010010	3.22004E+00
2.06455E+03	1000010010	6.12321E+02	1000010010	6.12321E+02
6.49222E+02	1000010010	3.60872E+02	1000010010	3.60872E+02
1.79585E+03	1000010010	1.18475E+02	1000010010	1.18475E+02
1.86614E+03	1000010010	4.88959E+01	1000010010	4.88959E+01
2.89867E+03	1000010010	1.52900E+02	1000010010	1.52900E+02
1.37383E+03	1000010010	1.54639E+01	1000010010	1.54639E+01
1.11520E+03	1000010010	1.16251E+00	1000010010	1.16251E+00
2.74565E+03	1000010010	8.18335E+00	1000010010	8.18335E+00
2.49977E+03	1000010010	1.19091E+02	1000010010	1.19091E+02
3.78725E+03	1000010010	2.91326E+00	1000010010	2.91326E+00
3.76927E+03	1000010010	1.19370E+02	1000010010	1.19370E+02
1.53485E+03	1000010010	5.80634E+00	1000010010	5.80634E+00
2.65412E+03	1000010010	2.01741E+00	1000010010	2.01741E+00
4.86560E+03	1000010010	5.83174E+01	1000010010	5.83174E+01
3.55200E+03	1000010010	3.99810E+01	1000010010	3.99810E+01
2.33141E+03	1000010010	2.33294E+01	1000010010	2.33294E+01
3.72045E+03	1000010010	7.65862E+00	1000010010	7.65862E+00
7.99794E+02	1000010010	7.36385E+02	1000010010	7.36385E+02
1.11983E+03	1000010010	3.40160E+02	1000010010	3.40160E+02
3.78573E+03	1000010010	3.20747E+01	1000010010	3.20747E+01
1.56560E+03	1000010010	4.42488E+00	1000010010	4.42488E+00
3.55425E+03	1000010010	1.93025E+02	1000010010	1.93025E+02
1.28246E+03	1000010010	4.80822E+02	1000010010	4.80822E+02
4.71665E+03	1000010010	5.77419E+02	1000010010	5.77419E+02
4.20938E+03	1000010010	9.38438E+00	1000010010	9.38438E+00
4.97082E+03	1000010010	2.26998E+01	1000010010	2.26998E+01
2.60365E+03	1000010010	6.04816E+02	1000010010	6.04816E+02
4.76428E+03	1000010010	5.35581E+01	1000010010	5.35581E+01
9.90186E+02	1000010010	6.38504E+02	1000010010	6.38504E+02
1.64158E+03	1000010010	3.09638E+02	1000010010	3.09638E+02
5.93349E+02	1000010010	1.74326E+02	1000010010	1.74326E+02
1.69612E+03	1000010010	8.39402E+01	1000010010	8.39402E+01
9.09248E+02	1000010010	2.23668E+01	1000010010	2.23668E+01
1.91062E+02	1000010010	3.18028E+01	1000010010	3.18028E+01
1.66874E+03	1000010010	2.92813E+01	1000010010	2.92813E+01
4.11461E+03	1000010010	3.45394E+02	1000010010	3.45394E+02
1.17998E+03	1000010010	2.90972E+02	1000010010	2.90972E+02
4.49104E+03	1000010010	2.48175E+00	1000010010	2.48175E+00
4.38206E+03	1000010010	6.58785E+01	1000010010	6.58785E+01
2.39647E+02	1000010010	2.23147E+02	1000010010	2.23147E+02
8.58150E+02	1000010010	7.91087E+00	1000010010	7.91087E+00
1.22517E+03	1000010010	1.52569E+01	1000010010	1.52569E+01
2.21221E+03	1000010010	8.93882E+01	1000010010	8.93882E+01
3.06286E+03	1000010010	5.61536E+01	1000010010	5.61536E+01
6.07026E+02	1000010010	5.50458E+01	1000010010	5.50458E+01
5.74466E+02	1000010010	1.14165E+00	1000010010	1.14165E+00
2.37520E+03	1000010010	3.05408E+01	1000010010	3.05408E+01
1.76404E+03	1000010010	4.60791E+01	1000010010	4.60791E+01
1.83466E+03	1000010010	2.28341E+02	1000010010	2.28341E+02
3.27363E+03	1000010010	1.16279E+00	1000010010	1.16279E+00
2.01884E+03	1000010010	1.32599E+00	1000010010	1.32599E+00
2.12013E+03	1000010010	1.34009E+02	1000010010	1.34009E+02
1.23985E+03	1000010010	2.65568E+02	1000010010	2.65568E+02
9.53713E+02	1000010010	4.11879E+02	1000010010	4.11879E+02
3.33820E+03	1000010010	3.09580E+00	1000010010	3.09580E+00
4.08969E+03	1000010010	9.67302E+00	1000010010	9.67302E+00
3.02207E+03	1000010010	1.28832E+01	1000010010	1.28832E+01
2.32574E+03	1000010010	6.29095E+02	1000010010	6.29095E+02
1.39911E+03	1000010010	2.02270E+01	1000010010	2.02270E+01
9.10042E+02	1000010010	2.28141E+01	1000010010	2.28141E+01
2.58685E+03	1000010010	4.85442E+00	1000010010	4.85442E+00
4.08727E+03	1000010010	1.67802E+00	1000010010	1.67802E+00
2.86181E+03	1000010010	6.34483E+02	1000010010	6.34483E+02
7.26188E+02	1000010010	1.02329E+00	1000010010	1.02329E+00
1.92072E+03	1000010010	5.44647E+01	1000010010	5.44647E+01
4.83358E+02	1000010010	1.17158E+02	1000010010	1.17158E+02
2.73002E+03	1000010010	7.06634E+01	1000010010	7.06634E+01
2.90968E+03	1000010010	2.12965E+01	1000010010	2.12965E+01
1.55990E+03	1000010010	2.76544E+01	1000010010	2.76544E+01
7.22681E+02	1000010010	4.52696E+02	1000010010	4.52696E+02
2.87163E+03	1000010010	3.92561E+02	1000010010	3.92561E+02
2.38632E+03	1000010010	8.65775E+02	1000010010	8.65775E+02
4.49840E+02	1000010010	3.12335E+02	1000010010	3.12335E+02
2.76735E+02	1000010010	5.41159E+02	1000010010	5.41159E+02
3.10326E+02	1000010010	4.88335E+01	1000010010	4.88335E+01
6.32068E+02	1000010010	4.56235E+01	1000010010	4.56235E+01
3.10845E+03	1000010010	7.76879E+02	1000010010	7.76879E+02
1.51653E+03	1000010010	5.59106E+02	1000010010	5.59106E+02
4.04538E+03	1000010010	8.98855E+01	1000010010	8.98855E+01
5.27476E+02	1000010010	1.73919E+01	1000010010	1.73919E+01
4.27789E+03	1000010010	1.91461E+01	1000010010	1.91461E+01
1.24806E+03	1000010010	5.62685E+00	1000010010	5.62685E+00
4.73805E+03	1000010010	1.16663E+01	1000010010	1.16663E+01
4.46790E+03	1000010010	1.49132E+01	1000010010	1.49132E+01
2.56928E+03	1000010010	9.52188E+01	1000010010	9.52188E+01
3.21722E+03	1000010010	9.79395E+01	1000010010	9.79395E+01
3.39262E+03	1000010010	3.40066E+01	1000010010	3.40066E+01
3.58246E+03	1000010010	1.30765E+02	1000010010	1.30765E+02
4.21564E+03	1000010010	1.06529E+02	1000010010	1.06529E+02
2.87851E+03	1000010010	9.73475E+00	1000010010	9.73475E+00
1.25242E+03	1000010010	4.06050E+00	1000010010	4.06050E+00
2.17544E+03	1000010010	1.14213E+00	1000010010	1.14213E+00
3.90692E+03	1000010010	4.21086E+01	1000010010	4.21086E+01
2.23839E+03	1000010010	1.67112E+01	1000010010	1.67112E+01
1.06359E+03	1000010010	2.45468E+02	1000010010	2.45468E+02
1.09208E+03	1000010010	7.51671E+01	1000010010	7.51671E+01
2.04309E+03	1000010010	3.21550E+01	1000010010	3.21550E+01
2.71042E+03	1000010010	2.78453E+02	1000010010	2.78453E+02
2.91025E+02	1000010010	1.97093E+01	1000010010	1.97093E+01
3.46658E+02	1000010010	3.24763E+02	1000010010	3.24763E+02
3.86039E+02	1000010010	4.44317E+01	1000010010	4.44317E+01
1.79296E+03	1000010010	6.76125E+02	1000010010	6.76125E+02
3.27994E+02	1000010010	4.00381E+01	1000010010	4.00381E+01
4.94661E+03	1000010010	2.86469E+00	1000010010	2.86469E+00
1.19467E+03	1000010010	5.62733E+01	1000010010	5.62733E+01
8.99452E+02	1000010010	1.28389E+00	1000010010	1.28389E+00
4.05431E+03	1000010010	4.41951E+01	1000010010	4.41951E+01
1.10714E+03	1000010010	1.12592E+01	1000010010	1.12592E+01
3.81773E+03	1000010010	8.08383E+01	1000010010	8.08383E+01
4.70145E+02	1000010010	1.03720E+01	1000010010	1.03720E+01
8.03355E+02	1000010010	9.43278E+01	1000010010	9.43278E+01
1.44622E+03	1000010010	1.58107E+02	1000010010	1.58107E+02
2.24436E+03	1000010010	3.80314E+00	1000010010	3.80314E+00
4.91709E+03	1000010010	9.84981E+00	1000010010	9.84981E+00
4.21371E+03	1000010010	1.41358E+02	1000010010	1.41358E+02
2.48816E+03	1000010010	5.61074E+01	1000010010	5.61074E+01
4.78029E+03	1000010010	3.23599E+01	1000010010	3.23599E+01
2.74268E+03	1000010010	1.82246E+01	1000010010	1.82246E+01
8.42781E+02	1000010010	9.17022E+02	1000010010	9.17022E+02
4.79434E+03	1000010010	1.10072E+02	1000010010	1.10072E+02
2.78902E+03	1000010010	1.84339E+02	1000010010	1.84339E+02
2.01909E+03	1000010010	4.68554E+00	1000010010	4.68554E+00
1.93205E+03	1000010010	1.75943E+02	1000010010	1.75943E+02
4.22052E+03	1000010010	2.45549E+00	1000010010	2.45549E+00
6.63420E+02	1000010010	2.21918E+00	1000010010	2.21918E+00
2.96277E+03	1000010010	3.48141E+00	1000010010	3.48141E+00
2.80871E+03	1000010010	1.05544E+00	1000010010	1.05544E+00
1.61418E+03	1000010010	1.71126E+01	1000010010	1.71126E+01
2.80686E+03	1000010010	2.17126E+00	1000010010	2.17126E+00
4.16788E+03	1000010010	6.76347E+00	1000010010	6.76347E+00
3.40930E+03	1000010010	4.76491E+01	1000010010	4.76491E+01
4.76773E+03	1000010010	7.49459E+02	1000010010	7.49459E+02
9.26202E+02	1000010010	3.63954E+02	1000010010	3.63954E+02
4.43925E+02	1000010010	7.24526E+00	1000010010	7.24526E+00
1.96003E+02	1000010010	8.99755E+02	1000010010	8.99755E+02
7.36455E+02	1000010010	1.59506E+02	1000010010	1.59506E+02
1.11750E+03	1000010010	7.34547E+02	1000010010	7.34547E+02
2.02788E+03	1000010010	2.57660E+01	1000010010	2.57660E+01
2.95888E+03	1000010010	5.24805E+00	1000010010	5.24805E+00
2.96987E+03	1000010010	1.17216E+02	1000010010	1.17216E+02
1.57950E+03	1000010010	4.41938E+02	1000010010	4.41938E+02
4.05487E+03	1000010010	5.88862E+01	1000010010	5.88862E+01
2.90954E+03	1000010010	9.85586E+01	1000010010	9.85586E+01
2.10856E+03	1000010010	5.81374E+00	1000010010	5.81374E+00
2.29071E+03	1000010010	6.20313E+00	1000010010	6.20313E+00
1.27151E+03	1000010010	1.14692E+02	1000010010	1.14692E+02
6.97622E+02	1000010010	2.86928E+01	1000010010	2.86928E+01
6.94965E+02	1000010010	2.59941E+00	1000010010	2.59941E+00
4.96042E+02	1000010010	2.00937E+02	1000010010	2.00937E+02
1.26590E+03	1000010010	5.15384E+00	1000010010	5.15384E+00
4.29907E+03	1000010010	6.42177E+02	1000010010	6.42177E+02
1.37262E+03	1000010010	4.85367E+02	1000010010	4.85367E+02
1.42486E+02	1000010010	8.74760E+01	1000010010	8.74760E+01
4.39862E+03	1000010010	5.18231E+01	1000010010	5.18231E+01
2.37524E+03	1000010010	4.73851E+01	1000010010	4.73851E+01
2.35254E+03	1000010010	5.20956E+00	1000010010	5.20956E+00
9.10454E+02	1000010010	2.95126E+01	1000010010	2.95126E+01
2.41471E+02	1000010010	5.05317E+00	1000010010	5.05317E+00
1.18007E+03	1000010010	7.97369E+02	1000010010	7.97369E+02
8.80715E+02	1000010010	3.12378E+01	1000010010	3.12378E+01
1.17094E+02	1000010010	3.28196E+02	1000010010	3.28196E+02
7.12785E+02	1000010010	3.58481E+00	1000010010	3.58481E+00
1.85715E+03	1000010010	2.75963E+02	1000010010	2.75963E+02
7.16943E+02	1000010010	2.01739E+01	1000010010	2.01739E+01
1.38619E+03	1000010010	1.54992E+02	1000010010	1.54992E+02
3.70769E+02	1000010010	2.97053E+02	1000010010	2.97053E+02
2.80963E+03	1000010010	1.12535E+01	1000010010	1.12535E+01
1.40581E+03	1000010010	1.00350E+01	1000010010	1.00350E+01
9.80587E+02	1000010010	3.55576E+02	1000010010	3.55576E+02
2.73591E+03	1000010010	1.69206E+02	1000010010	1.69206E+02
4.10861E+03	1000010010	3.79320E+01	1000010010	3.79320E+01
4.49341E+03	1000010010	2.93760E+02	1000010010	2.93760E+02
2.59213E+03	1000010010	4.19747E+00	1000010010	4.19747E+00
1.85813E+03	1000010010	3.04483E+01	1000010010	3.04483E+01
2.10278E+03	1000010010	6.11963E+00	1000010010	6.11963E+00
5.62656E+02	1000010010	6.71871E+00	1000010010	6.71871E+00
7.67414E+02	1000010010	2.36061E+01	1000010010	2.36061E+01
2.82092E+03	1000010010	3.59179E+00	1000010010	3.59179E+00
4.10356E+03	1000010010	1.35639E+01	1000010010	1.35639E+01
4.87685E+03	1000010010	3.72786E+00	1000010010	3.72786E+00
1.18972E+03	1000010010	8.07025E+00	1000010010	8.07025E+00
1.88741E+03	1000010010	1.50302E+02	1000010010	1.50302E+02
3.43180E+03	1000010010	3.42299E+01	1000010010	3.42299E+01
2.94661E+02	1000010010	9.23400E+00	1000010010	9.23400E+00
8.34399E+02	1000010010	1.10736E+00	1000010010	1.10736E+00
3.60299E+02	1000010010	1.17956E+01	1000010010	1.17956E+01
3.38459E+03	1000010010	2.60360E+00	1000010010	2.60360E+00
1.53774E+02	1000010010	3.27562E+01	1000010010	3.27562E+01
6.22612E+02	1000010010	7.13645E+00	1000010010	7.13645E+00
9.62048E+02	1000010010	3.09154E+01	1000010010	3.09154E+01
1.40487E+03	1000010010	6.20409E+00	1000010010	6.20409E+00
1.52224E+03	1000010010	1.05283E+02	1000010010	1.05283E+02
7.40319E+02	1000010010	1.34248E+02	1000010010	1.34248E+02
4.16674E+03	1000010010	1.69050E+00	1000010010	1.69050E+00
1.89655E+03	1000010010	1.80863E+00	1000010010	1.80863E+00
9.98262E+02	1000010010	1.96452E+01	1000010010	1.96452E+01
6.51466E+02	1000010010	3.67118E+00	1000010010	3.67118E+00
1.12641E+03	1000010010	1.74650E+02	1000010010	1.74650E+02
1.16785E+03	1000010010	1.12523E+00	1000010010	1.12523E+00
4.16296E+02	1000010010	4.80164E+01	1000010010	4.80164E+01
9.44491E+02	1000010010	4.18503E+01	1000010010	4.18503E+01
1.23367E+03	1000010010	9.04627E+01	1000010010	9.04627E+01
2.21255E+03	1000010010	3.11134E+01	1000010010	3.11134E+01
1.92023E+03	1000010010	1.22665E+00	1000010010	1.22665E+00
2.12968E+03	1000010010	2.36685E+02	1000010010	2.36685E+02
4.11212E+03	1000010010	3.94717E+02	1000010010	3.94717E+02
1.54666E+03	1000010010	1.66647E+00	1000010010	1.66647E+00
2.31237E+03	1000010010	4.86209E+02	1000010010	4.86209E+02
1.47701E+03	1000010010	1.06976E+01	1000010010	1.06976E+01
1.88870E+03	1000010010	5.87149E+01	1000010010	5.87149E+01
3.24577E+02	1000010010	1.06274E+01	1000010010	1.06274E+01
8.97811E+02	1000010010	1.52038E+02	1000010010	1.52038E+02
3.77472E+03	1000010010	2.27540E+01	1000010010	2.27540E+01
1.29971E+03	1000010010	3.97872E+00	1000010010	3.97872E+00
1.31595E+03	1000010010	7.96012E+02	1000010010	7.96012E+02
1.38720E+03	1000010010	1.76546E+00	1000010010	1.76546E+00
4.95960E+03	1000010010	9.05872E+02	1000010010	9.05872E+02
5.71474E+02	1000010010	1.21465E+01	1000010010	1.21465E+01
1.32036E+03	1000010010	2.26079E+00	1000010010	2.26079E+00
3.61958E+03	1000010010	5.93349E+02	1000010010	5.93349E+02
8.78638E+02	1000010010	9.52460E+02	1000010010	9.52460E+02
4.90527E+03	1000010010	2.42027E+02	1000010010	2.42027E+02
2.17955E+03	1000010010	2.86579E+01	1000010010	2.86579E+01
4.05472E+03	1000010010	1.27040E+01	1000010010	1.27040E+01
1.09913E+03	1000010010	1.63893E+00	1000010010	1.63893E+00
2.96199E+02	1000010010	2.51226E+01	1000010010	2.51226E+01
4.90162E+03	1000010010	3.08106E+02	1000010010	3.08106E+02
4.49051E+03	1000010010	1.13804E+01	1000010010	1.13804E+01
1.67291E+03	1000010010	2.61215E+00	1000010010	2.61215E+00
1.32372E+02	1000010010	1.17282E+00	1000010010	1.17282E+00
1.75503E+03	1000010010	1.18625E+02	1000010010	1.18625E+02
3.08102E+03	1000010010	2.12680E+00	1000010010	2.12680E+00
3.35751E+03	1000010010	2.03894E+00	1000010010	2.03894E+00
2.11971E+02	1000010010	7.79690E+02	1000010010	7.79690E+02
5.40859E+02	1000010010	3.01603E+00	1000010010	3.01603E+00
2.53610E+03	1000010010	7.59336E+00	1000010010	7.59336E+00
7.84367E+02	1000010010	3.12734E+01	1000010010	3.12734E+01
3.84449E+02	1000010010	3.19544E+01	1000010010	3.19544E+01
2.01223E+03	1000010010	2.81873E+02	1000010010	2.81873E+02
4.57431E+02	1000010010	2.99015E+02	1000010010	2.99015E+02
3.78888E+03	1000010010	1.68818E+02	1000010010	1.68818E+02
2.46592E+03	1000010010	6.20758E+02	1000010010	6.20758E+02
1.11726E+03	1000010010	5.55184E+01	1000010010	5.55184E+01
3.85920E+03	1000010010	2.67084E+01	1000010010	2.67084E+01
7.16916E+02	1000010010	2.48644E+01	1000010010	2.48644E+01
1.30800E+03	1000010010	1.52908E+00	1000010010	1.52908E+00
3.80728E+03	1000010010	2.83013E+01	1000010010	2.83013E+01
1.32890E+03	1000010010	2.83439E+00	1000010010	2.83439E+00
1.47708E+02	1000010010	3.86322E+00	1000010010	3.86322E+00
4.55370E+03	1000010010	1.15356E+00	1000010010	1.15356E+00
5.24116E+02	1000010010	1.26287E+01	1000010010	1.26287E+01
1.17408E+03	1000010010	4.51647E+02	1000010010	4.51647E+02
4.12000E+03	1000010010	6.00838E+00	1000010010	6.00838E+00
2.40149E+03	1000010010	2.58888E+01	1000010010	2.58888E+01
2.14467E+03	1000010010	2.52560E+01	1000010010	2.52560E+01
7.43645E+02	1000010010	2.06830E+02	1000010010	2.06830E+02
4.80272E+03	1000010010	5.62382E+01	1000010010	5.62382E+01
1.23640E+03	1000010010	1.30611E+00	1000010010	1.30611E+00
4.48048E+03	1000010010	1.58770E+00	1000010010	1.58770E+00
3.05939E+03	1000010010	3.35515E+02	1000010010	3.35515E+02
1.71393E+03	1000010010	3.42773E+01	1000010010	3.42773E+01
1.95171E+03	1000010010	6.02952E+02	1000010010	6.02952E+02
1.47111E+03	1000010010	7.30666E+00	1000010010	7.30666E+00
2.83603E+02	1000010010	4.34513E+02	1000010010	4.34513E+02
4.55715E+02	1000010010	2.74466E+01	1000010010	2.74466E+01
2.11878E+03	1000010010	1.47480E+01	1000010010	1.47480E+01
1.97055E+03	1000010010	2.67636E+01	1000010010	2.67636E+01
2.46391E+03	1000010010	3.34035E+00	1000010010	3.34035E+00
1.13871E+03	1000010010	1.84016E+00	1000010010	1.84016E+00
3.78830E+03	1000010010	1.23316E+00	1000010010	1.23316E+00
