#	D	ID	E	ID0	E0
#
# D             Trajectory length [1 Mpc]
# ID/ID0/ID1    Particle type (PDG MC numbering scheme)
# E/E0/E1       Energy [1 EeV]
# no index = current, 0 = at source, 1 = at point of creation
#
# CRPropa version: -128-NOTFOUND
#
5.55705E+00	1000010010	1.36082E+20	1000010010	1.36082E+20
7.66017E+00	1000010010	8.55271E+19	1000010010	8.55271E+19
2.01404E+00	1000010010	1.39265E+20	1000010010	1.39265E+20
8.70905E+00	1000010010	3.96425E+19	1000010010	3.96425E+19
4.27488E-01	1000010010	9.59351E+19	1000010010	9.59351E+19
6.89123E+00	1000010010	7.94465E+18	1000010010	7.94465E+18
1.97505E+00	1000010010	6.45437E+18	1000010010	6.45437E+18
4.00837E+00	1000010010	1.39673E+20	1000010010	1.39673E+20
5.60066E-01	1000010010	9.36691E+20	1000010010	9.36691E+20
5.09022E-01	1000010010	3.50362E+19	1000010010	3.50362E+19
2.98879E+00	1000010010	3.07754E+19	1000010010	3.07754E+19
5.53448E+00	1000010010	4.29961E+20	1000010010	4.29961E+20
4.99092E+00	1000010010	5.81755E+21	1000010010	5.81755E+21
7.39288E+00	1000010010	1.09081E+19	1000010010	1.09081E+19
3.94069E+00	1000010010	1.82333E+19	1000010010	1.82333E+19
1.42729E+00	1000010010	1.13950E+20	1000010010	1.13950E+20
1.92885E-01	1000010010	4.67868E+20	1000010010	4.67868E+20
4.18655E+00	1000010010	3.33532E+21	1000010010	3.33532E+21
7.29086E+00	1000010010	2.27558E+20	1000010010	2.27558E+20
7.86198E+00	1000010010	2.60874E+21	1000010010	2.60874E+21
4.12252E+00	1000010010	1.86981E+19	1000010010	1.86981E+19
5.57358E+00	1000010010	3.70384E+21	1000010010	3.70384E+21
5.28629E+00	1000010010	3.64436E+20	1000010010	3.64436E+20
7.44105E+00	1000010010	1.74366E+21	1000010010	1.74366E+21
7.28052E+00	1000010010	2.54235E+20	1000010010	2.54235E+20
3.17928E+00	1000010010	3.12173E+20	1000010010	3.12173E+20
8.35746E+00	1000010010	5.06459E+21	1000010010	5.06459E+21
4.23964E+00	1000010010	2.21326E+21	1000010010	2.21326E+21
2.28335E+00	1000010010	1.88188E+19	1000010010	1.88188E+19
3.82496E+00	1000010010	4.04717E+21	1000010010	4.04717E+21
9.07909E+00	1000010010	1.00738E+20	1000010010	1.00738E+20
8.74526E-01	1000010010	2.56520E+19	1000010010	2.56520E+19
2.55477E+00	1000010010	7.18089E+20	1000010010	7.18089E+20
7.72675E+00	1000010010	3.54804E+19	1000010010	3.54804E+19
1.59731E+00	1000010010	1.49442E+19	1000010010	1.49442E+19
1.04943E+00	1000010010	5.57746E+20	1000010010	5.57746E+20
8.17938E+00	1000010010	2.16049E+21	1000010010	2.16049E+21
4.82793E+00	1000010010	4.38941E+20	1000010010	4.38941E+20
7.50090E+00	1000010010	8.52943E+18	1000010010	8.52943E+18
5.89884E+00	1000010010	1.50378E+20	1000010010	1.50378E+20
4.51214E+00	1000010010	1.61842E+20	1000010010	1.61842E+20
9.69726E+00	1000010010	7.13358E+18	1000010010	7.13358E+18
5.64226E+00	1000010010	8.30412E+19	1000010010	8.30412E+19
1.17059E+00	1000010010	6.54278E+18	1000010010	6.54278E+18
9.91779E+00	1000010010	8.96767E+19	1000010010	8.96767E+19
2.21229E+00	1000010010	8.06027E+20	1000010010	8.06027E+20
9.26572E+00	1000010010	1.52187E+19	1000010010	1.52187E+19
7.38203E+00	1000010010	6.13273E+19	1000010010	6.13273E+19
3.80096E+00	1000010010	1.34680E+20	1000010010	1.34680E+20
8.03618E+00	1000010010	1.81626E+21	1000010010	1.81626E+21
8.52235E+00	1000010010	3.75731E+21	1000010010	3.75731E+21
7.84488E+00	1000010010	2.16962E+21	1000010010	2.16962E+21
3.14128E+00	1000010010	7.58361E+19	1000010010	7.58361E+19
2.08542E+00	1000010010	1.48409E+20	1000010010	1.48409E+20
2.84844E+00	1000010010	2.73732E+20	1000010010	2.73732E+20
4.93414E+00	1000010010	6.61595E+19	1000010010	6.61595E+19
8.28734E+00	1000010010	1.15736E+19	1000010010	1.15736E+19
3.73500E+00	1000010010	2.38619E+20	1000010010	2.38619E+20
1.53297E+00	1000010010	1.06155E+21	1000010010	1.06155E+21
7.05225E+00	1000010010	1.13330E+19	1000010010	1.13330E+19
9.89933E+00	1000010010	1.34703E+19	1000010010	1.34703E+19
1.50315E+00	1000010010	1.04560E+21	1000010010	1.04560E+21
6.34707E+00	1000010010	1.41359E+21	1000010010	1.41359E+21
3.22390E+00	1000010010	8.82446E+19	1000010010	8.82446E+19
6.62613E+00	1000010010	4.66713E+20	1000010010	4.66713E+20
1.27007E+00	1000010010	3.93813E+20	1000010010	3.93813E+20
4.05476E+00	1000010010	4.75676E+19	1000010010	4.75676E+19
8.65382E+00	1000010010	1.82786E+21	1000010010	1.82786E+21
1.90283E+00	1000010010	2.72446E+21	1000010010	2.72446E+21
5.31995E+00	1000010010	2.03126E+19	1000010010	2.03126E+19
7.92614E+00	1000010010	2.28687E+21	1000010010	2.28687E+21
5.44196E+00	1000010010	2.53974E+19	1000010010	2.53974E+19
2.14280E+00	1000010010	2.54193E+19	1000010010	2.54193E+19
3.33765E+00	1000010010	1.68274E+21	1000010010	1.68274E+21
4.84165E+00	1000010010	2.98948E+21	1000010010	2.98948E+21
1.21001E+00	1000010010	5.67428E+21	1000010010	5.67428E+21
3.17567E+00	1000010010	1.12432E+19	1000010010	1.12432E+19
4.30551E+00	1000010010	4.15201E+20	1000010010	4.15201E+20
4.60409E+00	1000010010	3.49217E+19	1000010010	3.49217E+19
4.53227E+00	1000010010	1.67140E+19	1000010010	1.67140E+19
3.56576E+00	1000010010	2.74775E+20	1000010010	2.74775E+20
3.02113E+00	1000010010	2.04750E+19	1000010010	2.04750E+19
5.19175E+00	1000010010	1.00424E+20	1000010010	1.00424E+20
8.35094E+00	1000010010	6.08744E+19	1000010010	6.08744E+19
8.82231E+00	1000010010	6.25756E+19	1000010010	6.25756E+19
9.68415E+00	1000010010	1.44516E+20	1000010010	1.44516E+20
8.87644E+00	1000010010	4.69501E+19	1000010010	4.69501E+19
7.38660E+00	1000010010	5.60245E+19	1000010010	5.60245E+19
1.72939E+00	1000010010	5.91344E+21	1000010010	5.91344E+21
5.81332E+00	1000010010	7.05369E+19	1000010010	7.05369E+19
1.95611E-01	1000010010	1.72940E+20	1000010010	1.72940E+20
9.76388E+00	1000010010	3.05049E+21	1000010010	3.05049E+21
9.02466E+00	1000010010	2.70975E+21	1000010010	2.70975E+21
8.22148E+00	1000010010	4.93432E+19	1000010010	4.93432E+19
7.82803E-01	1000010010	6.09563E+19	1000010010	6.09563E+19
3.32422E+00	1000010010	1.05271E+19	1000010010	1.05271E+19
2.22382E+00	1000010010	1.23778E+19	1000010010	1.23778E+19
2.89543E+00	1000010010	7.14693E+18	1000010010	7.14693E+18
9.30883E-01	1000010010	1.01527E+20	1000010010	1.01527E+20
2.27366E+00	1000010010	1.19374E+19	1000010010	1.19374E+19
5.39822E+00	1000010010	2.41110E+19	1000010010	2.41110E+19
4.84869E+00	1000010010	2.36961E+20	1000010010	2.36961E+20
9.14771E+00	1000010010	1.25273E+19	1000010010	1.25273E+19
6.07039E+00	1000010010	5.19484E+19	1000010010	5.19484E+19
9.49809E-03	1000010010	1.42536E+20	1000010010	1.42536E+20
7.41080E+00	1000010010	5.27721E+21	1000010010	5.27721E+21
6.48044E+00	1000010010	3.44748E+21	1000010010	3.44748E+21
4.39683E+00	1000010010	5.12082E+20	1000010010	5.12082E+20
3.46311E+00	1000010010	4.54734E+20	1000010010	4.54734E+20
7.04159E+00	1000010010	2.15756E+21	1000010010	2.15756E+21
6.06551E-01	1000010010	1.33115E+21	1000010010	1.33115E+21
3.87305E-01	1000010010	3.21832E+19	1000010010	3.21832E+19
3.89481E+00	1000010010	3.84573E+19	1000010010	3.84573E+19
8.26574E+00	1000010010	4.67302E+19	1000010010	4.67302E+19
8.85041E+00	1000010010	1.31175E+20	1000010010	1.31175E+20
3.17159E+00	1000010010	9.81447E+18	1000010010	9.81447E+18
5.19804E+00	1000010010	1.12463E+21	1000010010	1.12463E+21
8.32884E+00	1000010010	1.14423E+21	1000010010	1.14423E+21
9.17565E+00	1000010010	6.60149E+20	1000010010	6.60149E+20
2.91661E-01	1000010010	7.15122E+19	1000010010	7.15122E+19
5.41610E+00	1000010010	2.69787E+20	1000010010	2.69787E+20
1.39115E+00	1000010010	9.47937E+19	1000010010	9.47937E+19
1.25151E+00	1000010010	5.35435E+21	1000010010	5.35435E+21
4.33829E+00	1000010010	6.02905E+20	1000010010	6.02905E+20
2.99398E+00	1000010010	5.53669E+20	1000010010	5.53669E+20
2.76716E-01	1000010010	2.82577E+21	1000010010	2.82577E+21
2.36468E+00	1000010010	7.86978E+20	1000010010	7.86978E+20
4.25201E+00	1000010010	4.29432E+21	1000010010	4.29432E+21
3.52643E-01	1000010010	8.90832E+20	1000010010	8.90832E+20
2.08968E+00	1000010010	5.97970E+20	1000010010	5.97970E+20
9.97195E+00	1000010010	3.58132E+21	1000010010	3.58132E+21
3.41191E+00	1000010010	4.25828E+19	1000010010	4.25828E+19
5.24233E+00	1000010010	3.37772E+20	1000010010	3.37772E+20
2.60276E+00	1000010010	1.03332E+19	1000010010	1.03332E+19
2.97389E+00	1000010010	4.10112E+19	1000010010	4.10112E+19
1.09928E+00	1000010010	1.35147E+20	1000010010	1.35147E+20
2.21886E+00	1000010010	8.03316E+20	1000010010	8.03316E+20
8.60788E+00	1000010010	2.62530E+20	1000010010	2.62530E+20
4.82934E-01	1000010010	1.10464E+19	1000010010	1.10464E+19
4.89875E+00	1000010010	1.44813E+20	1000010010	1.44813E+20
5.48391E+00	1000010010	1.37685E+19	1000010010	1.37685E+19
2.95650E+00	1000010010	1.46011E+19	1000010010	1.46011E+19
5.70691E-01	1000010010	2.17356E+20	1000010010	2.17356E+20
2.16411E-01	1000010010	4.55891E+20	1000010010	4.55891E+20
1.12086E+00	1000010010	9.61789E+20	1000010010	9.61789E+20
9.82785E+00	1000010010	1.00278E+19	1000010010	1.00278E+19
6.98610E+00	1000010010	1.13986E+19	1000010010	1.13986E+19
4.97477E+00	1000010010	1.72101E+21	1000010010	1.72101E+21
3.77773E+00	1000010010	1.11288E+21	1000010010	1.11288E+21
7.05277E+00	1000010010	7.88549E+20	1000010010	7.88549E+20
1.30080E-01	1000010010	8.18287E+18	1000010010	8.18287E+18
1.61652E+00	1000010010	1.28980E+19	1000010010	1.28980E+19
8.82182E+00	1000010010	5.03770E+19	1000010010	5.03770E+19
7.57375E-01	1000010010	8.88145E+19	1000010010	8.88145E+19
6.88269E+00	1000010010	1.08810E+19	1000010010	1.08810E+19
4.03236E+00	1000010010	2.43855E+20	1000010010	2.43855E+20
5.71812E+00	1000010010	4.85122E+21	1000010010	4.85122E+21
7.71490E+00	1000010010	9.16822E+19	1000010010	9.16822E+19
3.96959E+00	1000010010	1.20082E+19	1000010010	1.20082E+19
7.30233E-01	1000010010	5.79338E+21	1000010010	5.79338E+21
6.90754E+00	1000010010	3.07706E+19	1000010010	3.07706E+19
4.17109E+00	1000010010	4.38018E+21	1000010010	4.38018E+21
9.37417E+00	1000010010	2.36464E+19	1000010010	2.36464E+19
5.27287E+00	1000010010	2.57775E+20	1000010010	2.57775E+20
6.51424E-01	1000010010	1.63051E+20	1000010010	1.63051E+20
4.87290E+00	1000010010	2.50982E+19	1000010010	2.50982E+19
2.59264E+00	1000010010	1.15367E+21	1000010010	1.15367E+21
9.60471E+00	1000010010	6.25481E+18	1000010010	6.25481E+18
2.67727E+00	1000010010	7.42751E+18	1000010010	7.42751E+18
6.23074E+00	1000010010	2.13151E+20	1000010010	2.13151E+20
1.37465E+00	1000010010	2.31860E+21	1000010010	2.31860E+21
2.42367E+00	1000010010	4.44607E+19	1000010010	4.44607E+19
7.01667E+00	1000010010	1.70929E+19	1000010010	1.70929E+19
7.67818E+00	1000010010	4.20912E+19	1000010010	4.20912E+19
8.40189E+00	1000010010	3.23075E+21	1000010010	3.23075E+21
8.94632E+00	1000010010	2.11004E+21	1000010010	2.11004E+21
3.04031E+00	1000010010	9.74223E+18	1000010010	9.74223E+18
4.26222E+00	1000010010	4.03903E+20	1000010010	4.03903E+20
8.34029E+00	1000010010	1.09078E+21	1000010010	1.09078E+21
9.85713E+00	1000010010	6.58933E+19	1000010010	6.58933E+19
1.85554E+00	1000010010	2.78073E+21	1000010010	2.78073E+21
1.95527E+00	1000010010	3.37528E+21	1000010010	3.37528E+21
9.78878E+00	1000010010	2.68916E+19	1000010010	2.68916E+19
4.14153E+00	1000010010	7.16427E+18	1000010010	7.16427E+18
3.73827E+00	1000010010	2.48337E+20	1000010010	2.48337E+20
6.01881E+00	1000010010	6.17124E+20	1000010010	6.17124E+20
3.08401E+00	1000010010	1.85441E+19	1000010010	1.85441E+19
9.19677E+00	1000010010	1.02472E+19	1000010010	1.02472E+19
6.18530E-01	1000010010	1.02632E+21	1000010010	1.02632E+21
6.42831E+00	1000010010	3.64807E+21	1000010010	3.64807E+21
3.87597E+00	1000010010	1.47329E+21	1000010010	1.47329E+21
5.81522E+00	1000010010	6.08606E+19	1000010010	6.08606E+19
5.74640E+00	1000010010	2.58963E+19	1000010010	2.58963E+19
6.65074E+00	1000010010	7.15397E+20	1000010010	7.15397E+20
9.43698E+00	1000010010	1.16344E+21	1000010010	1.16344E+21
1.60234E+00	1000010010	1.37959E+20	1000010010	1.37959E+20
3.64046E+00	1000010010	1.62131E+21	1000010010	1.62131E+21
5.81913E+00	1000010010	1.90729E+21	1000010010	1.90729E+21
6.25534E+00	1000010010	1.13651E+20	1000010010	1.13651E+20
1.43245E+00	1000010010	6.28593E+19	1000010010	6.28593E+19
4.01565E+00	1000010010	5.41221E+20	1000010010	5.41221E+20
7.65050E+00	1000010010	1.68813E+19	1000010010	1.68813E+19
6.41848E+00	1000010010	9.43109E+19	1000010010	9.43109E+19
1.62767E+00	1000010010	7.12788E+20	1000010010	7.12788E+20
7.39947E+00	1000010010	6.15575E+19	1000010010	6.15575E+19
4.74154E+00	1000010010	2.55823E+20	1000010010	2.55823E+20
7.39912E+00	1000010010	3.90945E+20	1000010010	3.90945E+20
6.67034E+00	1000010010	5.42251E+20	1000010010	5.42251E+20
5.62343E+00	1000010010	1.59815E+21	1000010010	1.59815E+21
5.86482E+00	1000010010	1.30148E+21	1000010010	1.30148E+21
5.16016E+00	1000010010	1.17317E+19	1000010010	1.17317E+19
1.69089E+00	1000010010	2.33974E+20	1000010010	2.33974E+20
3.19992E+00	1000010010	5.63721E+21	1000010010	5.63721E+21
8.78732E+00	1000010010	8.35296E+20	1000010010	8.35296E+20
5.79928E+00	1000010010	4.70546E+21	1000010010	4.70546E+21
9.32324E+00	1000010010	1.64808E+20	1000010010	1.64808E+20
9.89805E+00	1000010010	1.42513E+20	1000010010	1.42513E+20
3.58410E+00	1000010010	3.78203E+19	1000010010	3.78203E+19
1.93125E+00	1000010010	1.16193E+21	1000010010	1.16193E+21
4.29054E+00	1000010010	2.23925E+19	1000010010	2.23925E+19
1.09535E-01	1000010010	3.12537E+20	1000010010	3.12537E+20
8.10523E+00	1000010010	2.78243E+21	1000010010	2.78243E+21
6.93638E+00	1000010010	9.47304E+18	1000010010	9.47304E+18
6.49311E+00	1000010010	1.14643E+20	1000010010	1.14643E+20
3.14489E+00	1000010010	8.51070E+18	1000010010	8.51070E+18
5.77338E+00	1000010010	1.01998E+19	1000010010	1.01998E+19
6.35213E+00	1000010010	8.03610E+18	1000010010	8.03610E+18
3.10601E+00	1000010010	1.13681E+19	1000010010	1.13681E+19
8.19424E+00	1000010010	3.89874E+20	1000010010	3.89874E+20
1.21786E+00	1000010010	8.79627E+19	1000010010	8.79627E+19
9.34705E+00	1000010010	1.80240E+21	1000010010	1.80240E+21
3.34795E+00	1000010010	8.86003E+18	1000010010	8.86003E+18
9.07194E+00	1000010010	9.38733E+19	1000010010	9.38733E+19
9.16041E+00	1000010010	1.92104E+21	1000010010	1.92104E+21
3.47418E+00	1000010010	4.35785E+21	1000010010	4.35785E+21
3.53139E-01	1000010010	9.53187E+20	1000010010	9.53187E+20
9.75195E+00	1000010010	9.67719E+20	1000010010	9.67719E+20
9.37305E+00	1000010010	6.44405E+20	1000010010	6.44405E+20
4.19576E+00	1000010010	1.85118E+20	1000010010	1.85118E+20
6.60344E+00	1000010010	2.92287E+21	1000010010	2.92287E+21
7.27691E+00	1000010010	1.00327E+21	1000010010	1.00327E+21
2.95970E+00	1000010010	1.19108E+21	1000010010	1.19108E+21
9.03825E+00	1000010010	8.36891E+18	1000010010	8.36891E+18
4.01427E+00	1000010010	4.06399E+19	1000010010	4.06399E+19
2.38450E+00	1000010010	3.12947E+21	1000010010	3.12947E+21
8.12959E+00	1000010010	6.00116E+19	1000010010	6.00116E+19
2.79620E+00	1000010010	9.94759E+20	1000010010	9.94759E+20
6.14852E+00	1000010010	4.17907E+21	1000010010	4.17907E+21
8.80461E+00	1000010010	5.02050E+21	1000010010	5.02050E+21
8.22463E+00	1000010010	7.99740E+18	1000010010	7.99740E+18
4.09960E+00	1000010010	2.18263E+20	1000010010	2.18263E+20
2.80687E+00	1000010010	1.54559E+20	1000010010	1.54559E+20
1.51208E+00	1000010010	1.07936E+19	1000010010	1.07936E+19
3.05164E+00	1000010010	8.46251E+19	1000010010	8.46251E+19
9.55039E+00	1000010010	8.71795E+18	1000010010	8.71795E+18
1.39799E+00	1000010010	1.25949E+19	1000010010	1.25949E+19
5.24682E+00	1000010010	4.55834E+19	1000010010	4.55834E+19
2.31050E+00	1000010010	8.16837E+19	1000010010	8.16837E+19
3.68871E+00	1000010010	2.68628E+20	1000010010	2.68628E+20
6.06386E+00	1000010010	1.32680E+21	1000010010	1.32680E+21
5.05203E+00	1000010010	1.19452E+21	1000010010	1.19452E+21
3.60300E+00	1000010010	1.06178E+19	1000010010	1.06178E+19
5.84181E+00	1000010010	1.04940E+20	1000010010	1.04940E+20
3.58449E+00	1000010010	4.05792E+20	1000010010	4.05792E+20
6.49993E+00	1000010010	5.57493E+19	1000010010	5.57493E+19
4.61499E+00	1000010010	3.43103E+21	1000010010	3.43103E+21
2.57570E+00	1000010010	5.17939E+21	1000010010	5.17939E+21
3.94214E+00	1000010010	1.41770E+21	1000010010	1.41770E+21
8.20285E+00	1000010010	3.96506E+20	1000010010	3.96506E+20
6.86287E-01	1000010010	1.70768E+21	1000010010	1.70768E+21
4.37865E+00	1000010010	4.06742E+21	1000010010	4.06742E+21
7.03086E+00	1000010010	8.95796E+18	1000010010	8.95796E+18
3.07089E+00	1000010010	1.90524E+21	1000010010	1.90524E+21
2.75627E+00	1000010010	1.30728E+21	1000010010	1.30728E+21
7.31412E+00	1000010010	1.82702E+20	1000010010	1.82702E+20
5.31283E+00	1000010010	7.86509E+20	1000010010	7.86509E+20
2.83183E+00	1000010010	1.79499E+20	1000010010	1.79499E+20
7.05957E+00	1000010010	8.78275E+20	1000010010	8.78275E+20
8.99019E+00	1000010010	1.25843E+21	1000010010	1.25843E+21
4.16132E+00	1000010010	5.37357E+20	1000010010	5.37357E+20
5.55380E+00	1000010010	6.67053E+19	1000010010	6.67053E+19
7.12271E+00	1000010010	1.12847E+19	1000010010	1.12847E+19
5.89900E+00	1000010010	1.88870E+20	1000010010	1.88870E+20
9.94474E+00	1000010010	2.82462E+20	1000010010	2.82462E+20
1.17414E+00	1000010010	4.73100E+20	1000010010	4.73100E+20
6.39713E+00	1000010010	1.92622E+19	1000010010	1.92622E+19
4.52850E+00	1000010010	4.35584E+21	1000010010	4.35584E+21
5.14087E+00	1000010010	3.38570E+19	1000010010	3.38570E+19
7.58602E+00	1000010010	3.27200E+19	1000010010	3.27200E+19
2.55624E+00	1000010010	1.28099E+20	1000010010	1.28099E+20
4.75957E-01	1000010010	1.90728E+21	1000010010	1.90728E+21
5.06653E+00	1000010010	1.51264E+21	1000010010	1.51264E+21
6.31346E+00	1000010010	5.08357E+21	1000010010	5.08357E+21
3.05502E+00	1000010010	2.28644E+21	1000010010	2.28644E+21
9.91357E+00	1000010010	1.50375E+20	1000010010	1.50375E+20
6.92815E+00	1000010010	7.24300E+20	1000010010	7.24300E+20
2.78160E+00	1000010010	2.21055E+19	1000010010	2.21055E+19
4.95976E+00	1000010010	1.15272E+21	1000010010	1.15272E+21
7.99251E+00	1000010010	3.93536E+19	1000010010	3.93536E+19
4.77435E+00	1000010010	8.40838E+19	1000010010	8.40838E+19
2.04688E-01	1000010010	1.43275E+21	1000010010	1.43275E+21
6.53881E+00	1000010010	1.01122E+20	1000010010	1.01122E+20
4.13760E+00	1000010010	1.69986E+19	1000010010	1.69986E+19
7.38838E-01	1000010010	5.23972E+21	1000010010	5.23972E+21
2.44997E+00	1000010010	2.30668E+19	1000010010	2.30668E+19
4.45525E+00	1000010010	8.21869E+18	1000010010	8.21869E+18
6.31222E+00	1000010010	1.11016E+21	1000010010	1.11016E+21
4.31883E+00	1000010010	1.46948E+21	1000010010	1.46948E+21
3.65578E+00	1000010010	1.81086E+21	1000010010	1.81086E+21
4.24162E+00	1000010010	8.50780E+20	1000010010	8.50780E+20
5.15944E+00	1000010010	1.54871E+20	1000010010	1.54871E+20
9.83666E+00	1000010010	3.74043E+19	1000010010	3.74043E+19
5.58621E+00	1000010010	2.25121E+21	1000010010	2.25121E+21
3.99945E+00	1000010010	6.23014E+20	1000010010	6.23014E+20
9.69123E+00	1000010010	6.34305E+19	1000010010	6.34305E+19
4.00795E+00	1000010010	1.30590E+21	1000010010	1.30590E+21
1.07889E+00	1000010010	2.87496E+21	1000010010	2.87496E+21
9.26449E+00	1000010010	9.07337E+18	1000010010	9.07337E+18
5.98142E+00	1000010010	2.20666E+21	1000010010	2.20666E+21
2.23553E+00	1000010010	1.07414E+19	1000010010	1.07414E+19
6.35580E-01	1000010010	4.70181E+20	1000010010	4.70181E+20
3.23600E+00	1000010010	3.25133E+21	1000010010	3.25133E+21
9.36380E+00	1000010010	6.55242E+19	1000010010	6.55242E+19
1.88796E+00	1000010010	4.53132E+21	1000010010	4.53132E+21
1.54762E+00	1000010010	7.89094E+18	1000010010	7.89094E+18
1.56822E+00	1000010010	2.47374E+19	1000010010	2.47374E+19
9.95083E+00	1000010010	2.07996E+21	1000010010	2.07996E+21
8.64256E+00	1000010010	4.21845E+20	1000010010	4.21845E+20
9.04005E+00	1000010010	3.82025E+20	1000010010	3.82025E+20
3.18104E+00	1000010010	7.27451E+18	1000010010	7.27451E+18
9.46913E+00	1000010010	2.27954E+21	1000010010	2.27954E+21
7.31292E+00	1000010010	4.01703E+19	1000010010	4.01703E+19
1.63863E+00	1000010010	8.40193E+18	1000010010	8.40193E+18
5.77459E+00	1000010010	1.50644E+21	1000010010	1.50644E+21
1.07879E+00	1000010010	1.29431E+19	1000010010	1.29431E+19
8.85936E+00	1000010010	1.13632E+21	1000010010	1.13632E+21
8.25859E+00	1000010010	1.67619E+20	1000010010	1.67619E+20
4.18362E+00	1000010010	2.07859E+21	1000010010	2.07859E+21
1.87096E+00	1000010010	6.71368E+20	1000010010	6.71368E+20
7.66821E+00	1000010010	1.26337E+20	1000010010	1.26337E+20
1.58204E+00	1000010010	7.93384E+19	1000010010	7.93384E+19
3.85612E+00	1000010010	9.26562E+20	1000010010	9.26562E+20
8.86389E+00	1000010010	1.44483E+19	1000010010	1.44483E+19
4.94590E+00	1000010010	8.40193E+19	1000010010	8.40193E+19
8.44390E+00	1000010010	4.65276E+19	1000010010	4.65276E+19
7.91335E+00	1000010010	1.05859E+19	1000010010	1.05859E+19
6.15871E+00	1000010010	2.45197E+20	1000010010	2.45197E+20
8.19422E-01	1000010010	1.12275E+20	1000010010	1.12275E+20
3.92992E+00	1000010010	8.69482E+19	1000010010	8.69482E+19
1.40899E+00	1000010010	5.55983E+19	1000010010	5.55983E+19
5.59736E+00	1000010010	2.12783E+19	1000010010	2.12783E+19
4.72892E+00	1000010010	4.64338E+21	1000010010	4.64338E+21
1.48160E+00	1000010010	2.61841E+21	1000010010	2.61841E+21
7.99989E-01	1000010010	7.18653E+19	1000010010	7.18653E+19
8.93722E+00	1000010010	5.14937E+21	1000010010	5.14937E+21
1.87646E+00	1000010010	5.28930E+21	1000010010	5.28930E+21
5.93766E+00	1000010010	5.63264E+21	1000010010	5.63264E+21
2.58708E+00	1000010010	1.34427E+21	1000010010	1.34427E+21
4.94219E+00	1000010010	1.60530E+21	1000010010	1.60530E+21
1.97788E+00	1000010010	1.56160E+21	1000010010	1.56160E+21
3.98943E+00	1000010010	7.08958E+19	1000010010	7.08958E+19
2.32003E+00	1000010010	8.53211E+20	1000010010	8.53211E+20
7.59826E-01	1000010010	4.60805E+19	1000010010	4.60805E+19
8.12564E+00	1000010010	4.34213E+20	1000010010	4.34213E+20
4.68376E+00	1000010010	1.25715E+21	1000010010	1.25715E+21
3.45105E+00	1000010010	1.96823E+21	1000010010	1.96823E+21
5.83836E+00	1000010010	1.91349E+19	1000010010	1.91349E+19
2.80850E+00	1000010010	1.81376E+20	1000010010	1.81376E+20
2.13245E+00	1000010010	1.48459E+19	1000010010	1.48459E+19
3.53781E+00	1000010010	1.17012E+21	1000010010	1.17012E+21
2.52303E+00	1000010010	9.78999E+20	1000010010	9.78999E+20
1.60628E+00	1000010010	7.91680E+18	1000010010	7.91680E+18
5.89673E+00	1000010010	4.13586E+21	1000010010	4.13586E+21
2.74928E+00	1000010010	2.25007E+19	1000010010	2.25007E+19
2.80968E+00	1000010010	2.34820E+20	1000010010	2.34820E+20
6.16272E+00	1000010010	2.46629E+19	1000010010	2.46629E+19
2.65282E+00	1000010010	2.16194E+20	1000010010	2.16194E+20
1.53899E+00	1000010010	4.78752E+19	1000010010	4.78752E+19
3.28719E+00	1000010010	5.40942E+21	1000010010	5.40942E+21
9.78960E+00	1000010010	2.68480E+19	1000010010	2.68480E+19
9.72605E+00	1000010010	1.01434E+19	1000010010	1.01434E+19
2.61363E+00	1000010010	1.43285E+21	1000010010	1.43285E+21
5.46110E+00	1000010010	1.27042E+20	1000010010	1.27042E+20
5.88862E+00	1000010010	5.61643E+19	1000010010	5.61643E+19
5.96996E+00	1000010010	8.01977E+20	1000010010	8.01977E+20
9.16665E+00	1000010010	4.20064E+21	1000010010	4.20064E+21
6.74526E+00	1000010010	4.01006E+20	1000010010	4.01006E+20
1.26623E+00	1000010010	8.94944E+19	1000010010	8.94944E+19
5.55254E+00	1000010010	8.56513E+20	1000010010	8.56513E+20
3.65299E+00	1000010010	2.17696E+21	1000010010	2.17696E+21
5.91246E-01	1000010010	9.12838E+20	1000010010	9.12838E+20
2.37252E+00	1000010010	3.60815E+21	1000010010	3.60815E+21
9.02856E+00	1000010010	7.14666E+19	1000010010	7.14666E+19
1.38202E+00	1000010010	8.87781E+18	1000010010	8.87781E+18
7.01774E+00	1000010010	3.76518E+20	1000010010	3.76518E+20
4.85298E+00	1000010010	1.41773E+19	1000010010	1.41773E+19
8.80374E-01	1000010010	2.35339E+21	1000010010	2.35339E+21
2.93225E-01	1000010010	2.92497E+19	1000010010	2.92497E+19
3.29828E+00	1000010010	4.18762E+20	1000010010	4.18762E+20
2.79369E+00	1000010010	2.75332E+21	1000010010	2.75332E+21
6.02811E+00	1000010010	1.46718E+21	1000010010	1.46718E+21
7.46032E+00	1000010010	7.18402E+18	1000010010	7.18402E+18
2.92318E+00	1000010010	1.14052E+19	1000010010	1.14052E+19
5.44225E+00	1000010010	7.26509E+20	1000010010	7.26509E+20
4.63652E+00	1000010010	3.24278E+21	1000010010	3.24278E+21
2.91129E+00	1000010010	1.74523E+21	1000010010	1.74523E+21
4.44524E+00	1000010010	5.49193E+19	1000010010	5.49193E+19
9.03202E+00	1000010010	2.05394E+20	1000010010	2.05394E+20
5.43140E-01	1000010010	7.83962E+19	1000010010	7.83962E+19
7.44313E+00	1000010010	1.28773E+21	1000010010	1.28773E+21
9.24841E+00	1000010010	6.78263E+20	1000010010	6.78263E+20
2.38349E+00	1000010010	1.61974E+20	1000010010	1.61974E+20
2.70339E+00	1000010010	1.60340E+19	1000010010	1.60340E+19
1.51871E+00	1000010010	9.36295E+18	1000010010	9.36295E+18
8.88453E+00	1000010010	3.09083E+20	1000010010	3.09083E+20
8.68198E+00	1000010010	1.97753E+19	1000010010	1.97753E+19
7.78365E+00	1000010010	1.08524E+19	1000010010	1.08524E+19
4.95665E+00	1000010010	3.28800E+19	1000010010	3.28800E+19
1.09710E+00	1000010010	2.64480E+21	1000010010	2.64480E+21
4.69440E+00	1000010010	8.50310E+19	1000010010	8.50310E+19
8.09181E-01	1000010010	1.48745E+20	1000010010	1.48745E+20
5.00833E+00	1000010010	3.21181E+20	1000010010	3.21181E+20
1.48289E+00	1000010010	2.78590E+19	1000010010	2.78590E+19
2.71511E+00	1000010010	3.63051E+19	1000010010	3.63051E+19
2.75212E-01	1000010010	7.70994E+19	1000010010	7.70994E+19
9.93954E+00	1000010010	1.06157E+20	1000010010	1.06157E+20
1.04366E+00	1000010010	1.36083E+19	1000010010	1.36083E+19
9.82389E+00	1000010010	3.86470E+21	1000010010	3.86470E+21
7.51919E-01	1000010010	4.39818E+20	1000010010	4.39818E+20
2.83759E+00	1000010010	4.18212E+20	1000010010	4.18212E+20
9.05643E+00	1000010010	2.06979E+19	1000010010	2.06979E+19
7.76615E+00	1000010010	1.29463E+19	1000010010	1.29463E+19
8.10206E+00	1000010010	7.16557E+20	1000010010	7.16557E+20
1.95570E+00	1000010010	1.01543E+21	1000010010	1.01543E+21
6.27096E+00	1000010010	5.75144E+20	1000010010	5.75144E+20
8.39291E+00	1000010010	1.30172E+20	1000010010	1.30172E+20
3.12641E+00	1000010010	1.72676E+21	1000010010	1.72676E+21
3.80737E+00	1000010010	1.17338E+19	1000010010	1.17338E+19
3.03457E+00	1000010010	4.81603E+21	1000010010	4.81603E+21
5.77360E+00	1000010010	4.71928E+21	1000010010	4.71928E+21
8.04433E+00	1000010010	2.79745E+19	1000010010	2.79745E+19
8.38507E-01	1000010010	6.50885E+20	1000010010	6.50885E+20
4.97790E+00	1000010010	3.36752E+21	1000010010	3.36752E+21
5.60541E+00	1000010010	2.56542E+19	1000010010	2.56542E+19
9.25110E+00	1000010010	7.01115E+19	1000010010	7.01115E+19
6.63076E+00	1000010010	2.63650E+21	1000010010	2.63650E+21
9.64158E+00	1000010010	1.97484E+19	1000010010	1.97484E+19
8.18832E+00	1000010010	5.16106E+19	1000010010	5.16106E+19
4.22418E+00	1000010010	1.80263E+19	1000010010	1.80263E+19
7.83839E+00	1000010010	6.68727E+20	1000010010	6.68727E+20
7.61062E+00	1000010010	6.96787E+20	1000010010	6.96787E+20
4.02070E+00	1000010010	8.28061E+20	1000010010	8.28061E+20
5.50491E+00	1000010010	5.92984E+20	1000010010	5.92984E+20
9.34203E+00	1000010010	4.83872E+21	1000010010	4.83872E+21
5.20567E+00	1000010010	7.49072E+19	1000010010	7.49072E+19
3.28917E+00	1000010010	7.87209E+20	1000010010	7.87209E+20
5.37164E+00	1000010010	3.07434E+19	1000010010	3.07434E+19
5.03949E+00	1000010010	7.26574E+20	1000010010	7.26574E+20
1.94399E+00	1000010010	2.73073E+20	1000010010	2.73073E+20
9.52774E+00	1000010010	1.73839E+21	1000010010	1.73839E+21
9.26690E+00	1000010010	7.84942E+19	1000010010	7.84942E+19
6.81028E+00	1000010010	6.65383E+19	1000010010	6.65383E+19
3.07545E+00	1000010010	2.48789E+20	1000010010	2.48789E+20
3.49445E+00	1000010010	4.70460E+19	1000010010	4.70460E+19
9.15842E+00	1000010010	1.08666E+21	1000010010	1.08666E+21
8.96024E+00	1000010010	1.03211E+20	1000010010	1.03211E+20
3.28359E-01	1000010010	9.15803E+18	1000010010	9.15803E+18
7.60360E+00	1000010010	1.00000E+20	1000010010	1.00000E+20
5.71791E+00	1000010010	7.49378E+18	1000010010	7.49378E+18
4.90037E+00	1000010010	4.34183E+21	1000010010	4.34183E+21
2.24411E+00	1000010010	8.69709E+20	1000010010	8.69709E+20
6.02339E+00	1000010010	1.20559E+20	1000010010	1.20559E+20
8.47957E+00	1000010010	9.00370E+18	1000010010	9.00370E+18
6.61164E+00	1000010010	4.58469E+19	1000010010	4.58469E+19
3.81695E+00	1000010010	2.22928E+20	1000010010	2.22928E+20
6.12588E+00	1000010010	8.17003E+19	1000010010	8.17003E+19
4.32677E-01	1000010010	7.26737E+20	1000010010	7.26737E+20
7.64569E+00	1000010010	7.78134E+18	1000010010	7.78134E+18
4.57463E-01	1000010010	1.49944E+21	1000010010	1.49944E+21
9.82239E+00	1000010010	4.49746E+19	1000010010	4.49746E+19
9.95117E+00	1000010010	1.90517E+20	1000010010	1.90517E+20
4.27236E+00	1000010010	8.27173E+19	1000010010	8.27173E+19
5.66688E+00	1000010010	5.76510E+20	1000010010	5.76510E+20
1.96670E-01	1000010010	8.29814E+19	1000010010	8.29814E+19
6.79011E+00	1000010010	1.43828E+19	1000010010	1.43828E+19
7.39639E+00	1000010010	1.05036E+19	1000010010	1.05036E+19
4.82550E+00	1000010010	3.10923E+19	1000010010	3.10923E+19
7.49477E+00	1000010010	2.24994E+21	1000010010	2.24994E+21
8.23102E+00	1000010010	2.48947E+19	1000010010	2.48947E+19
7.06841E+00	1000010010	2.49932E+19	1000010010	2.49932E+19
3.87784E+00	1000010010	5.69451E+20	1000010010	5.69451E+20
2.00863E+00	1000010010	4.41966E+21	1000010010	4.41966E+21
3.11648E-01	1000010010	3.06045E+20	1000010010	3.06045E+20
9.53201E+00	1000010010	1.62964E+20	1000010010	1.62964E+20
9.99782E+00	1000010010	2.07817E+21	1000010010	2.07817E+21
4.97647E+00	1000010010	4.29331E+21	1000010010	4.29331E+21
4.19662E+00	1000010010	5.14184E+20	1000010010	5.14184E+20
7.05581E+00	1000010010	1.62364E+19	1000010010	1.62364E+19
8.42892E+00	1000010010	1.22144E+20	1000010010	1.22144E+20
9.58269E+00	1000010010	5.61835E+19	1000010010	5.61835E+19
3.74015E+00	1000010010	6.83319E+19	1000010010	6.83319E+19
9.96396E+00	1000010010	1.46945E+19	1000010010	1.46945E+19
1.98350E+00	1000010010	1.30501E+19	1000010010	1.30501E+19
9.79183E+00	1000010010	3.17413E+21	1000010010	3.17413E+21
9.23332E+00	1000010010	1.22816E+20	1000010010	1.22816E+20
1.08427E+00	1000010010	3.06649E+19	1000010010	3.06649E+19
2.71193E+00	1000010010	2.14626E+19	1000010010	2.14626E+19
7.46785E+00	1000010010	1.06089E+20	1000010010	1.06089E+20
6.05788E+00	1000010010	1.30534E+19	1000010010	1.30534E+19
8.82044E+00	1000010010	3.67230E+19	1000010010	3.67230E+19
2.89467E+00	1000010010	2.27452E+20	1000010010	2.27452E+20
4.37141E+00	1000010010	3.40205E+21	1000010010	3.40205E+21
3.65043E+00	1000010010	1.74634E+20	1000010010	1.74634E+20
5.06897E+00	1000010010	4.62146E+19	1000010010	4.62146E+19
1.97598E+00	1000010010	1.72887E+19	1000010010	1.72887E+19
2.53674E+00	1000010010	1.96890E+19	1000010010	1.96890E+19
2.60724E+00	1000010010	9.19635E+18	1000010010	9.19635E+18
7.54833E+00	1000010010	9.44390E+20	1000010010	9.44390E+20
5.01196E+00	1000010010	8.29424E+19	1000010010	8.29424E+19
4.75928E+00	1000010010	1.19675E+20	1000010010	1.19675E+20
1.65153E+00	1000010010	1.14369E+21	1000010010	1.14369E+21
5.39041E+00	1000010010	1.41224E+21	1000010010	1.41224E+21
1.78207E+00	1000010010	1.57409E+21	1000010010	1.57409E+21
5.57051E+00	1000010010	2.83354E+20	1000010010	2.83354E+20
5.01257E+00	1000010010	1.91770E+19	1000010010	1.91770E+19
9.19457E+00	1000010010	1.07544E+20	1000010010	1.07544E+20
8.82223E-01	1000010010	1.83407E+21	1000010010	1.83407E+21
2.61068E+00	1000010010	2.13496E+20	1000010010	2.13496E+20
7.36656E+00	1000010010	1.73348E+20	1000010010	1.73348E+20
6.92047E+00	1000010010	6.17128E+21	1000010010	6.17128E+21
7.98253E+00	1000010010	1.88669E+19	1000010010	1.88669E+19
1.68943E+00	1000010010	1.29435E+19	1000010010	1.29435E+19
9.07162E+00	1000010010	4.93010E+21	1000010010	4.93010E+21
3.22562E+00	1000010010	1.69479E+21	1000010010	1.69479E+21
7.75327E+00	1000010010	1.48504E+19	1000010010	1.48504E+19
5.51353E+00	1000010010	2.84250E+21	1000010010	2.84250E+21
3.04475E+00	1000010010	7.61867E+18	1000010010	7.61867E+18
8.60525E+00	1000010010	1.96247E+21	1000010010	1.96247E+21
8.61808E+00	1000010010	1.79487E+21	1000010010	1.79487E+21
3.70204E+00	1000010010	4.27280E+21	1000010010	4.27280E+21
5.77450E+00	1000010010	3.52526E+20	1000010010	3.52526E+20
8.59940E+00	1000010010	7.05754E+18	1000010010	7.05754E+18
1.83767E+00	1000010010	2.42102E+21	1000010010	2.42102E+21
8.66059E+00	1000010010	8.12245E+18	1000010010	8.12245E+18
5.64926E+00	1000010010	3.41122E+19	1000010010	3.41122E+19
1.19057E+00	1000010010	1.01267E+20	1000010010	1.01267E+20
9.37640E+00	1000010010	3.60302E+20	1000010010	3.60302E+20
7.67544E+00	1000010010	1.07575E+20	1000010010	1.07575E+20
3.84011E+00	1000010010	1.27996E+19	1000010010	1.27996E+19
3.18100E+00	1000010010	3.47216E+21	1000010010	3.47216E+21
5.92768E+00	1000010010	9.30194E+20	1000010010	9.30194E+20
3.71554E+00	1000010010	4.64277E+21	1000010010	4.64277E+21
6.84764E+00	1000010010	2.03205E+20	1000010010	2.03205E+20
7.63248E+00	1000010010	2.85245E+21	1000010010	2.85245E+21
1.82224E+00	1000010010	1.89285E+21	1000010010	1.89285E+21
8.36842E+00	1000010010	1.86956E+20	1000010010	1.86956E+20
5.15776E-01	1000010010	3.09890E+20	1000010010	3.09890E+20
2.58632E+00	1000010010	1.63490E+19	1000010010	1.63490E+19
2.10734E+00	1000010010	2.16636E+19	1000010010	2.16636E+19
7.69772E+00	1000010010	1.00189E+21	1000010010	1.00189E+21
5.74189E+00	1000010010	9.04015E+19	1000010010	9.04015E+19
7.43515E-01	1000010010	1.11475E+21	1000010010	1.11475E+21
2.06647E+00	1000010010	1.14236E+19	1000010010	1.14236E+19
7.52546E+00	1000010010	6.69255E+18	1000010010	6.69255E+18
1.48583E+00	1000010010	2.81751E+20	1000010010	2.81751E+20
2.05403E+00	1000010010	3.30904E+19	1000010010	3.30904E+19
6.33186E+00	1000010010	1.17262E+20	1000010010	1.17262E+20
1.68536E+00	1000010010	1.36132E+19	1000010010	1.36132E+19
1.98200E+00	1000010010	1.28872E+21	1000010010	1.28872E+21
1.06284E+00	1000010010	1.14587E+20	1000010010	1.14587E+20
6.56916E-01	1000010010	1.22112E+21	1000010010	1.22112E+21
4.22318E+00	1000010010	2.55789E+20	1000010010	2.55789E+20
1.87971E+00	1000010010	9.46232E+18	1000010010	9.46232E+18
4.18787E+00	1000010010	1.66765E+21	1000010010	1.66765E+21
6.98454E+00	1000010010	1.72379E+19	1000010010	1.72379E+19
2.86793E+00	1000010010	2.80284E+20	1000010010	2.80284E+20
8.89311E+00	1000010010	1.20348E+21	1000010010	1.20348E+21
3.88673E+00	1000010010	5.65075E+20	1000010010	5.65075E+20
6.46081E+00	1000010010	1.65025E+19	1000010010	1.65025E+19
4.41013E-01	1000010010	2.24329E+20	1000010010	2.24329E+20
1.10310E+00	1000010010	1.97914E+20	1000010010	1.97914E+20
5.07107E+00	1000010010	8.78723E+19	1000010010	8.78723E+19
2.24409E+00	1000010010	4.29148E+19	1000010010	4.29148E+19
7.63507E+00	1000010010	2.06068E+21	1000010010	2.06068E+21
8.79946E+00	1000010010	4.86392E+20	1000010010	4.86392E+20
4.34704E+00	1000010010	9.48326E+18	1000010010	9.48326E+18
6.31408E+00	1000010010	6.50558E+19	1000010010	6.50558E+19
6.50185E+00	1000010010	5.08850E+19	1000010010	5.08850E+19
4.04960E+00	1000010010	2.57429E+20	1000010010	2.57429E+20
2.85092E+00	1000010010	7.72032E+19	1000010010	7.72032E+19
2.22679E+00	1000010010	6.56181E+19	1000010010	6.56181E+19
2.95046E+00	1000010010	4.37054E+21	1000010010	4.37054E+21
7.42336E+00	1000010010	9.83163E+19	1000010010	9.83163E+19
3.31324E-01	1000010010	2.63972E+20	1000010010	2.63972E+20
3.51696E+00	1000010010	4.33069E+20	1000010010	4.33069E+20
7.40723E+00	1000010010	3.85681E+19	1000010010	3.85681E+19
3.35876E+00	1000010010	7.01019E+20	1000010010	7.01019E+20
4.88805E+00	1000010010	1.25955E+20	1000010010	1.25955E+20
3.00942E+00	1000010010	2.16554E+20	1000010010	2.16554E+20
7.86667E+00	1000010010	9.52369E+18	1000010010	9.52369E+18
3.09982E+00	1000010010	5.35909E+20	1000010010	5.35909E+20
9.07032E+00	1000010010	9.08050E+18	1000010010	9.08050E+18
7.58052E+00	1000010010	1.25183E+19	1000010010	1.25183E+19
9.92052E+00	1000010010	8.56371E+19	1000010010	8.56371E+19
9.03771E+00	1000010010	1.16993E+19	1000010010	1.16993E+19
8.58460E+00	1000010010	3.52654E+21	1000010010	3.52654E+21
6.67766E+00	1000010010	1.19298E+20	1000010010	1.19298E+20
1.93349E+00	1000010010	7.27668E+20	1000010010	7.27668E+20
3.44596E+00	1000010010	8.47716E+20	1000010010	8.47716E+20
1.79451E+00	1000010010	8.89407E+19	1000010010	8.89407E+19
7.23000E+00	1000010010	1.75958E+20	1000010010	1.75958E+20
1.67876E+00	1000010010	6.12334E+20	1000010010	6.12334E+20
7.76293E+00	1000010010	7.08570E+18	1000010010	7.08570E+18
9.54332E+00	1000010010	1.01695E+21	1000010010	1.01695E+21
4.21061E+00	1000010010	2.21759E+19	1000010010	2.21759E+19
9.50525E-01	1000010010	4.95739E+21	1000010010	4.95739E+21
8.61716E+00	1000010010	1.13213E+19	1000010010	1.13213E+19
3.00202E+00	1000010010	5.09503E+20	1000010010	5.09503E+20
8.39270E+00	1000010010	5.67999E+19	1000010010	5.67999E+19
8.11736E+00	1000010010	1.40770E+19	1000010010	1.40770E+19
7.59566E+00	1000010010	3.35403E+20	1000010010	3.35403E+20
2.77951E+00	1000010010	8.68285E+18	1000010010	8.68285E+18
7.45050E+00	1000010010	3.07653E+20	1000010010	3.07653E+20
3.41141E+00	1000010010	2.00263E+21	1000010010	2.00263E+21
9.12661E+00	1000010010	3.43073E+19	1000010010	3.43073E+19
8.05351E+00	1000010010	4.66331E+19	1000010010	4.66331E+19
2.73192E+00	1000010010	2.39962E+20	1000010010	2.39962E+20
8.64298E+00	1000010010	5.65124E+19	1000010010	5.65124E+19
4.04369E+00	1000010010	4.26921E+20	1000010010	4.26921E+20
8.81954E+00	1000010010	5.35486E+19	1000010010	5.35486E+19
7.93057E+00	1000010010	1.48620E+20	1000010010	1.48620E+20
7.35649E+00	1000010010	8.15738E+20	1000010010	8.15738E+20
6.44599E+00	1000010010	1.94373E+19	1000010010	1.94373E+19
3.03564E+00	1000010010	1.07944E+19	1000010010	1.07944E+19
1.61988E+00	1000010010	6.35262E+20	1000010010	6.35262E+20
3.59885E-01	1000010010	3.44713E+21	1000010010	3.44713E+21
9.28561E+00	1000010010	2.64807E+19	1000010010	2.64807E+19
2.47755E+00	1000010010	2.65112E+19	1000010010	2.65112E+19
7.31801E+00	1000010010	8.47977E+18	1000010010	8.47977E+18
7.06146E+00	1000010010	3.32359E+20	1000010010	3.32359E+20
6.58812E+00	1000010010	3.82191E+19	1000010010	3.82191E+19
5.77943E+00	1000010010	1.71338E+21	1000010010	1.71338E+21
6.00667E+00	1000010010	3.36255E+21	1000010010	3.36255E+21
1.67720E+00	1000010010	1.62355E+20	1000010010	1.62355E+20
2.19408E+00	1000010010	2.55600E+19	1000010010	2.55600E+19
9.12344E+00	1000010010	7.66664E+18	1000010010	7.66664E+18
9.80075E+00	1000010010	1.24429E+19	1000010010	1.24429E+19
3.04325E+00	1000010010	1.26316E+21	1000010010	1.26316E+21
3.66880E+00	1000010010	7.44794E+18	1000010010	7.44794E+18
8.91324E+00	1000010010	1.86698E+19	1000010010	1.86698E+19
5.32242E+00	1000010010	2.01011E+19	1000010010	2.01011E+19
4.68992E-01	1000010010	2.97730E+21	1000010010	2.97730E+21
4.88562E+00	1000010010	1.93051E+19	1000010010	1.93051E+19
8.80257E+00	1000010010	3.90614E+19	1000010010	3.90614E+19
1.46828E-02	1000010010	4.80010E+20	1000010010	4.80010E+20
1.78608E-01	1000010010	3.75164E+20	1000010010	3.75164E+20
6.20096E+00	1000010010	2.11372E+19	1000010010	2.11372E+19
4.94972E+00	1000010010	1.44406E+21	1000010010	1.44406E+21
8.22691E+00	1000010010	7.39071E+20	1000010010	7.39071E+20
1.38562E+00	1000010010	1.13259E+20	1000010010	1.13259E+20
9.28733E+00	1000010010	9.34770E+20	1000010010	9.34770E+20
7.18491E+00	1000010010	9.04856E+19	1000010010	9.04856E+19
5.50887E+00	1000010010	3.62320E+19	1000010010	3.62320E+19
3.60027E+00	1000010010	1.07177E+21	1000010010	1.07177E+21
7.37116E+00	1000010010	4.50932E+21	1000010010	4.50932E+21
7.11700E+00	1000010010	6.15961E+21	1000010010	6.15961E+21
2.65906E+00	1000010010	1.59560E+20	1000010010	1.59560E+20
9.65046E+00	1000010010	1.61883E+21	1000010010	1.61883E+21
2.49816E-02	1000010010	5.16309E+20	1000010010	5.16309E+20
1.86368E+00	1000010010	1.82777E+21	1000010010	1.82777E+21
6.53975E+00	1000010010	1.29773E+21	1000010010	1.29773E+21
7.78713E+00	1000010010	9.56213E+19	1000010010	9.56213E+19
8.05837E+00	1000010010	4.18791E+20	1000010010	4.18791E+20
4.50126E+00	1000010010	3.18684E+21	1000010010	3.18684E+21
7.12325E+00	1000010010	3.93159E+19	1000010010	3.93159E+19
3.95253E+00	1000010010	1.54323E+20	1000010010	1.54323E+20
6.64672E+00	1000010010	7.89203E+19	1000010010	7.89203E+19
3.96853E+00	1000010010	5.55367E+19	1000010010	5.55367E+19
4.01078E+00	1000010010	2.35446E+20	1000010010	2.35446E+20
1.85055E+00	1000010010	1.90323E+19	1000010010	1.90323E+19
2.25929E-01	1000010010	8.74604E+19	1000010010	8.74604E+19
6.53935E+00	1000010010	5.12545E+21	1000010010	5.12545E+21
3.10293E+00	1000010010	4.60323E+21	1000010010	4.60323E+21
6.39264E+00	1000010010	9.55451E+20	1000010010	9.55451E+20
8.63777E+00	1000010010	2.04574E+19	1000010010	2.04574E+19
9.97654E+00	1000010010	9.75059E+18	1000010010	9.75059E+18
4.86447E+00	1000010010	1.19959E+19	1000010010	1.19959E+19
6.24528E+00	1000010010	1.18611E+20	1000010010	1.18611E+20
3.33518E+00	1000010010	1.91896E+20	1000010010	1.91896E+20
5.83148E+00	1000010010	1.44777E+20	1000010010	1.44777E+20
6.99481E+00	1000010010	4.01824E+19	1000010010	4.01824E+19
3.99786E+00	1000010010	7.53008E+18	1000010010	7.53008E+18
3.25823E+00	1000010010	3.37721E+19	1000010010	3.37721E+19
4.31986E+00	1000010010	1.48181E+19	1000010010	1.48181E+19
4.56683E+00	1000010010	1.19204E+20	1000010010	1.19204E+20
1.16372E+00	1000010010	5.23381E+20	1000010010	5.23381E+20
4.88564E+00	1000010010	6.50397E+19	1000010010	6.50397E+19
3.29938E-01	1000010010	1.05887E+19	1000010010	1.05887E+19
1.59730E+00	1000010010	9.39119E+19	1000010010	9.39119E+19
6.38199E+00	1000010010	1.92283E+21	1000010010	1.92283E+21
1.09464E+00	1000010010	8.98093E+20	1000010010	8.98093E+20
1.50804E-01	1000010010	8.99793E+19	1000010010	8.99793E+19
6.92881E+00	1000010010	9.83280E+19	1000010010	9.83280E+19
8.75822E+00	1000010010	6.74664E+18	1000010010	6.74664E+18
5.68355E+00	1000010010	7.17585E+19	1000010010	7.17585E+19
2.19923E+00	1000010010	2.97798E+20	1000010010	2.97798E+20
1.73774E+00	1000010010	1.72091E+20	1000010010	1.72091E+20
2.55016E+00	1000010010	2.86993E+21	1000010010	2.86993E+21
9.70375E+00	1000010010	1.05114E+21	1000010010	1.05114E+21
4.18565E+00	1000010010	4.36351E+20	1000010010	4.36351E+20
9.03995E+00	1000010010	4.35096E+19	1000010010	4.35096E+19
6.89469E+00	1000010010	2.81216E+19	1000010010	2.81216E+19
6.39809E+00	1000010010	1.35495E+21	1000010010	1.35495E+21
5.35950E+00	1000010010	3.48793E+21	1000010010	3.48793E+21
4.40239E+00	1000010010	1.42826E+20	1000010010	1.42826E+20
2.19064E-01	1000010010	3.36983E+20	1000010010	3.36983E+20
4.80832E+00	1000010010	3.43641E+21	1000010010	3.43641E+21
9.70363E+00	1000010010	4.35340E+19	1000010010	4.35340E+19
6.58712E+00	1000010010	4.56063E+20	1000010010	4.56063E+20
6.05941E+00	1000010010	1.03748E+20	1000010010	1.03748E+20
7.11129E+00	1000010010	2.59575E+19	1000010010	2.59575E+19
3.69688E+00	1000010010	5.18901E+21	1000010010	5.18901E+21
6.97595E+00	1000010010	5.56025E+21	1000010010	5.56025E+21
7.50590E+00	1000010010	9.03262E+20	1000010010	9.03262E+20
8.27209E+00	1000010010	2.21723E+19	1000010010	2.21723E+19
9.64130E+00	1000010010	2.44118E+19	1000010010	2.44118E+19
6.01844E+00	1000010010	1.59767E+20	1000010010	1.59767E+20
1.27358E+00	1000010010	6.50442E+20	1000010010	6.50442E+20
8.48514E-01	1000010010	5.13622E+20	1000010010	5.13622E+20
9.11701E+00	1000010010	1.28292E+21	1000010010	1.28292E+21
4.64738E+00	1000010010	4.40004E+21	1000010010	4.40004E+21
6.64974E+00	1000010010	1.96355E+19	1000010010	1.96355E+19
8.45075E+00	1000010010	5.39091E+19	1000010010	5.39091E+19
6.18672E+00	1000010010	9.52130E+18	1000010010	9.52130E+18
4.28123E+00	1000010010	5.02861E+20	1000010010	5.02861E+20
6.72859E+00	1000010010	2.41916E+19	1000010010	2.41916E+19
7.14500E+00	1000010010	8.70945E+19	1000010010	8.70945E+19
8.21212E+00	1000010010	1.46404E+19	1000010010	1.46404E+19
9.01704E+00	1000010010	2.57941E+21	1000010010	2.57941E+21
6.28585E+00	1000010010	2.92419E+19	1000010010	2.92419E+19
4.57571E+00	1000010010	1.92421E+20	1000010010	1.92421E+20
9.65892E-01	1000010010	6.51727E+19	1000010010	6.51727E+19
8.59960E+00	1000010010	6.75676E+18	1000010010	6.75676E+18
7.69010E+00	1000010010	3.66525E+21	1000010010	3.66525E+21
6.69029E+00	1000010010	5.51147E+19	1000010010	5.51147E+19
9.02560E+00	1000010010	3.17788E+21	1000010010	3.17788E+21
8.92295E+00	1000010010	3.83849E+19	1000010010	3.83849E+19
4.39076E+00	1000010010	2.10600E+21	1000010010	2.10600E+21
2.98553E+00	1000010010	1.42426E+21	1000010010	1.42426E+21
1.47412E+00	1000010010	3.12867E+20	1000010010	3.12867E+20
9.57925E+00	1000010010	5.58837E+21	1000010010	5.58837E+21
2.48970E+00	1000010010	6.21160E+21	1000010010	6.21160E+21
9.29841E+00	1000010010	2.58848E+19	1000010010	2.58848E+19
4.57758E+00	1000010010	3.42476E+21	1000010010	3.42476E+21
5.77780E+00	1000010010	1.27856E+21	1000010010	1.27856E+21
2.15611E+00	1000010010	5.71363E+19	1000010010	5.71363E+19
5.20659E+00	1000010010	9.42243E+18	1000010010	9.42243E+18
9.70353E+00	1000010010	9.71706E+20	1000010010	9.71706E+20
3.64006E+00	1000010010	1.72927E+20	1000010010	1.72927E+20
7.61486E+00	1000010010	3.94904E+19	1000010010	3.94904E+19
4.39451E-02	1000010010	4.09399E+19	1000010010	4.09399E+19
5.58589E+00	1000010010	4.42780E+19	1000010010	4.42780E+19
8.29116E+00	1000010010	1.37938E+19	1000010010	1.37938E+19
1.91221E+00	1000010010	3.43049E+20	1000010010	3.43049E+20
9.95566E+00	1000010010	2.06153E+19	1000010010	2.06153E+19
9.88893E+00	1000010010	1.56548E+21	1000010010	1.56548E+21
7.79923E+00	1000010010	3.48642E+19	1000010010	3.48642E+19
9.29129E+00	1000010010	4.45249E+19	1000010010	4.45249E+19
3.68621E+00	1000010010	1.09091E+19	1000010010	1.09091E+19
4.85253E+00	1000010010	5.00882E+21	1000010010	5.00882E+21
7.67856E+00	1000010010	8.44712E+18	1000010010	8.44712E+18
2.16759E+00	1000010010	5.38800E+21	1000010010	5.38800E+21
4.70742E+00	1000010010	1.05956E+19	1000010010	1.05956E+19
3.87882E+00	1000010010	9.67720E+20	1000010010	9.67720E+20
9.40107E+00	1000010010	5.24785E+20	1000010010	5.24785E+20
1.28410E+00	1000010010	1.58777E+20	1000010010	1.58777E+20
9.08535E+00	1000010010	6.13413E+19	1000010010	6.13413E+19
5.78494E+00	1000010010	9.36041E+18	1000010010	9.36041E+18
8.23495E+00	1000010010	2.17693E+21	1000010010	2.17693E+21
1.95699E+00	1000010010	1.28917E+21	1000010010	1.28917E+21
4.17265E+00	1000010010	2.82187E+20	1000010010	2.82187E+20
1.48203E-01	1000010010	3.12849E+19	1000010010	3.12849E+19
8.32322E+00	1000010010	5.26929E+21	1000010010	5.26929E+21
2.45069E+00	1000010010	1.53607E+21	1000010010	1.53607E+21
9.55940E+00	1000010010	1.16638E+19	1000010010	1.16638E+19
9.03571E+00	1000010010	1.40135E+19	1000010010	1.40135E+19
2.49112E+00	1000010010	1.43921E+21	1000010010	1.43921E+21
6.98994E+00	1000010010	1.79071E+20	1000010010	1.79071E+20
3.97358E+00	1000010010	7.75428E+19	1000010010	7.75428E+19
4.26138E+00	1000010010	2.31548E+21	1000010010	2.31548E+21
5.12216E+00	1000010010	1.51161E+21	1000010010	1.51161E+21
6.61451E+00	1000010010	1.30640E+19	1000010010	1.30640E+19
2.86062E-01	1000010010	2.96165E+19	1000010010	2.96165E+19
5.63946E+00	1000010010	1.08912E+21	1000010010	1.08912E+21
9.75033E+00	1000010010	8.60456E+18	1000010010	8.60456E+18
1.24819E-01	1000010010	3.63163E+21	1000010010	3.63163E+21
5.41672E+00	1000010010	1.50626E+19	1000010010	1.50626E+19
2.36254E-01	1000010010	1.85229E+21	1000010010	1.85229E+21
7.00350E+00	1000010010	3.37326E+19	1000010010	3.37326E+19
6.21960E+00	1000010010	6.02503E+21	1000010010	6.02503E+21
2.60104E+00	1000010010	2.66679E+21	1000010010	2.66679E+21
8.33689E-01	1000010010	1.79269E+19	1000010010	1.79269E+19
2.48033E+00	1000010010	1.57069E+21	1000010010	1.57069E+21
5.38385E+00	1000010010	2.35151E+20	1000010010	2.35151E+20
7.15287E+00	1000010010	2.13535E+19	1000010010	2.13535E+19
3.05728E-01	1000010010	1.71440E+20	1000010010	1.71440E+20
1.10568E+00	1000010010	8.94240E+20	1000010010	8.94240E+20
4.40993E+00	1000010010	2.65454E+21	1000010010	2.65454E+21
5.31072E+00	1000010010	1.34737E+20	1000010010	1.34737E+20
7.73434E+00	1000010010	1.13337E+20	1000010010	1.13337E+20
7.06339E+00	1000010010	4.95484E+21	1000010010	4.95484E+21
4.22873E+00	1000010010	2.22993E+21	1000010010	2.22993E+21
7.04431E+00	1000010010	3.85674E+21	1000010010	3.85674E+21
5.27162E+00	1000010010	4.16138E+20	1000010010	4.16138E+20
1.92562E+00	1000010010	7.19392E+20	1000010010	7.19392E+20
2.56552E+00	1000010010	4.30533E+21	1000010010	4.30533E+21
6.10491E-01	1000010010	2.04551E+20	1000010010	2.04551E+20
5.96318E+00	1000010010	3.71470E+21	1000010010	3.71470E+21
5.01962E-01	1000010010	8.51505E+19	1000010010	8.51505E+19
8.21737E+00	1000010010	1.67147E+19	1000010010	1.67147E+19
2.90271E+00	1000010010	2.49718E+19	1000010010	2.49718E+19
7.88616E+00	1000010010	5.53209E+20	1000010010	5.53209E+20
5.25441E+00	1000010010	1.75882E+21	1000010010	1.75882E+21
3.27510E-03	1000010010	2.48389E+19	1000010010	2.48389E+19
9.05502E+00	1000010010	6.56870E+20	1000010010	6.56870E+20
6.30093E+00	1000010010	5.61749E+19	1000010010	5.61749E+19
4.63272E-01	1000010010	7.95203E+20	1000010010	7.95203E+20
2.60729E+00	1000010010	1.29596E+21	1000010010	1.29596E+21
1.56825E+00	1000010010	1.99787E+20	1000010010	1.99787E+20
6.96812E+00	1000010010	1.49632E+19	1000010010	1.49632E+19
1.88122E+00	1000010010	1.40102E+20	1000010010	1.40102E+20
1.42780E+00	1000010010	1.62877E+20	1000010010	1.62877E+20
5.09658E-01	1000010010	6.09971E+19	1000010010	6.09971E+19
3.53243E+00	1000010010	6.58984E+18	1000010010	6.58984E+18
3.63960E+00	1000010010	2.30437E+21	1000010010	2.30437E+21
4.09413E+00	1000010010	5.45693E+21	1000010010	5.45693E+21
4.53413E+00	1000010010	4.72457E+19	1000010010	4.72457E+19
6.64247E+00	1000010010	3.71217E+19	1000010010	3.71217E+19
5.59635E+00	1000010010	1.72977E+19	1000010010	1.72977E+19
4.52584E+00	1000010010	2.53167E+21	1000010010	2.53167E+21
2.06483E+00	1000010010	3.03970E+20	1000010010	3.03970E+20
2.35264E+00	1000010010	5.90407E+19	1000010010	5.90407E+19
1.62659E+00	1000010010	1.65966E+20	1000010010	1.65966E+20
3.28687E+00	1000010010	1.54036E+21	1000010010	1.54036E+21
9.46454E+00	1000010010	6.01103E+20	1000010010	6.01103E+20
1.60024E+00	1000010010	3.98571E+20	1000010010	3.98571E+20
2.46562E+00	1000010010	8.46762E+19	1000010010	8.46762E+19
2.11234E+00	1000010010	1.64916E+21	1000010010	1.64916E+21
1.59740E+00	1000010010	4.09941E+20	1000010010	4.09941E+20
4.78789E+00	1000010010	8.84594E+19	1000010010	8.84594E+19
7.41909E+00	1000010010	1.54499E+20	1000010010	1.54499E+20
1.97953E+00	1000010010	3.10803E+20	1000010010	3.10803E+20
2.25911E-01	1000010010	2.41325E+20	1000010010	2.41325E+20
9.47245E+00	1000010010	2.69456E+20	1000010010	2.69456E+20
7.26724E+00	1000010010	2.29207E+20	1000010010	2.29207E+20
1.75926E+00	1000010010	5.80726E+19	1000010010	5.80726E+19
8.53709E+00	1000010010	6.79307E+18	1000010010	6.79307E+18
6.86297E+00	1000010010	2.52385E+21	1000010010	2.52385E+21
6.03659E+00	1000010010	5.11092E+19	1000010010	5.11092E+19
8.65788E+00	1000010010	3.08072E+21	1000010010	3.08072E+21
8.60851E+00	1000010010	4.14331E+21	1000010010	4.14331E+21
9.94493E+00	1000010010	2.78226E+19	1000010010	2.78226E+19
1.00823E+00	1000010010	1.21936E+20	1000010010	1.21936E+20
6.04504E+00	1000010010	2.21752E+19	1000010010	2.21752E+19
4.09182E+00	1000010010	1.40048E+20	1000010010	1.40048E+20
6.14314E+00	1000010010	1.75263E+20	1000010010	1.75263E+20
5.11868E+00	1000010010	1.60839E+20	1000010010	1.60839E+20
1.69783E+00	1000010010	1.38273E+20	1000010010	1.38273E+20
5.74970E+00	1000010010	1.28310E+21	1000010010	1.28310E+21
9.28166E+00	1000010010	1.36510E+20	1000010010	1.36510E+20
6.28036E+00	1000010010	9.06664E+20	1000010010	9.06664E+20
8.18348E+00	1000010010	9.34569E+18	1000010010	9.34569E+18
6.47150E+00	1000010010	7.61841E+20	1000010010	7.61841E+20
5.78792E+00	1000010010	4.46805E+19	1000010010	4.46805E+19
4.26418E+00	1000010010	7.14063E+20	1000010010	7.14063E+20
7.53352E+00	1000010010	1.33910E+19	1000010010	1.33910E+19
1.84466E+00	1000010010	1.08850E+21	1000010010	1.08850E+21
4.82368E+00	1000010010	4.11584E+19	1000010010	4.11584E+19
8.54232E+00	1000010010	1.73639E+20	1000010010	1.73639E+20
9.04444E+00	1000010010	1.70448E+21	1000010010	1.70448E+21
9.49816E-01	1000010010	3.75114E+21	1000010010	3.75114E+21
1.13478E+00	1000010010	4.60448E+20	1000010010	4.60448E+20
5.12953E+00	1000010010	1.44426E+20	1000010010	1.44426E+20
3.85306E+00	1000010010	2.87615E+19	1000010010	2.87615E+19
5.22125E+00	1000010010	7.18737E+20	1000010010	7.18737E+20
5.56518E+00	1000010010	2.54963E+19	1000010010	2.54963E+19
1.71098E+00	1000010010	2.63208E+21	1000010010	2.63208E+21
4.12350E+00	1000010010	6.12033E+21	1000010010	6.12033E+21
6.68379E+00	1000010010	1.62155E+21	1000010010	1.62155E+21
5.27646E+00	1000010010	6.25948E+18	1000010010	6.25948E+18
8.43914E+00	1000010010	1.52958E+21	1000010010	1.52958E+21
4.37226E+00	1000010010	3.90317E+19	1000010010	3.90317E+19
6.61556E+00	1000010010	4.15156E+20	1000010010	4.15156E+20
5.48836E+00	1000010010	1.03883E+21	1000010010	1.03883E+21
4.37295E+00	1000010010	1.84270E+20	1000010010	1.84270E+20
2.49591E+00	1000010010	2.03910E+19	1000010010	2.03910E+19
5.08065E+00	1000010010	2.26186E+21	1000010010	2.26186E+21
4.36280E+00	1000010010	1.21652E+20	1000010010	1.21652E+20
3.84992E+00	1000010010	1.42188E+20	1000010010	1.42188E+20
9.79121E+00	1000010010	5.41619E+20	1000010010	5.41619E+20
8.34280E+00	1000010010	5.98732E+20	1000010010	5.98732E+20
8.25485E+00	1000010010	9.49798E+19	1000010010	9.49798E+19
6.96964E+00	1000010010	3.28674E+19	1000010010	3.28674E+19
5.88198E-01	1000010010	1.72362E+19	1000010010	1.72362E+19
3.68267E+00	1000010010	2.80070E+21	1000010010	2.80070E+21
4.34057E+00	1000010010	3.51063E+20	1000010010	3.51063E+20
4.10827E+00	1000010010	1.89965E+20	1000010010	1.89965E+20
6.29165E-01	1000010010	1.88576E+21	1000010010	1.88576E+21
5.00235E+00	1000010010	4.52494E+20	1000010010	4.52494E+20
9.91051E+00	1000010010	8.05653E+18	1000010010	8.05653E+18
2.69307E+00	1000010010	1.04753E+20	1000010010	1.04753E+20
4.22935E+00	1000010010	4.62336E+21	1000010010	4.62336E+21
3.55021E-01	1000010010	3.69032E+20	1000010010	3.69032E+20
7.97165E+00	1000010010	8.63374E+18	1000010010	8.63374E+18
9.00292E+00	1000010010	2.12673E+21	1000010010	2.12673E+21
6.28073E+00	1000010010	3.65493E+21	1000010010	3.65493E+21
9.35487E+00	1000010010	1.14046E+19	1000010010	1.14046E+19
9.28861E+00	1000010010	1.22935E+19	1000010010	1.22935E+19
1.82901E+00	1000010010	1.14751E+19	1000010010	1.14751E+19
4.25099E+00	1000010010	1.97722E+20	1000010010	1.97722E+20
8.08602E+00	1000010010	2.55412E+21	1000010010	2.55412E+21
7.41267E+00	1000010010	2.00769E+21	1000010010	2.00769E+21
1.18574E+00	1000010010	6.30124E+19	1000010010	6.30124E+19
9.53676E+00	1000010010	2.85564E+21	1000010010	2.85564E+21
9.95537E+00	1000010010	4.84361E+21	1000010010	4.84361E+21
3.70492E+00	1000010010	6.34522E+19	1000010010	6.34522E+19
4.33825E+00	1000010010	8.63771E+19	1000010010	8.63771E+19
9.58523E-01	1000010010	1.05706E+19	1000010010	1.05706E+19
5.36282E+00	1000010010	6.35227E+19	1000010010	6.35227E+19
2.22113E+00	1000010010	4.52023E+21	1000010010	4.52023E+21
8.32720E+00	1000010010	2.87935E+20	1000010010	2.87935E+20
7.97553E+00	1000010010	5.48359E+21	1000010010	5.48359E+21
3.66452E+00	1000010010	2.94016E+19	1000010010	2.94016E+19
7.34187E-01	1000010010	9.56334E+18	1000010010	9.56334E+18
8.47860E+00	1000010010	2.68348E+19	1000010010	2.68348E+19
7.18599E-01	1000010010	2.31754E+20	1000010010	2.31754E+20
4.32960E+00	1000010010	1.93301E+19	1000010010	1.93301E+19
1.31664E+00	1000010010	3.02217E+20	1000010010	3.02217E+20
9.82192E+00	1000010010	6.09990E+20	1000010010	6.09990E+20
3.71323E+00	1000010010	1.55941E+19	1000010010	1.55941E+19
6.46515E+00	1000010010	2.08421E+21	1000010010	2.08421E+21
2.22081E+00	1000010010	2.69123E+21	1000010010	2.69123E+21
5.01490E+00	1000010010	2.48793E+21	1000010010	2.48793E+21
6.43253E+00	1000010010	6.42744E+18	1000010010	6.42744E+18
9.87033E+00	1000010010	1.55538E+19	1000010010	1.55538E+19
8.07897E+00	1000010010	4.08846E+19	1000010010	4.08846E+19
2.67797E+00	1000010010	2.52185E+19	1000010010	2.52185E+19
8.24929E+00	1000010010	2.70834E+20	1000010010	2.70834E+20
1.47400E+00	1000010010	6.12417E+21	1000010010	6.12417E+21
6.47795E-01	1000010010	1.13424E+21	1000010010	1.13424E+21
5.73101E+00	1000010010	1.86276E+20	1000010010	1.86276E+20
2.72203E+00	1000010010	3.05893E+19	1000010010	3.05893E+19
4.12689E+00	1000010010	1.37783E+19	1000010010	1.37783E+19
3.46238E+00	1000010010	5.17415E+19	1000010010	5.17415E+19
1.79931E+00	1000010010	1.14035E+20	1000010010	1.14035E+20
8.02625E-01	1000010010	8.39909E+18	1000010010	8.39909E+18
1.07162E+00	1000010010	3.06906E+21	1000010010	3.06906E+21
9.77184E+00	1000010010	4.79976E+20	1000010010	4.79976E+20
8.55980E+00	1000010010	3.71428E+21	1000010010	3.71428E+21
3.94061E+00	1000010010	1.16855E+20	1000010010	1.16855E+20
9.40881E+00	1000010010	1.48103E+19	1000010010	1.48103E+19
3.89486E+00	1000010010	1.20435E+20	1000010010	1.20435E+20
4.47208E+00	1000010010	4.18633E+21	1000010010	4.18633E+21
1.13654E+00	1000010010	1.71386E+21	1000010010	1.71386E+21
3.14504E+00	1000010010	6.49483E+20	1000010010	6.49483E+20
1.61009E+00	1000010010	9.88189E+19	1000010010	9.88189E+19
1.25193E+00	1000010010	7.75611E+18	1000010010	7.75611E+18
1.31175E-01	1000010010	2.17320E+21	1000010010	2.17320E+21
4.78853E+00	1000010010	2.71978E+21	1000010010	2.71978E+21
9.26240E+00	1000010010	8.00778E+18	1000010010	8.00778E+18
6.80479E+00	1000010010	3.42510E+21	1000010010	3.42510E+21
6.59836E+00	1000010010	3.30933E+20	1000010010	3.30933E+20
7.59995E+00	1000010010	3.20111E+21	1000010010	3.20111E+21
5.62616E+00	1000010010	4.67753E+20	1000010010	4.67753E+20
2.11231E+00	1000010010	6.51166E+19	1000010010	6.51166E+19
8.56129E+00	1000010010	2.16399E+20	1000010010	2.16399E+20
5.14245E+00	1000010010	8.19452E+20	1000010010	8.19452E+20
8.67969E+00	1000010010	6.77084E+20	1000010010	6.77084E+20
3.08944E+00	1000010010	1.25216E+20	1000010010	1.25216E+20
6.86776E+00	1000010010	3.79223E+21	1000010010	3.79223E+21
7.60501E-01	1000010010	1.39407E+20	1000010010	1.39407E+20
7.90769E+00	1000010010	5.32931E+19	1000010010	5.32931E+19
5.29131E+00	1000010010	1.66783E+21	1000010010	1.66783E+21
3.73955E+00	1000010010	3.33508E+20	1000010010	3.33508E+20
3.84651E+00	1000010010	4.58697E+20	1000010010	4.58697E+20
1.70461E-01	1000010010	3.88590E+20	1000010010	3.88590E+20
3.52281E+00	1000010010	1.18407E+21	1000010010	1.18407E+21
2.27932E+00	1000010010	2.87314E+20	1000010010	2.87314E+20
4.87586E+00	1000010010	1.01504E+20	1000010010	1.01504E+20
4.05500E+00	1000010010	1.78295E+20	1000010010	1.78295E+20
5.96268E+00	1000010010	8.19114E+19	1000010010	8.19114E+19
2.49622E+00	1000010010	2.29019E+19	1000010010	2.29019E+19
6.70124E+00	1000010010	2.46294E+20	1000010010	2.46294E+20
3.12613E+00	1000010010	9.33677E+19	1000010010	9.33677E+19
6.93025E+00	1000010010	8.22044E+18	1000010010	8.22044E+18
5.99953E+00	1000010010	1.58616E+21	1000010010	1.58616E+21
1.93543E+00	1000010010	5.30141E+20	1000010010	5.30141E+20
8.81565E+00	1000010010	3.83652E+21	1000010010	3.83652E+21
8.92726E+00	1000010010	4.18010E+21	1000010010	4.18010E+21
1.49695E-01	1000010010	8.74922E+18	1000010010	8.74922E+18
