#	D	ID	E	ID0	E0
#
# D             Trajectory length [1 Mpc]
# ID/ID0/ID1    Particle type (PDG MC numbering scheme)
# E/E0/E1       Energy [1 EeV]
# no index = current, 0 = at source, 1 = at point of creation
#
# CRPropa version: -128-NOTFOUND
#
2.47372E+00	1000260560	3.01853E+20	1000260560	3.01853E+20
6.08891E+00	1000260560	3.43318E+19	1000260560	3.43318E+19
3.70496E+00	1000260560	1.60728E+19	1000260560	1.60728E+19
5.38315E-01	1000260560	2.73327E+19	1000260560	2.73327E+19
4.76789E+00	1000260560	7.14065E+19	1000260560	7.14065E+19
9.67876E+00	1000260560	9.00427E+19	1000260560	9.00427E+19
1.37645E+00	1000260560	9.51864E+18	1000260560	9.51864E+18
3.60378E+00	1000260560	4.20729E+20	1000260560	4.20729E+20
3.68150E+00	1000260560	1.06596E+19	1000260560	1.06596E+19
1.13807E+00	1000260560	4.36084E+19	1000260560	4.36084E+19
4.00958E+00	1000260560	1.03891E+21	1000260560	1.03891E+21
6.96053E+00	1000260560	4.84645E+20	1000260560	4.84645E+20
5.75280E+00	1000260560	7.03757E+19	1000260560	7.03757E+19
1.03002E+00	1000260560	5.55153E+21	1000260560	5.55153E+21
7.29464E+00	1000260560	2.14760E+21	1000260560	2.14760E+21
2.35580E-02	1000260560	5.29049E+20	1000260560	5.29049E+20
9.53680E+00	1000260560	8.54296E+20	1000260560	8.54296E+20
2.51426E+00	1000260560	1.39022E+20	1000260560	1.39022E+20
8.24577E+00	1000260560	1.53203E+20	1000260560	1.53203E+20
8.02990E+00	1000260560	1.12239E+20	1000260560	1.12239E+20
6.38079E+00	1000260560	1.22118E+19	1000260560	1.22118E+19
4.73507E+00	1000260560	1.81267E+19	1000260560	1.81267E+19
9.94538E+00	1000260560	1.39778E+20	1000260560	1.39778E+20
9.34440E+00	1000260560	6.91088E+19	1000260560	6.91088E+19
2.12758E+00	1000260560	1.20425E+20	1000260560	1.20425E+20
7.00117E+00	1000260560	2.20354E+19	1000260560	2.20354E+19
2.23052E+00	1000260560	1.72849E+21	1000260560	1.72849E+21
5.80713E+00	1000260560	1.39632E+21	1000260560	1.39632E+21
9.27843E+00	1000260560	2.05194E+19	1000260560	2.05194E+19
5.78651E+00	1000260560	2.02092E+19	1000260560	2.02092E+19
4.47434E+00	1000260560	2.07316E+21	1000260560	2.07316E+21
5.88192E+00	1000260560	6.96760E+18	1000260560	6.96760E+18
4.94768E+00	1000260560	4.89378E+20	1000260560	4.89378E+20
9.75576E+00	1000260560	3.90539E+21	1000260560	3.90539E+21
5.71834E+00	1000260560	3.25924E+21	1000260560	3.25924E+21
9.01717E-01	1000260560	1.74765E+19	1000260560	1.74765E+19
5.41563E+00	1000260560	1.39433E+21	1000260560	1.39433E+21
4.08852E+00	1000260560	5.48297E+20	1000260560	5.48297E+20
8.09244E+00	1000260560	1.55845E+19	1000260560	1.55845E+19
8.40444E+00	1000260560	2.94988E+20	1000260560	2.94988E+20
2.37812E+00	1000260560	1.15923E+19	1000260560	1.15923E+19
9.24096E+00	1000260560	1.17028E+20	1000260560	1.17028E+20
6.61598E+00	1000260560	2.16956E+21	1000260560	2.16956E+21
8.41593E+00	1000260560	3.29096E+21	1000260560	3.29096E+21
9.46668E-02	1000260560	1.85978E+21	1000260560	1.85978E+21
4.22258E+00	1000260560	3.68184E+20	1000260560	3.68184E+20
6.16944E+00	1000260560	3.74339E+21	1000260560	3.74339E+21
3.14945E+00	1000260560	3.62344E+19	1000260560	3.62344E+19
9.38599E+00	1000260560	1.26517E+19	1000260560	1.26517E+19
3.58378E-01	1000260560	1.19033E+19	1000260560	1.19033E+19
9.76079E+00	1000260560	1.28481E+20	1000260560	1.28481E+20
7.13231E+00	1000260560	4.52235E+21	1000260560	4.52235E+21
7.46616E+00	1000260560	2.58227E+19	1000260560	2.58227E+19
3.89226E+00	1000260560	1.45210E+21	1000260560	1.45210E+21
6.72468E+00	1000260560	7.48275E+20	1000260560	7.48275E+20
6.54094E+00	1000260560	5.16236E+20	1000260560	5.16236E+20
7.45633E+00	1000260560	3.65166E+21	1000260560	3.65166E+21
7.75200E-01	1000260560	3.20584E+20	1000260560	3.20584E+20
4.05410E+00	1000260560	1.16483E+20	1000260560	1.16483E+20
4.90037E+00	1000260560	1.54643E+21	1000260560	1.54643E+21
4.63545E+00	1000260560	8.01967E+18	1000260560	8.01967E+18
1.65878E+00	1000260560	1.03852E+20	1000260560	1.03852E+20
8.55608E+00	1000260560	1.88327E+20	1000260560	1.88327E+20
1.54532E-01	1000260560	3.75461E+20	1000260560	3.75461E+20
9.36498E+00	1000260560	9.06747E+18	1000260560	9.06747E+18
1.73384E-01	1000260560	1.71688E+19	1000260560	1.71688E+19
6.39041E+00	1000260560	2.00509E+21	1000260560	2.00509E+21
9.03097E+00	1000260560	2.69304E+19	1000260560	2.69304E+19
9.81679E+00	1000260560	3.24825E+20	1000260560	3.24825E+20
1.80638E+00	1000260560	6.19800E+19	1000260560	6.19800E+19
6.47574E+00	1000260560	6.01027E+21	1000260560	6.01027E+21
8.84256E+00	1000260560	2.64209E+21	1000260560	2.64209E+21
9.59352E+00	1000260560	4.13378E+21	1000260560	4.13378E+21
7.97517E+00	1000260560	2.52093E+20	1000260560	2.52093E+20
6.80237E+00	1000260560	1.44597E+20	1000260560	1.44597E+20
6.38266E+00	1000260560	6.77484E+18	1000260560	6.77484E+18
5.39868E+00	1000260560	1.38030E+20	1000260560	1.38030E+20
3.28252E+00	1000260560	7.14589E+20	1000260560	7.14589E+20
7.05756E+00	1000260560	2.91787E+20	1000260560	2.91787E+20
4.74976E+00	1000260560	1.83093E+19	1000260560	1.83093E+19
7.68044E-01	1000260560	1.63557E+21	1000260560	1.63557E+21
1.42188E-01	1000260560	2.41255E+19	1000260560	2.41255E+19
9.82461E+00	1000260560	2.59591E+20	1000260560	2.59591E+20
2.72171E+00	1000260560	8.45956E+20	1000260560	8.45956E+20
2.03869E+00	1000260560	1.31330E+21	1000260560	1.31330E+21
2.38505E-03	1000260560	1.65387E+20	1000260560	1.65387E+20
6.09243E+00	1000260560	1.30101E+20	1000260560	1.30101E+20
4.62151E-01	1000260560	9.81502E+19	1000260560	9.81502E+19
1.54815E+00	1000260560	4.71984E+19	1000260560	4.71984E+19
8.67987E+00	1000260560	7.61567E+18	1000260560	7.61567E+18
4.81868E+00	1000260560	4.05259E+20	1000260560	4.05259E+20
7.93288E+00	1000260560	1.05479E+19	1000260560	1.05479E+19
1.51046E+00	1000260560	1.98090E+20	1000260560	1.98090E+20
6.61318E+00	1000260560	1.88876E+19	1000260560	1.88876E+19
2.61567E+00	1000260560	1.18729E+21	1000260560	1.18729E+21
9.58235E+00	1000260560	4.47507E+19	1000260560	4.47507E+19
2.93595E-01	1000260560	1.40284E+20	1000260560	1.40284E+20
8.97327E+00	1000260560	1.28386E+20	1000260560	1.28386E+20
2.05950E+00	1000260560	2.93922E+21	1000260560	2.93922E+21
7.18177E+00	1000260560	2.11739E+21	1000260560	2.11739E+21
5.16022E-02	1000260560	2.56871E+21	1000260560	2.56871E+21
6.29650E+00	1000260560	1.28522E+19	1000260560	1.28522E+19
6.86353E+00	1000260560	1.72392E+20	1000260560	1.72392E+20
2.29123E+00	1000260560	1.21702E+21	1000260560	1.21702E+21
5.06237E+00	1000260560	2.23993E+19	1000260560	2.23993E+19
5.84626E+00	1000260560	2.85750E+20	1000260560	2.85750E+20
4.09384E+00	1000260560	5.61037E+20	1000260560	5.61037E+20
9.95738E+00	1000260560	7.13544E+20	1000260560	7.13544E+20
1.20762E+00	1000260560	1.70434E+20	1000260560	1.70434E+20
2.41052E+00	1000260560	2.17134E+21	1000260560	2.17134E+21
1.21038E+00	1000260560	2.36763E+19	1000260560	2.36763E+19
3.31089E-01	1000260560	1.30725E+20	1000260560	1.30725E+20
7.25557E+00	1000260560	6.47827E+19	1000260560	6.47827E+19
9.28559E-01	1000260560	8.70504E+20	1000260560	8.70504E+20
9.41828E+00	1000260560	6.40114E+18	1000260560	6.40114E+18
9.78242E+00	1000260560	1.05831E+21	1000260560	1.05831E+21
6.40736E-01	1000260560	1.35796E+21	1000260560	1.35796E+21
7.91050E+00	1000260560	2.50554E+21	1000260560	2.50554E+21
9.16682E+00	1000260560	9.65571E+18	1000260560	9.65571E+18
8.39122E+00	1000260560	2.18305E+20	1000260560	2.18305E+20
1.63093E+00	1000260560	5.47863E+20	1000260560	5.47863E+20
2.57474E+00	1000260560	3.17342E+20	1000260560	3.17342E+20
3.86662E+00	1000260560	8.28768E+18	1000260560	8.28768E+18
3.84592E+00	1000260560	3.77477E+20	1000260560	3.77477E+20
6.01418E+00	1000260560	4.90145E+21	1000260560	4.90145E+21
2.19923E+00	1000260560	1.91727E+21	1000260560	1.91727E+21
6.06660E+00	1000260560	1.05700E+21	1000260560	1.05700E+21
8.02157E+00	1000260560	5.68355E+21	1000260560	5.68355E+21
2.50093E-01	1000260560	1.14750E+20	1000260560	1.14750E+20
2.42900E+00	1000260560	4.89194E+19	1000260560	4.89194E+19
9.05293E+00	1000260560	5.06929E+20	1000260560	5.06929E+20
1.24300E+00	1000260560	6.45309E+18	1000260560	6.45309E+18
6.68386E+00	1000260560	5.46369E+19	1000260560	5.46369E+19
1.92364E+00	1000260560	7.34127E+19	1000260560	7.34127E+19
4.26727E+00	1000260560	1.11922E+19	1000260560	1.11922E+19
7.34700E+00	1000260560	2.91003E+19	1000260560	2.91003E+19
3.65663E+00	1000260560	1.32852E+20	1000260560	1.32852E+20
4.05582E+00	1000260560	8.14494E+18	1000260560	8.14494E+18
3.58543E+00	1000260560	6.01848E+20	1000260560	6.01848E+20
2.09266E+00	1000260560	1.57763E+20	1000260560	1.57763E+20
3.51206E+00	1000260560	1.37620E+19	1000260560	1.37620E+19
8.89415E+00	1000260560	1.76850E+21	1000260560	1.76850E+21
1.11170E+00	1000260560	9.35140E+20	1000260560	9.35140E+20
2.08364E+00	1000260560	8.75832E+18	1000260560	8.75832E+18
4.11365E+00	1000260560	5.57736E+21	1000260560	5.57736E+21
8.47134E-02	1000260560	8.04707E+18	1000260560	8.04707E+18
7.23891E+00	1000260560	1.77642E+21	1000260560	1.77642E+21
1.17971E+00	1000260560	2.45951E+21	1000260560	2.45951E+21
3.88971E-01	1000260560	1.73377E+21	1000260560	1.73377E+21
4.04970E+00	1000260560	7.91709E+20	1000260560	7.91709E+20
4.22864E+00	1000260560	6.34229E+18	1000260560	6.34229E+18
2.48569E+00	1000260560	1.02636E+19	1000260560	1.02636E+19
3.62782E+00	1000260560	3.39584E+20	1000260560	3.39584E+20
5.75153E+00	1000260560	1.24229E+19	1000260560	1.24229E+19
3.33257E+00	1000260560	4.37345E+19	1000260560	4.37345E+19
2.48704E+00	1000260560	6.81793E+19	1000260560	6.81793E+19
7.97577E+00	1000260560	2.32794E+20	1000260560	2.32794E+20
9.10582E+00	1000260560	6.93615E+19	1000260560	6.93615E+19
1.96756E+00	1000260560	3.56567E+20	1000260560	3.56567E+20
9.66168E-01	1000260560	2.45648E+21	1000260560	2.45648E+21
2.57500E+00	1000260560	8.81084E+19	1000260560	8.81084E+19
4.80672E-01	1000260560	2.54371E+21	1000260560	2.54371E+21
6.31890E+00	1000260560	2.88541E+20	1000260560	2.88541E+20
1.52200E+00	1000260560	1.33063E+21	1000260560	1.33063E+21
3.42275E+00	1000260560	1.44112E+20	1000260560	1.44112E+20
7.49509E-01	1000260560	1.69550E+21	1000260560	1.69550E+21
9.02420E-01	1000260560	8.82491E+18	1000260560	8.82491E+18
5.06615E-01	1000260560	3.13941E+19	1000260560	3.13941E+19
2.82606E+00	1000260560	1.95004E+20	1000260560	1.95004E+20
7.67676E+00	1000260560	1.74819E+19	1000260560	1.74819E+19
1.41179E+00	1000260560	1.60768E+21	1000260560	1.60768E+21
3.35604E+00	1000260560	3.07882E+21	1000260560	3.07882E+21
3.34559E+00	1000260560	1.40926E+20	1000260560	1.40926E+20
4.39113E+00	1000260560	4.33525E+20	1000260560	4.33525E+20
5.51649E+00	1000260560	1.72754E+20	1000260560	1.72754E+20
8.56204E+00	1000260560	9.87834E+19	1000260560	9.87834E+19
9.23746E+00	1000260560	1.86813E+21	1000260560	1.86813E+21
3.64553E+00	1000260560	3.43931E+20	1000260560	3.43931E+20
2.48854E-01	1000260560	5.90238E+20	1000260560	5.90238E+20
7.44287E+00	1000260560	2.61083E+19	1000260560	2.61083E+19
7.80666E+00	1000260560	3.65799E+21	1000260560	3.65799E+21
9.54299E+00	1000260560	1.04830E+20	1000260560	1.04830E+20
8.46224E+00	1000260560	1.59443E+21	1000260560	1.59443E+21
5.13420E+00	1000260560	4.48484E+19	1000260560	4.48484E+19
6.42483E+00	1000260560	1.12399E+19	1000260560	1.12399E+19
2.18872E+00	1000260560	1.53088E+20	1000260560	1.53088E+20
2.90523E+00	1000260560	4.27671E+20	1000260560	4.27671E+20
2.94181E+00	1000260560	2.32589E+20	1000260560	2.32589E+20
9.38537E+00	1000260560	1.29235E+19	1000260560	1.29235E+19
3.44559E+00	1000260560	1.38905E+20	1000260560	1.38905E+20
7.30677E+00	1000260560	8.90430E+20	1000260560	8.90430E+20
6.18291E-01	1000260560	7.16074E+19	1000260560	7.16074E+19
5.95953E+00	1000260560	1.52776E+19	1000260560	1.52776E+19
6.49724E+00	1000260560	1.17806E+20	1000260560	1.17806E+20
6.78590E+00	1000260560	6.42922E+20	1000260560	6.42922E+20
5.61425E+00	1000260560	1.52112E+21	1000260560	1.52112E+21
1.23695E+00	1000260560	1.47255E+21	1000260560	1.47255E+21
4.20338E+00	1000260560	2.83009E+19	1000260560	2.83009E+19
6.07196E+00	1000260560	5.48548E+20	1000260560	5.48548E+20
2.59804E+00	1000260560	9.64866E+20	1000260560	9.64866E+20
7.68194E+00	1000260560	9.83767E+19	1000260560	9.83767E+19
4.03762E+00	1000260560	3.09055E+20	1000260560	3.09055E+20
2.91030E-01	1000260560	5.16981E+21	1000260560	5.16981E+21
8.23264E+00	1000260560	2.16716E+21	1000260560	2.16716E+21
4.21040E+00	1000260560	1.07342E+21	1000260560	1.07342E+21
9.12596E+00	1000260560	2.62714E+19	1000260560	2.62714E+19
8.07075E+00	1000260560	9.21309E+20	1000260560	9.21309E+20
4.68101E+00	1000260560	5.42551E+19	1000260560	5.42551E+19
8.79312E+00	1000260560	2.89331E+20	1000260560	2.89331E+20
1.67546E+00	1000260560	1.40129E+20	1000260560	1.40129E+20
4.68436E+00	1000260560	1.48376E+20	1000260560	1.48376E+20
2.25761E+00	1000260560	1.88370E+20	1000260560	1.88370E+20
2.28071E+00	1000260560	8.25974E+18	1000260560	8.25974E+18
9.41137E+00	1000260560	4.24948E+19	1000260560	4.24948E+19
1.90329E+00	1000260560	6.46384E+18	1000260560	6.46384E+18
9.06866E+00	1000260560	1.41172E+21	1000260560	1.41172E+21
7.14653E+00	1000260560	1.58158E+20	1000260560	1.58158E+20
9.08682E+00	1000260560	5.29685E+20	1000260560	5.29685E+20
5.03445E+00	1000260560	2.80287E+20	1000260560	2.80287E+20
9.73662E+00	1000260560	1.05321E+20	1000260560	1.05321E+20
7.46219E+00	1000260560	2.85976E+19	1000260560	2.85976E+19
2.91632E+00	1000260560	4.24432E+19	1000260560	4.24432E+19
1.27419E+00	1000260560	4.35646E+21	1000260560	4.35646E+21
1.49274E+00	1000260560	7.69415E+18	1000260560	7.69415E+18
6.54082E+00	1000260560	6.82058E+19	1000260560	6.82058E+19
7.64080E+00	1000260560	1.70499E+20	1000260560	1.70499E+20
5.50143E+00	1000260560	1.82993E+20	1000260560	1.82993E+20
8.66108E+00	1000260560	1.24847E+21	1000260560	1.24847E+21
9.11977E+00	1000260560	8.12009E+18	1000260560	8.12009E+18
4.61652E+00	1000260560	5.00019E+21	1000260560	5.00019E+21
6.82941E+00	1000260560	8.55379E+20	1000260560	8.55379E+20
1.39709E+00	1000260560	1.67026E+20	1000260560	1.67026E+20
6.79309E+00	1000260560	2.00113E+20	1000260560	2.00113E+20
2.79474E+00	1000260560	3.18211E+21	1000260560	3.18211E+21
1.56525E+00	1000260560	2.05978E+21	1000260560	2.05978E+21
5.99808E+00	1000260560	5.39435E+21	1000260560	5.39435E+21
1.72541E-01	1000260560	3.73754E+19	1000260560	3.73754E+19
5.34755E+00	1000260560	1.01180E+21	1000260560	1.01180E+21
6.08538E+00	1000260560	4.17445E+21	1000260560	4.17445E+21
8.51546E-01	1000260560	4.33072E+19	1000260560	4.33072E+19
6.97665E+00	1000260560	4.05892E+19	1000260560	4.05892E+19
8.93098E+00	1000260560	3.81027E+20	1000260560	3.81027E+20
2.11170E+00	1000260560	4.71093E+19	1000260560	4.71093E+19
3.32442E-01	1000260560	2.46425E+21	1000260560	2.46425E+21
6.13797E+00	1000260560	4.69985E+21	1000260560	4.69985E+21
1.40877E+00	1000260560	4.49475E+20	1000260560	4.49475E+20
2.62235E+00	1000260560	1.94628E+19	1000260560	1.94628E+19
8.66029E+00	1000260560	2.08658E+20	1000260560	2.08658E+20
3.63950E+00	1000260560	2.34087E+21	1000260560	2.34087E+21
7.43256E+00	1000260560	1.42983E+21	1000260560	1.42983E+21
7.15096E+00	1000260560	2.18644E+20	1000260560	2.18644E+20
2.14879E+00	1000260560	2.05878E+20	1000260560	2.05878E+20
2.98455E+00	1000260560	1.66485E+20	1000260560	1.66485E+20
4.38830E+00	1000260560	5.61169E+20	1000260560	5.61169E+20
6.65181E+00	1000260560	9.60266E+20	1000260560	9.60266E+20
4.31039E-01	1000260560	3.95464E+21	1000260560	3.95464E+21
6.10993E+00	1000260560	1.07282E+20	1000260560	1.07282E+20
8.77419E+00	1000260560	8.69331E+18	1000260560	8.69331E+18
6.27318E+00	1000260560	3.86563E+21	1000260560	3.86563E+21
6.23807E-01	1000260560	1.26759E+19	1000260560	1.26759E+19
5.63853E+00	1000260560	1.85075E+19	1000260560	1.85075E+19
6.08555E-01	1000260560	8.99671E+20	1000260560	8.99671E+20
8.84045E+00	1000260560	1.70279E+19	1000260560	1.70279E+19
9.68576E+00	1000260560	5.20209E+19	1000260560	5.20209E+19
2.36515E+00	1000260560	7.05872E+19	1000260560	7.05872E+19
7.18989E+00	1000260560	1.41042E+21	1000260560	1.41042E+21
5.96094E+00	1000260560	5.05709E+21	1000260560	5.05709E+21
5.96386E+00	1000260560	6.18795E+19	1000260560	6.18795E+19
7.40039E+00	1000260560	1.02624E+20	1000260560	1.02624E+20
2.02485E+00	1000260560	1.58480E+19	1000260560	1.58480E+19
2.11289E+00	1000260560	8.35224E+20	1000260560	8.35224E+20
8.90123E+00	1000260560	2.14613E+21	1000260560	2.14613E+21
6.74476E+00	1000260560	1.40020E+21	1000260560	1.40020E+21
4.16893E-01	1000260560	6.87306E+20	1000260560	6.87306E+20
4.72681E+00	1000260560	4.05086E+21	1000260560	4.05086E+21
8.21632E+00	1000260560	9.48105E+20	1000260560	9.48105E+20
4.14473E+00	1000260560	3.15882E+21	1000260560	3.15882E+21
8.42431E+00	1000260560	3.96280E+20	1000260560	3.96280E+20
5.27370E+00	1000260560	5.13414E+20	1000260560	5.13414E+20
2.21410E-02	1000260560	2.90537E+20	1000260560	2.90537E+20
8.51017E+00	1000260560	6.18483E+20	1000260560	6.18483E+20
5.46751E+00	1000260560	2.95632E+19	1000260560	2.95632E+19
8.38427E+00	1000260560	1.12057E+21	1000260560	1.12057E+21
1.23985E+00	1000260560	8.14584E+18	1000260560	8.14584E+18
7.47898E+00	1000260560	6.32745E+18	1000260560	6.32745E+18
7.81447E+00	1000260560	2.94747E+19	1000260560	2.94747E+19
9.58010E+00	1000260560	7.40152E+19	1000260560	7.40152E+19
8.37107E+00	1000260560	3.17201E+19	1000260560	3.17201E+19
7.60839E+00	1000260560	3.85432E+20	1000260560	3.85432E+20
9.59763E+00	1000260560	3.49375E+19	1000260560	3.49375E+19
3.53861E+00	1000260560	1.96032E+19	1000260560	1.96032E+19
2.34003E+00	1000260560	6.34110E+18	1000260560	6.34110E+18
1.68434E+00	1000260560	4.87121E+20	1000260560	4.87121E+20
6.94259E-01	1000260560	2.31982E+20	1000260560	2.31982E+20
8.33563E+00	1000260560	3.48839E+20	1000260560	3.48839E+20
9.76294E+00	1000260560	5.57659E+20	1000260560	5.57659E+20
1.09432E+00	1000260560	1.17762E+20	1000260560	1.17762E+20
5.06486E+00	1000260560	2.35021E+20	1000260560	2.35021E+20
5.12648E+00	1000260560	2.45335E+20	1000260560	2.45335E+20
6.55242E+00	1000260560	2.28073E+21	1000260560	2.28073E+21
2.94747E+00	1000260560	1.54285E+20	1000260560	1.54285E+20
6.31175E+00	1000260560	1.23690E+20	1000260560	1.23690E+20
6.34578E+00	1000260560	4.05627E+20	1000260560	4.05627E+20
4.95349E+00	1000260560	8.32905E+20	1000260560	8.32905E+20
2.09063E+00	1000260560	6.34616E+20	1000260560	6.34616E+20
8.55429E+00	1000260560	4.17216E+20	1000260560	4.17216E+20
2.30328E+00	1000260560	5.22392E+19	1000260560	5.22392E+19
7.30181E+00	1000260560	3.31546E+20	1000260560	3.31546E+20
4.98628E+00	1000260560	1.89802E+21	1000260560	1.89802E+21
6.95556E-01	1000260560	1.70076E+21	1000260560	1.70076E+21
6.97402E+00	1000260560	3.94442E+19	1000260560	3.94442E+19
1.65606E+00	1000260560	5.85699E+21	1000260560	5.85699E+21
7.84891E+00	1000260560	2.64735E+21	1000260560	2.64735E+21
3.12921E+00	1000260560	4.02360E+20	1000260560	4.02360E+20
3.08411E-02	1000260560	1.31117E+20	1000260560	1.31117E+20
2.38706E-01	1000260560	2.26313E+20	1000260560	2.26313E+20
4.81950E+00	1000260560	1.13395E+19	1000260560	1.13395E+19
6.22767E+00	1000260560	6.41422E+18	1000260560	6.41422E+18
4.84366E+00	1000260560	2.08974E+20	1000260560	2.08974E+20
9.81948E+00	1000260560	5.61455E+20	1000260560	5.61455E+20
7.74541E+00	1000260560	1.52201E+21	1000260560	1.52201E+21
5.72487E-01	1000260560	2.33591E+21	1000260560	2.33591E+21
3.48790E+00	1000260560	1.90795E+20	1000260560	1.90795E+20
1.25486E-01	1000260560	3.69200E+19	1000260560	3.69200E+19
8.07051E+00	1000260560	5.66806E+21	1000260560	5.66806E+21
1.64819E+00	1000260560	2.89319E+19	1000260560	2.89319E+19
8.34534E+00	1000260560	2.16305E+19	1000260560	2.16305E+19
6.62387E+00	1000260560	2.78655E+20	1000260560	2.78655E+20
4.26286E+00	1000260560	4.55801E+20	1000260560	4.55801E+20
9.79556E+00	1000260560	1.70092E+21	1000260560	1.70092E+21
1.71473E+00	1000260560	1.69807E+21	1000260560	1.69807E+21
1.97475E+00	1000260560	1.24532E+20	1000260560	1.24532E+20
1.61806E+00	1000260560	4.08335E+20	1000260560	4.08335E+20
5.75960E+00	1000260560	1.97675E+19	1000260560	1.97675E+19
6.72793E+00	1000260560	4.95274E+21	1000260560	4.95274E+21
4.54817E+00	1000260560	1.26225E+19	1000260560	1.26225E+19
3.62264E+00	1000260560	1.81524E+20	1000260560	1.81524E+20
4.73161E+00	1000260560	7.11749E+19	1000260560	7.11749E+19
8.09857E+00	1000260560	1.59848E+19	1000260560	1.59848E+19
2.28927E+00	1000260560	8.47284E+18	1000260560	8.47284E+18
3.47307E+00	1000260560	3.94512E+19	1000260560	3.94512E+19
8.33773E+00	1000260560	1.82835E+19	1000260560	1.82835E+19
9.92798E+00	1000260560	1.14674E+19	1000260560	1.14674E+19
9.74803E+00	1000260560	4.03478E+20	1000260560	4.03478E+20
5.83208E+00	1000260560	4.00488E+21	1000260560	4.00488E+21
1.13695E+00	1000260560	7.69480E+18	1000260560	7.69480E+18
2.10019E+00	1000260560	5.19025E+20	1000260560	5.19025E+20
6.37462E+00	1000260560	1.27294E+21	1000260560	1.27294E+21
1.05095E+00	1000260560	3.80100E+21	1000260560	3.80100E+21
6.30156E+00	1000260560	3.70015E+19	1000260560	3.70015E+19
8.38329E+00	1000260560	1.37392E+21	1000260560	1.37392E+21
9.26640E+00	1000260560	3.18379E+20	1000260560	3.18379E+20
3.03413E+00	1000260560	3.41430E+19	1000260560	3.41430E+19
9.61630E+00	1000260560	1.18969E+20	1000260560	1.18969E+20
7.98331E+00	1000260560	1.60777E+21	1000260560	1.60777E+21
7.74109E+00	1000260560	3.27753E+20	1000260560	3.27753E+20
2.48233E+00	1000260560	3.78631E+21	1000260560	3.78631E+21
1.32755E+00	1000260560	1.70187E+21	1000260560	1.70187E+21
2.95606E+00	1000260560	1.48744E+19	1000260560	1.48744E+19
5.30048E-01	1000260560	9.81089E+18	1000260560	9.81089E+18
3.58934E+00	1000260560	9.03842E+19	1000260560	9.03842E+19
3.79444E+00	1000260560	5.97796E+19	1000260560	5.97796E+19
5.14888E+00	1000260560	4.79895E+20	1000260560	4.79895E+20
8.09370E-01	1000260560	7.10106E+20	1000260560	7.10106E+20
8.92372E+00	1000260560	3.55662E+21	1000260560	3.55662E+21
4.71338E+00	1000260560	1.43611E+21	1000260560	1.43611E+21
9.49132E+00	1000260560	1.35247E+19	1000260560	1.35247E+19
1.83092E+00	1000260560	1.01676E+21	1000260560	1.01676E+21
1.88317E+00	1000260560	1.54190E+20	1000260560	1.54190E+20
9.79508E+00	1000260560	3.37188E+19	1000260560	3.37188E+19
9.83841E+00	1000260560	1.01493E+20	1000260560	1.01493E+20
9.48097E+00	1000260560	5.89619E+21	1000260560	5.89619E+21
6.72283E+00	1000260560	3.67674E+20	1000260560	3.67674E+20
9.69646E+00	1000260560	4.32799E+19	1000260560	4.32799E+19
3.31922E+00	1000260560	1.48193E+21	1000260560	1.48193E+21
5.25577E-01	1000260560	4.34133E+19	1000260560	4.34133E+19
7.65627E+00	1000260560	1.44357E+20	1000260560	1.44357E+20
6.25523E+00	1000260560	1.71648E+20	1000260560	1.71648E+20
6.31568E+00	1000260560	1.61559E+20	1000260560	1.61559E+20
2.87580E+00	1000260560	1.84530E+20	1000260560	1.84530E+20
7.77847E+00	1000260560	1.85796E+20	1000260560	1.85796E+20
7.45113E+00	1000260560	3.84387E+19	1000260560	3.84387E+19
1.69223E+00	1000260560	2.65385E+21	1000260560	2.65385E+21
7.50027E+00	1000260560	2.23288E+20	1000260560	2.23288E+20
5.07952E+00	1000260560	2.48999E+21	1000260560	2.48999E+21
9.99132E+00	1000260560	7.85619E+20	1000260560	7.85619E+20
1.72789E+00	1000260560	1.28403E+19	1000260560	1.28403E+19
1.84422E+00	1000260560	1.41585E+21	1000260560	1.41585E+21
7.65672E+00	1000260560	4.38857E+19	1000260560	4.38857E+19
9.68558E+00	1000260560	6.24469E+19	1000260560	6.24469E+19
6.78736E+00	1000260560	1.21172E+21	1000260560	1.21172E+21
4.10714E+00	1000260560	6.36930E+20	1000260560	6.36930E+20
1.00996E+00	1000260560	3.75214E+19	1000260560	3.75214E+19
8.04080E+00	1000260560	1.23250E+19	1000260560	1.23250E+19
6.31855E+00	1000260560	5.25475E+20	1000260560	5.25475E+20
3.76456E+00	1000260560	1.36272E+19	1000260560	1.36272E+19
4.87712E+00	1000260560	2.86830E+20	1000260560	2.86830E+20
7.97022E+00	1000260560	3.03510E+21	1000260560	3.03510E+21
4.57088E+00	1000260560	1.67118E+20	1000260560	1.67118E+20
9.21309E+00	1000260560	4.86459E+21	1000260560	4.86459E+21
5.10517E-01	1000260560	1.03936E+19	1000260560	1.03936E+19
1.25833E-01	1000260560	8.96764E+20	1000260560	8.96764E+20
8.97133E+00	1000260560	8.76424E+20	1000260560	8.76424E+20
2.41644E+00	1000260560	2.08033E+20	1000260560	2.08033E+20
8.23875E+00	1000260560	9.97252E+18	1000260560	9.97252E+18
4.68320E+00	1000260560	1.31782E+21	1000260560	1.31782E+21
5.47434E+00	1000260560	3.77824E+20	1000260560	3.77824E+20
8.39870E+00	1000260560	2.18359E+20	1000260560	2.18359E+20
9.14477E+00	1000260560	5.86228E+20	1000260560	5.86228E+20
1.43009E+00	1000260560	7.57001E+20	1000260560	7.57001E+20
6.30874E+00	1000260560	5.46929E+19	1000260560	5.46929E+19
9.58059E+00	1000260560	7.30318E+18	1000260560	7.30318E+18
4.85918E+00	1000260560	5.26171E+21	1000260560	5.26171E+21
1.08114E+00	1000260560	5.45307E+21	1000260560	5.45307E+21
2.22070E+00	1000260560	2.04311E+20	1000260560	2.04311E+20
1.44043E+00	1000260560	1.29461E+20	1000260560	1.29461E+20
5.95072E+00	1000260560	2.50023E+20	1000260560	2.50023E+20
3.01373E+00	1000260560	2.63440E+19	1000260560	2.63440E+19
4.56002E+00	1000260560	6.43353E+19	1000260560	6.43353E+19
4.15334E+00	1000260560	5.00670E+21	1000260560	5.00670E+21
6.79466E+00	1000260560	6.29177E+18	1000260560	6.29177E+18
4.96212E+00	1000260560	7.39054E+19	1000260560	7.39054E+19
3.09847E+00	1000260560	1.89433E+20	1000260560	1.89433E+20
8.65070E+00	1000260560	4.59123E+19	1000260560	4.59123E+19
4.55737E+00	1000260560	7.51989E+18	1000260560	7.51989E+18
3.95916E+00	1000260560	1.89608E+20	1000260560	1.89608E+20
6.80665E+00	1000260560	1.20079E+21	1000260560	1.20079E+21
2.35013E+00	1000260560	4.17547E+19	1000260560	4.17547E+19
3.52277E-01	1000260560	1.73352E+19	1000260560	1.73352E+19
3.49171E+00	1000260560	2.16536E+19	1000260560	2.16536E+19
4.85258E+00	1000260560	4.09849E+21	1000260560	4.09849E+21
7.25430E+00	1000260560	1.15570E+19	1000260560	1.15570E+19
4.74351E+00	1000260560	1.52002E+20	1000260560	1.52002E+20
6.08511E-02	1000260560	9.00643E+19	1000260560	9.00643E+19
8.53573E+00	1000260560	2.97041E+20	1000260560	2.97041E+20
8.58296E+00	1000260560	5.72728E+19	1000260560	5.72728E+19
6.85308E+00	1000260560	8.68701E+19	1000260560	8.68701E+19
1.20398E+00	1000260560	9.95858E+18	1000260560	9.95858E+18
5.52880E+00	1000260560	4.26790E+19	1000260560	4.26790E+19
8.56808E+00	1000260560	1.56690E+19	1000260560	1.56690E+19
2.56444E-01	1000260560	3.98790E+20	1000260560	3.98790E+20
8.45639E+00	1000260560	1.68778E+19	1000260560	1.68778E+19
6.43721E+00	1000260560	2.45176E+19	1000260560	2.45176E+19
4.82886E+00	1000260560	1.30650E+19	1000260560	1.30650E+19
6.68490E+00	1000260560	2.88649E+19	1000260560	2.88649E+19
7.07181E+00	1000260560	1.75993E+21	1000260560	1.75993E+21
1.31514E+00	1000260560	2.82529E+21	1000260560	2.82529E+21
6.21293E+00	1000260560	3.05072E+21	1000260560	3.05072E+21
8.31448E+00	1000260560	6.37377E+19	1000260560	6.37377E+19
2.47707E+00	1000260560	6.01286E+20	1000260560	6.01286E+20
8.63565E+00	1000260560	4.18886E+20	1000260560	4.18886E+20
4.85379E+00	1000260560	5.61479E+20	1000260560	5.61479E+20
1.01552E+00	1000260560	6.34937E+20	1000260560	6.34937E+20
9.83986E-01	1000260560	3.65702E+20	1000260560	3.65702E+20
7.44311E+00	1000260560	1.72961E+20	1000260560	1.72961E+20
7.25239E+00	1000260560	6.62693E+20	1000260560	6.62693E+20
6.59157E+00	1000260560	9.01585E+18	1000260560	9.01585E+18
5.76844E-01	1000260560	2.32022E+19	1000260560	2.32022E+19
5.08761E-01	1000260560	1.81782E+19	1000260560	1.81782E+19
4.10419E+00	1000260560	5.81684E+19	1000260560	5.81684E+19
9.24188E+00	1000260560	8.69861E+18	1000260560	8.69861E+18
6.40448E+00	1000260560	1.96278E+20	1000260560	1.96278E+20
5.60159E+00	1000260560	5.23480E+21	1000260560	5.23480E+21
8.40703E-01	1000260560	6.59889E+19	1000260560	6.59889E+19
7.21953E-01	1000260560	2.85128E+20	1000260560	2.85128E+20
2.71826E+00	1000260560	6.97235E+20	1000260560	6.97235E+20
4.95460E+00	1000260560	6.75477E+18	1000260560	6.75477E+18
9.00841E+00	1000260560	6.36382E+18	1000260560	6.36382E+18
2.88282E+00	1000260560	1.73418E+19	1000260560	1.73418E+19
3.52652E+00	1000260560	2.99484E+20	1000260560	2.99484E+20
9.87389E+00	1000260560	2.73325E+20	1000260560	2.73325E+20
5.19663E+00	1000260560	8.03512E+18	1000260560	8.03512E+18
8.61118E+00	1000260560	3.99540E+20	1000260560	3.99540E+20
1.62619E+00	1000260560	5.38122E+21	1000260560	5.38122E+21
6.45709E+00	1000260560	1.65241E+20	1000260560	1.65241E+20
5.57556E+00	1000260560	1.54604E+19	1000260560	1.54604E+19
7.04390E+00	1000260560	1.13676E+19	1000260560	1.13676E+19
6.88570E+00	1000260560	1.17188E+21	1000260560	1.17188E+21
6.65611E+00	1000260560	1.60840E+20	1000260560	1.60840E+20
3.75743E+00	1000260560	6.45514E+18	1000260560	6.45514E+18
3.10735E+00	1000260560	1.84195E+21	1000260560	1.84195E+21
7.41480E+00	1000260560	4.34152E+19	1000260560	4.34152E+19
9.95447E+00	1000260560	3.86084E+20	1000260560	3.86084E+20
4.57118E-01	1000260560	6.09216E+21	1000260560	6.09216E+21
4.38958E+00	1000260560	1.08995E+20	1000260560	1.08995E+20
4.96757E+00	1000260560	1.03135E+21	1000260560	1.03135E+21
7.45199E+00	1000260560	9.97286E+18	1000260560	9.97286E+18
1.74698E+00	1000260560	1.59784E+19	1000260560	1.59784E+19
4.32433E+00	1000260560	2.71399E+20	1000260560	2.71399E+20
1.93173E+00	1000260560	1.26493E+21	1000260560	1.26493E+21
2.40621E+00	1000260560	1.22169E+19	1000260560	1.22169E+19
5.68382E+00	1000260560	7.32146E+19	1000260560	7.32146E+19
5.50012E+00	1000260560	8.07609E+18	1000260560	8.07609E+18
3.71334E+00	1000260560	4.30061E+19	1000260560	4.30061E+19
9.08777E+00	1000260560	1.64069E+19	1000260560	1.64069E+19
2.71618E+00	1000260560	1.64565E+20	1000260560	1.64565E+20
2.40531E+00	1000260560	7.99164E+18	1000260560	7.99164E+18
6.76335E+00	1000260560	3.05834E+20	1000260560	3.05834E+20
6.30317E+00	1000260560	9.26610E+20	1000260560	9.26610E+20
4.73621E+00	1000260560	2.35958E+19	1000260560	2.35958E+19
3.52176E+00	1000260560	2.04758E+21	1000260560	2.04758E+21
3.02159E+00	1000260560	1.00937E+20	1000260560	1.00937E+20
2.45733E+00	1000260560	2.26139E+20	1000260560	2.26139E+20
2.96151E+00	1000260560	9.14760E+19	1000260560	9.14760E+19
3.10307E+00	1000260560	1.42254E+20	1000260560	1.42254E+20
2.70600E+00	1000260560	4.17733E+20	1000260560	4.17733E+20
3.22604E-01	1000260560	8.51261E+18	1000260560	8.51261E+18
8.88182E+00	1000260560	5.23571E+20	1000260560	5.23571E+20
6.64334E+00	1000260560	2.37631E+20	1000260560	2.37631E+20
3.94008E+00	1000260560	1.79998E+21	1000260560	1.79998E+21
1.08917E+00	1000260560	7.29384E+19	1000260560	7.29384E+19
9.77166E+00	1000260560	9.86776E+20	1000260560	9.86776E+20
8.93264E+00	1000260560	4.97357E+21	1000260560	4.97357E+21
3.48031E+00	1000260560	2.39026E+19	1000260560	2.39026E+19
3.21667E+00	1000260560	1.96204E+20	1000260560	1.96204E+20
6.02158E+00	1000260560	8.04581E+19	1000260560	8.04581E+19
5.21036E-01	1000260560	4.49988E+19	1000260560	4.49988E+19
8.97605E+00	1000260560	5.07461E+21	1000260560	5.07461E+21
7.61768E+00	1000260560	7.77120E+20	1000260560	7.77120E+20
4.16429E+00	1000260560	3.17985E+19	1000260560	3.17985E+19
3.53896E+00	1000260560	7.71611E+18	1000260560	7.71611E+18
5.31232E+00	1000260560	5.10628E+19	1000260560	5.10628E+19
1.53663E+00	1000260560	9.66031E+19	1000260560	9.66031E+19
8.06897E+00	1000260560	7.22512E+18	1000260560	7.22512E+18
5.82869E+00	1000260560	2.68299E+20	1000260560	2.68299E+20
9.36387E+00	1000260560	8.99467E+19	1000260560	8.99467E+19
4.30189E+00	1000260560	1.41951E+19	1000260560	1.41951E+19
4.42668E+00	1000260560	7.55987E+19	1000260560	7.55987E+19
1.22052E+00	1000260560	1.29858E+21	1000260560	1.29858E+21
1.02709E+00	1000260560	4.48650E+21	1000260560	4.48650E+21
9.48517E+00	1000260560	5.63669E+21	1000260560	5.63669E+21
3.20795E+00	1000260560	6.19183E+20	1000260560	6.19183E+20
4.75923E-01	1000260560	8.30613E+19	1000260560	8.30613E+19
1.56868E-01	1000260560	2.14814E+20	1000260560	2.14814E+20
9.83322E+00	1000260560	7.66168E+20	1000260560	7.66168E+20
5.30373E+00	1000260560	2.72066E+20	1000260560	2.72066E+20
3.97360E+00	1000260560	7.81926E+20	1000260560	7.81926E+20
6.19968E+00	1000260560	2.28329E+20	1000260560	2.28329E+20
8.90477E+00	1000260560	3.28430E+20	1000260560	3.28430E+20
9.39279E+00	1000260560	2.40256E+21	1000260560	2.40256E+21
8.23066E+00	1000260560	6.60793E+18	1000260560	6.60793E+18
6.37155E+00	1000260560	1.21761E+21	1000260560	1.21761E+21
4.99155E+00	1000260560	4.79005E+19	1000260560	4.79005E+19
6.65222E+00	1000260560	1.90000E+19	1000260560	1.90000E+19
7.74126E+00	1000260560	9.43761E+19	1000260560	9.43761E+19
6.87023E+00	1000260560	5.69955E+21	1000260560	5.69955E+21
8.16616E+00	1000260560	7.80300E+20	1000260560	7.80300E+20
4.00861E+00	1000260560	2.41770E+19	1000260560	2.41770E+19
1.25595E+00	1000260560	5.73570E+20	1000260560	5.73570E+20
1.21761E+00	1000260560	3.43150E+19	1000260560	3.43150E+19
7.90213E+00	1000260560	6.80834E+19	1000260560	6.80834E+19
8.11560E+00	1000260560	7.21576E+20	1000260560	7.21576E+20
2.90941E+00	1000260560	3.39690E+20	1000260560	3.39690E+20
2.04375E+00	1000260560	5.56227E+21	1000260560	5.56227E+21
9.58420E+00	1000260560	1.38885E+21	1000260560	1.38885E+21
5.68462E+00	1000260560	2.67387E+20	1000260560	2.67387E+20
4.68584E+00	1000260560	2.97120E+20	1000260560	2.97120E+20
8.68784E+00	1000260560	1.95052E+21	1000260560	1.95052E+21
1.58105E+00	1000260560	3.60926E+19	1000260560	3.60926E+19
7.16084E+00	1000260560	9.42537E+20	1000260560	9.42537E+20
9.53030E+00	1000260560	2.36277E+19	1000260560	2.36277E+19
3.82363E-01	1000260560	2.80555E+20	1000260560	2.80555E+20
3.79346E+00	1000260560	1.09637E+20	1000260560	1.09637E+20
6.32523E+00	1000260560	7.71104E+20	1000260560	7.71104E+20
4.16666E+00	1000260560	8.96341E+19	1000260560	8.96341E+19
6.31811E+00	1000260560	9.22098E+18	1000260560	9.22098E+18
9.79733E+00	1000260560	3.95920E+19	1000260560	3.95920E+19
6.94712E+00	1000260560	1.47021E+19	1000260560	1.47021E+19
3.50368E+00	1000260560	7.94019E+20	1000260560	7.94019E+20
8.42404E+00	1000260560	1.48131E+21	1000260560	1.48131E+21
4.28389E+00	1000260560	8.21709E+20	1000260560	8.21709E+20
4.19243E+00	1000260560	1.60036E+21	1000260560	1.60036E+21
5.38702E+00	1000260560	9.82208E+20	1000260560	9.82208E+20
8.34117E+00	1000260560	2.11335E+20	1000260560	2.11335E+20
1.97729E-01	1000260560	5.70233E+21	1000260560	5.70233E+21
6.01795E+00	1000260560	1.91023E+21	1000260560	1.91023E+21
7.52400E+00	1000260560	2.78853E+20	1000260560	2.78853E+20
8.51082E+00	1000260560	9.31521E+19	1000260560	9.31521E+19
3.78178E+00	1000260560	1.93778E+19	1000260560	1.93778E+19
2.95718E+00	1000260560	2.01313E+20	1000260560	2.01313E+20
6.18611E+00	1000260560	2.27632E+19	1000260560	2.27632E+19
4.35235E+00	1000260560	1.94903E+20	1000260560	1.94903E+20
5.25666E+00	1000260560	3.01601E+21	1000260560	3.01601E+21
2.42830E+00	1000260560	4.51796E+21	1000260560	4.51796E+21
7.31463E+00	1000260560	2.89931E+21	1000260560	2.89931E+21
9.47691E+00	1000260560	5.61626E+20	1000260560	5.61626E+20
3.79603E+00	1000260560	2.85502E+19	1000260560	2.85502E+19
7.97822E+00	1000260560	1.02947E+21	1000260560	1.02947E+21
2.56226E+00	1000260560	1.12044E+21	1000260560	1.12044E+21
7.86529E+00	1000260560	5.17542E+20	1000260560	5.17542E+20
8.37872E+00	1000260560	3.65633E+21	1000260560	3.65633E+21
9.07715E+00	1000260560	1.00876E+19	1000260560	1.00876E+19
8.35710E+00	1000260560	5.23538E+20	1000260560	5.23538E+20
7.82091E+00	1000260560	1.34113E+20	1000260560	1.34113E+20
8.55466E+00	1000260560	3.97219E+19	1000260560	3.97219E+19
2.01587E+00	1000260560	5.72030E+21	1000260560	5.72030E+21
3.49881E-01	1000260560	8.27953E+19	1000260560	8.27953E+19
6.26557E-01	1000260560	3.94213E+20	1000260560	3.94213E+20
4.57912E+00	1000260560	6.53972E+20	1000260560	6.53972E+20
1.82343E+00	1000260560	5.27777E+19	1000260560	5.27777E+19
4.48264E+00	1000260560	2.96059E+20	1000260560	2.96059E+20
3.38836E+00	1000260560	2.36196E+21	1000260560	2.36196E+21
3.17008E+00	1000260560	6.75256E+20	1000260560	6.75256E+20
3.78797E+00	1000260560	1.20289E+21	1000260560	1.20289E+21
8.28219E+00	1000260560	3.32141E+21	1000260560	3.32141E+21
1.43758E+00	1000260560	6.37369E+18	1000260560	6.37369E+18
4.85050E+00	1000260560	7.76485E+20	1000260560	7.76485E+20
8.22611E+00	1000260560	1.20378E+20	1000260560	1.20378E+20
3.68727E+00	1000260560	1.10853E+19	1000260560	1.10853E+19
4.23418E+00	1000260560	1.94118E+20	1000260560	1.94118E+20
3.69251E+00	1000260560	2.06683E+19	1000260560	2.06683E+19
9.38353E+00	1000260560	2.97816E+19	1000260560	2.97816E+19
8.66320E+00	1000260560	2.32258E+19	1000260560	2.32258E+19
2.87417E+00	1000260560	2.11153E+19	1000260560	2.11153E+19
8.39399E+00	1000260560	2.56506E+19	1000260560	2.56506E+19
7.15609E+00	1000260560	6.33420E+18	1000260560	6.33420E+18
3.34505E+00	1000260560	2.64071E+21	1000260560	2.64071E+21
6.03017E+00	1000260560	1.06356E+21	1000260560	1.06356E+21
5.59331E+00	1000260560	2.37081E+21	1000260560	2.37081E+21
8.57978E+00	1000260560	7.25948E+18	1000260560	7.25948E+18
7.19572E-01	1000260560	1.43108E+20	1000260560	1.43108E+20
6.39161E+00	1000260560	1.90646E+19	1000260560	1.90646E+19
6.83350E+00	1000260560	4.66482E+19	1000260560	4.66482E+19
4.15705E+00	1000260560	6.16712E+20	1000260560	6.16712E+20
5.50873E+00	1000260560	6.39710E+19	1000260560	6.39710E+19
7.79514E+00	1000260560	6.40314E+18	1000260560	6.40314E+18
7.73726E+00	1000260560	5.12398E+20	1000260560	5.12398E+20
3.60124E+00	1000260560	3.68429E+21	1000260560	3.68429E+21
8.93607E+00	1000260560	2.38829E+21	1000260560	2.38829E+21
7.59233E+00	1000260560	1.67633E+21	1000260560	1.67633E+21
3.91837E-01	1000260560	4.18767E+20	1000260560	4.18767E+20
9.09239E+00	1000260560	7.70887E+18	1000260560	7.70887E+18
1.83114E-01	1000260560	7.38151E+19	1000260560	7.38151E+19
1.82183E+00	1000260560	4.16578E+20	1000260560	4.16578E+20
3.11771E-01	1000260560	9.21977E+20	1000260560	9.21977E+20
4.77387E+00	1000260560	7.46224E+19	1000260560	7.46224E+19
3.47810E+00	1000260560	4.15317E+21	1000260560	4.15317E+21
7.03573E+00	1000260560	5.21577E+19	1000260560	5.21577E+19
7.14674E+00	1000260560	1.01170E+19	1000260560	1.01170E+19
2.62810E+00	1000260560	6.95429E+18	1000260560	6.95429E+18
7.24704E+00	1000260560	3.40745E+20	1000260560	3.40745E+20
2.74093E+00	1000260560	2.86768E+19	1000260560	2.86768E+19
1.71412E-01	1000260560	2.23497E+21	1000260560	2.23497E+21
5.63930E+00	1000260560	1.16375E+20	1000260560	1.16375E+20
7.53142E+00	1000260560	5.18627E+20	1000260560	5.18627E+20
4.10864E-01	1000260560	5.29002E+19	1000260560	5.29002E+19
7.38994E+00	1000260560	2.72008E+21	1000260560	2.72008E+21
6.24184E+00	1000260560	3.17664E+19	1000260560	3.17664E+19
9.16477E+00	1000260560	9.70309E+18	1000260560	9.70309E+18
3.90047E+00	1000260560	6.30534E+18	1000260560	6.30534E+18
7.79766E+00	1000260560	1.74701E+19	1000260560	1.74701E+19
3.63882E+00	1000260560	7.52246E+20	1000260560	7.52246E+20
8.24253E+00	1000260560	7.11507E+19	1000260560	7.11507E+19
5.26523E+00	1000260560	4.22439E+20	1000260560	4.22439E+20
7.10762E+00	1000260560	2.98191E+19	1000260560	2.98191E+19
9.52632E+00	1000260560	5.14831E+19	1000260560	5.14831E+19
4.87600E+00	1000260560	5.53173E+21	1000260560	5.53173E+21
5.63082E+00	1000260560	1.86451E+19	1000260560	1.86451E+19
5.49215E+00	1000260560	1.43913E+20	1000260560	1.43913E+20
5.89424E+00	1000260560	5.91700E+21	1000260560	5.91700E+21
8.28444E+00	1000260560	1.47106E+20	1000260560	1.47106E+20
5.97568E+00	1000260560	5.43573E+20	1000260560	5.43573E+20
7.26556E-01	1000260560	4.31490E+20	1000260560	4.31490E+20
4.11922E-02	1000260560	2.39519E+21	1000260560	2.39519E+21
2.21228E+00	1000260560	5.26606E+21	1000260560	5.26606E+21
4.17340E+00	1000260560	5.26843E+19	1000260560	5.26843E+19
8.08959E+00	1000260560	1.06218E+21	1000260560	1.06218E+21
6.10993E-01	1000260560	1.88627E+20	1000260560	1.88627E+20
8.84795E+00	1000260560	7.83560E+20	1000260560	7.83560E+20
7.83117E+00	1000260560	1.61150E+20	1000260560	1.61150E+20
9.27223E-01	1000260560	1.22422E+20	1000260560	1.22422E+20
2.54511E+00	1000260560	3.20835E+21	1000260560	3.20835E+21
9.25228E+00	1000260560	2.35620E+19	1000260560	2.35620E+19
3.80018E-01	1000260560	6.05812E+21	1000260560	6.05812E+21
5.85339E-01	1000260560	8.01137E+20	1000260560	8.01137E+20
1.74779E-01	1000260560	6.65583E+18	1000260560	6.65583E+18
8.24967E+00	1000260560	7.33037E+19	1000260560	7.33037E+19
5.58848E+00	1000260560	3.72526E+20	1000260560	3.72526E+20
1.39962E+00	1000260560	8.92041E+20	1000260560	8.92041E+20
9.85676E-02	1000260560	3.46970E+21	1000260560	3.46970E+21
6.10466E+00	1000260560	4.28810E+21	1000260560	4.28810E+21
3.94042E+00	1000260560	2.77509E+20	1000260560	2.77509E+20
7.97703E+00	1000260560	4.14882E+19	1000260560	4.14882E+19
7.53841E+00	1000260560	2.05525E+20	1000260560	2.05525E+20
3.88499E+00	1000260560	8.69652E+18	1000260560	8.69652E+18
9.85941E+00	1000260560	8.11946E+18	1000260560	8.11946E+18
6.31397E+00	1000260560	4.64594E+19	1000260560	4.64594E+19
2.23594E+00	1000260560	6.01363E+19	1000260560	6.01363E+19
5.73561E+00	1000260560	2.22132E+21	1000260560	2.22132E+21
8.66813E+00	1000260560	5.23802E+19	1000260560	5.23802E+19
4.10120E+00	1000260560	7.40263E+18	1000260560	7.40263E+18
6.89550E+00	1000260560	7.99803E+19	1000260560	7.99803E+19
5.52549E+00	1000260560	6.73939E+19	1000260560	6.73939E+19
8.56749E+00	1000260560	2.92677E+19	1000260560	2.92677E+19
2.76931E+00	1000260560	4.29885E+19	1000260560	4.29885E+19
9.57783E+00	1000260560	1.74051E+21	1000260560	1.74051E+21
8.37981E+00	1000260560	2.31394E+19	1000260560	2.31394E+19
9.96952E+00	1000260560	1.05473E+20	1000260560	1.05473E+20
5.53897E+00	1000260560	1.18186E+20	1000260560	1.18186E+20
2.11219E-01	1000260560	6.57330E+19	1000260560	6.57330E+19
5.05048E+00	1000260560	6.59230E+18	1000260560	6.59230E+18
1.67689E+00	1000260560	8.66160E+18	1000260560	8.66160E+18
6.69437E+00	1000260560	1.85601E+21	1000260560	1.85601E+21
1.90301E+00	1000260560	5.62559E+20	1000260560	5.62559E+20
9.36127E+00	1000260560	7.13215E+18	1000260560	7.13215E+18
9.96627E+00	1000260560	2.75554E+21	1000260560	2.75554E+21
5.47532E+00	1000260560	8.91809E+18	1000260560	8.91809E+18
8.13047E-01	1000260560	1.53798E+20	1000260560	1.53798E+20
6.88382E+00	1000260560	2.04190E+19	1000260560	2.04190E+19
1.17544E+00	1000260560	8.84620E+18	1000260560	8.84620E+18
6.16425E+00	1000260560	2.75701E+21	1000260560	2.75701E+21
9.91453E+00	1000260560	1.23760E+19	1000260560	1.23760E+19
4.63171E+00	1000260560	1.72641E+20	1000260560	1.72641E+20
3.59211E+00	1000260560	3.63740E+19	1000260560	3.63740E+19
7.15099E+00	1000260560	1.56236E+20	1000260560	1.56236E+20
2.16309E+00	1000260560	2.39684E+19	1000260560	2.39684E+19
1.48323E+00	1000260560	2.48066E+19	1000260560	2.48066E+19
7.96302E+00	1000260560	3.55573E+19	1000260560	3.55573E+19
3.95259E+00	1000260560	1.53184E+19	1000260560	1.53184E+19
2.05643E-01	1000260560	1.49199E+21	1000260560	1.49199E+21
4.26276E+00	1000260560	6.94153E+19	1000260560	6.94153E+19
7.38823E+00	1000260560	1.94205E+19	1000260560	1.94205E+19
2.55673E+00	1000260560	5.74593E+20	1000260560	5.74593E+20
2.91936E+00	1000260560	3.18187E+20	1000260560	3.18187E+20
3.82002E+00	1000260560	1.32478E+19	1000260560	1.32478E+19
6.36840E+00	1000260560	1.32891E+21	1000260560	1.32891E+21
8.74439E+00	1000260560	9.92436E+19	1000260560	9.92436E+19
1.19360E+00	1000260560	4.76957E+21	1000260560	4.76957E+21
5.16169E+00	1000260560	9.98852E+18	1000260560	9.98852E+18
3.77635E+00	1000260560	2.52826E+20	1000260560	2.52826E+20
6.61522E+00	1000260560	8.75440E+18	1000260560	8.75440E+18
2.70688E+00	1000260560	2.99260E+19	1000260560	2.99260E+19
7.22384E+00	1000260560	3.33867E+19	1000260560	3.33867E+19
4.30213E-01	1000260560	5.06255E+20	1000260560	5.06255E+20
3.16836E+00	1000260560	3.40409E+21	1000260560	3.40409E+21
3.52224E+00	1000260560	1.64104E+21	1000260560	1.64104E+21
4.18468E+00	1000260560	3.28609E+19	1000260560	3.28609E+19
5.34754E+00	1000260560	9.15480E+20	1000260560	9.15480E+20
4.84936E+00	1000260560	2.55848E+19	1000260560	2.55848E+19
4.05933E+00	1000260560	7.32599E+19	1000260560	7.32599E+19
4.58190E+00	1000260560	1.71558E+21	1000260560	1.71558E+21
4.02176E-01	1000260560	6.47729E+19	1000260560	6.47729E+19
9.85136E+00	1000260560	7.68825E+20	1000260560	7.68825E+20
1.95992E+00	1000260560	1.06643E+21	1000260560	1.06643E+21
7.28783E+00	1000260560	1.02205E+19	1000260560	1.02205E+19
2.89217E+00	1000260560	1.86699E+20	1000260560	1.86699E+20
2.15168E+00	1000260560	3.42129E+21	1000260560	3.42129E+21
6.34971E+00	1000260560	4.58316E+21	1000260560	4.58316E+21
4.05518E-01	1000260560	1.27350E+21	1000260560	1.27350E+21
5.80128E-01	1000260560	1.38085E+19	1000260560	1.38085E+19
5.72180E+00	1000260560	1.82663E+20	1000260560	1.82663E+20
2.92099E+00	1000260560	2.55622E+19	1000260560	2.55622E+19
4.39029E+00	1000260560	5.68178E+20	1000260560	5.68178E+20
4.92137E+00	1000260560	2.89406E+20	1000260560	2.89406E+20
7.12369E+00	1000260560	1.76242E+20	1000260560	1.76242E+20
7.27122E+00	1000260560	4.82316E+19	1000260560	4.82316E+19
9.22345E+00	1000260560	1.91588E+19	1000260560	1.91588E+19
1.68153E+00	1000260560	2.15861E+19	1000260560	2.15861E+19
8.85572E+00	1000260560	7.96788E+20	1000260560	7.96788E+20
1.43918E+00	1000260560	3.25895E+21	1000260560	3.25895E+21
1.21585E+00	1000260560	3.67124E+19	1000260560	3.67124E+19
9.91102E+00	1000260560	2.98917E+21	1000260560	2.98917E+21
6.83286E+00	1000260560	5.41430E+21	1000260560	5.41430E+21
7.91204E-01	1000260560	6.47074E+19	1000260560	6.47074E+19
1.46567E+00	1000260560	3.74548E+19	1000260560	3.74548E+19
4.52195E+00	1000260560	2.25043E+21	1000260560	2.25043E+21
5.11161E+00	1000260560	6.57087E+18	1000260560	6.57087E+18
1.97321E+00	1000260560	4.04723E+21	1000260560	4.04723E+21
9.76048E+00	1000260560	1.71025E+21	1000260560	1.71025E+21
9.40840E+00	1000260560	4.65061E+20	1000260560	4.65061E+20
1.96174E+00	1000260560	1.96706E+21	1000260560	1.96706E+21
1.69781E+00	1000260560	2.93364E+19	1000260560	2.93364E+19
7.85027E+00	1000260560	1.99617E+21	1000260560	1.99617E+21
7.94170E+00	1000260560	1.80203E+20	1000260560	1.80203E+20
3.32972E+00	1000260560	6.86418E+20	1000260560	6.86418E+20
3.29443E+00	1000260560	2.52609E+19	1000260560	2.52609E+19
5.10536E+00	1000260560	6.12257E+21	1000260560	6.12257E+21
7.80618E+00	1000260560	7.68869E+19	1000260560	7.68869E+19
5.19364E+00	1000260560	2.25249E+20	1000260560	2.25249E+20
9.96582E+00	1000260560	1.93633E+20	1000260560	1.93633E+20
4.46030E+00	1000260560	1.06203E+21	1000260560	1.06203E+21
5.49331E+00	1000260560	9.54513E+20	1000260560	9.54513E+20
2.40113E+00	1000260560	3.93715E+21	1000260560	3.93715E+21
3.21929E+00	1000260560	5.09413E+20	1000260560	5.09413E+20
4.47678E+00	1000260560	2.88620E+19	1000260560	2.88620E+19
7.72303E+00	1000260560	5.38589E+19	1000260560	5.38589E+19
8.00300E+00	1000260560	2.26128E+20	1000260560	2.26128E+20
6.91436E+00	1000260560	2.89325E+21	1000260560	2.89325E+21
6.49035E+00	1000260560	1.06408E+21	1000260560	1.06408E+21
8.05354E+00	1000260560	9.34352E+18	1000260560	9.34352E+18
8.85976E+00	1000260560	4.73221E+21	1000260560	4.73221E+21
9.71000E+00	1000260560	2.00920E+20	1000260560	2.00920E+20
4.52941E+00	1000260560	1.23785E+19	1000260560	1.23785E+19
7.85166E+00	1000260560	8.26574E+20	1000260560	8.26574E+20
3.18630E+00	1000260560	7.93788E+19	1000260560	7.93788E+19
5.93629E+00	1000260560	7.64235E+20	1000260560	7.64235E+20
6.61774E+00	1000260560	1.89287E+19	1000260560	1.89287E+19
9.46897E+00	1000260560	2.59524E+21	1000260560	2.59524E+21
5.94113E+00	1000260560	6.77880E+20	1000260560	6.77880E+20
3.84340E+00	1000260560	1.55302E+19	1000260560	1.55302E+19
9.78214E+00	1000260560	1.95666E+19	1000260560	1.95666E+19
4.95947E+00	1000260560	3.73143E+19	1000260560	3.73143E+19
4.94254E+00	1000260560	2.21320E+21	1000260560	2.21320E+21
7.16732E+00	1000260560	1.35072E+19	1000260560	1.35072E+19
3.14620E-02	1000260560	2.01494E+21	1000260560	2.01494E+21
3.39255E+00	1000260560	1.99100E+21	1000260560	1.99100E+21
7.75461E+00	1000260560	3.46844E+19	1000260560	3.46844E+19
6.62782E+00	1000260560	9.09471E+18	1000260560	9.09471E+18
9.24403E+00	1000260560	1.30578E+21	1000260560	1.30578E+21
2.58590E-01	1000260560	8.53478E+20	1000260560	8.53478E+20
6.71973E+00	1000260560	6.87473E+20	1000260560	6.87473E+20
3.94380E+00	1000260560	2.64575E+21	1000260560	2.64575E+21
3.70903E+00	1000260560	5.40178E+21	1000260560	5.40178E+21
7.20291E+00	1000260560	5.52161E+20	1000260560	5.52161E+20
7.49376E+00	1000260560	9.47262E+18	1000260560	9.47262E+18
2.59750E+00	1000260560	9.19382E+18	1000260560	9.19382E+18
8.24683E+00	1000260560	1.73405E+20	1000260560	1.73405E+20
3.05101E+00	1000260560	1.36350E+21	1000260560	1.36350E+21
9.04465E+00	1000260560	2.64521E+20	1000260560	2.64521E+20
1.50191E+00	1000260560	7.43973E+18	1000260560	7.43973E+18
3.87475E+00	1000260560	3.29523E+19	1000260560	3.29523E+19
1.10298E+00	1000260560	4.35658E+21	1000260560	4.35658E+21
4.61452E-01	1000260560	4.00850E+19	1000260560	4.00850E+19
9.58109E+00	1000260560	1.37468E+21	1000260560	1.37468E+21
4.45900E+00	1000260560	6.46037E+19	1000260560	6.46037E+19
4.00226E+00	1000260560	7.33654E+19	1000260560	7.33654E+19
4.33265E+00	1000260560	1.24221E+21	1000260560	1.24221E+21
3.28005E+00	1000260560	6.66978E+19	1000260560	6.66978E+19
8.64798E+00	1000260560	1.85006E+19	1000260560	1.85006E+19
4.51829E+00	1000260560	1.98715E+21	1000260560	1.98715E+21
8.99135E+00	1000260560	2.47950E+21	1000260560	2.47950E+21
8.55167E+00	1000260560	3.48593E+19	1000260560	3.48593E+19
5.64880E+00	1000260560	2.09721E+19	1000260560	2.09721E+19
4.66982E+00	1000260560	1.65801E+20	1000260560	1.65801E+20
9.81066E+00	1000260560	3.95615E+19	1000260560	3.95615E+19
6.02235E-01	1000260560	8.49808E+19	1000260560	8.49808E+19
8.82508E+00	1000260560	1.39664E+21	1000260560	1.39664E+21
3.32052E+00	1000260560	9.15837E+19	1000260560	9.15837E+19
6.16373E+00	1000260560	2.44462E+21	1000260560	2.44462E+21
4.19568E+00	1000260560	1.02893E+19	1000260560	1.02893E+19
3.57535E+00	1000260560	1.49213E+19	1000260560	1.49213E+19
1.89770E+00	1000260560	1.51746E+19	1000260560	1.51746E+19
8.50173E+00	1000260560	6.67371E+20	1000260560	6.67371E+20
1.02710E+00	1000260560	5.02900E+19	1000260560	5.02900E+19
3.41143E+00	1000260560	2.66765E+20	1000260560	2.66765E+20
3.95864E+00	1000260560	7.77193E+19	1000260560	7.77193E+19
1.05656E+00	1000260560	2.41260E+20	1000260560	2.41260E+20
3.06209E+00	1000260560	3.24132E+19	1000260560	3.24132E+19
8.61780E+00	1000260560	1.56852E+19	1000260560	1.56852E+19
1.26395E+00	1000260560	2.04446E+19	1000260560	2.04446E+19
3.48358E+00	1000260560	1.69670E+19	1000260560	1.69670E+19
2.70066E+00	1000260560	1.46571E+20	1000260560	1.46571E+20
7.68996E+00	1000260560	5.52771E+20	1000260560	5.52771E+20
4.11341E+00	1000260560	7.92617E+18	1000260560	7.92617E+18
5.42958E+00	1000260560	4.57596E+21	1000260560	4.57596E+21
3.67088E+00	1000260560	1.41645E+21	1000260560	1.41645E+21
3.63951E+00	1000260560	6.42489E+19	1000260560	6.42489E+19
6.54664E+00	1000260560	4.26581E+19	1000260560	4.26581E+19
6.60020E+00	1000260560	9.10649E+18	1000260560	9.10649E+18
1.39284E+00	1000260560	3.71170E+19	1000260560	3.71170E+19
4.50696E+00	1000260560	1.08538E+19	1000260560	1.08538E+19
5.04431E+00	1000260560	1.33909E+21	1000260560	1.33909E+21
6.75552E+00	1000260560	1.59438E+19	1000260560	1.59438E+19
5.90925E+00	1000260560	4.00711E+21	1000260560	4.00711E+21
7.99379E+00	1000260560	2.10540E+19	1000260560	2.10540E+19
7.34751E+00	1000260560	3.74669E+21	1000260560	3.74669E+21
7.26476E+00	1000260560	5.06008E+20	1000260560	5.06008E+20
1.89287E+00	1000260560	3.51956E+20	1000260560	3.51956E+20
6.37981E+00	1000260560	5.91326E+19	1000260560	5.91326E+19
7.85488E-01	1000260560	1.03226E+20	1000260560	1.03226E+20
3.07170E+00	1000260560	2.85837E+19	1000260560	2.85837E+19
5.67011E+00	1000260560	2.92197E+19	1000260560	2.92197E+19
9.60499E-01	1000260560	6.00913E+21	1000260560	6.00913E+21
2.96224E+00	1000260560	2.16694E+21	1000260560	2.16694E+21
2.97671E+00	1000260560	5.97347E+19	1000260560	5.97347E+19
4.55615E+00	1000260560	1.90568E+19	1000260560	1.90568E+19
3.42393E-01	1000260560	6.78120E+19	1000260560	6.78120E+19
1.03477E+00	1000260560	1.21968E+20	1000260560	1.21968E+20
2.69514E+00	1000260560	1.48610E+21	1000260560	1.48610E+21
7.28081E+00	1000260560	1.79179E+19	1000260560	1.79179E+19
6.06087E+00	1000260560	3.76282E+20	1000260560	3.76282E+20
6.46926E-01	1000260560	5.12185E+20	1000260560	5.12185E+20
8.89441E-01	1000260560	1.25895E+20	1000260560	1.25895E+20
5.74214E+00	1000260560	4.28337E+21	1000260560	4.28337E+21
9.01072E+00	1000260560	1.17371E+20	1000260560	1.17371E+20
9.59144E+00	1000260560	1.62906E+20	1000260560	1.62906E+20
7.48124E+00	1000260560	9.89806E+18	1000260560	9.89806E+18
9.35732E+00	1000260560	1.44645E+19	1000260560	1.44645E+19
8.35030E-01	1000260560	5.06530E+20	1000260560	5.06530E+20
2.97260E+00	1000260560	1.02030E+21	1000260560	1.02030E+21
2.33952E+00	1000260560	2.78814E+20	1000260560	2.78814E+20
5.51452E+00	1000260560	1.40362E+20	1000260560	1.40362E+20
4.12784E+00	1000260560	6.92887E+19	1000260560	6.92887E+19
4.68057E+00	1000260560	1.20010E+20	1000260560	1.20010E+20
3.62365E+00	1000260560	1.70720E+20	1000260560	1.70720E+20
2.82525E+00	1000260560	1.76773E+20	1000260560	1.76773E+20
4.58704E+00	1000260560	3.34164E+19	1000260560	3.34164E+19
6.06823E+00	1000260560	2.40893E+20	1000260560	2.40893E+20
3.14044E+00	1000260560	1.97801E+21	1000260560	1.97801E+21
9.40905E+00	1000260560	3.78308E+19	1000260560	3.78308E+19
8.48433E+00	1000260560	8.53914E+19	1000260560	8.53914E+19
1.50238E-01	1000260560	3.74108E+21	1000260560	3.74108E+21
5.74220E+00	1000260560	1.18915E+20	1000260560	1.18915E+20
8.40052E+00	1000260560	4.45417E+19	1000260560	4.45417E+19
7.27043E+00	1000260560	8.51794E+19	1000260560	8.51794E+19
1.78153E+00	1000260560	1.41928E+20	1000260560	1.41928E+20
8.55801E+00	1000260560	7.80264E+19	1000260560	7.80264E+19
7.78604E+00	1000260560	2.40650E+21	1000260560	2.40650E+21
1.17749E+00	1000260560	4.10097E+20	1000260560	4.10097E+20
9.94622E+00	1000260560	3.35232E+19	1000260560	3.35232E+19
5.47881E+00	1000260560	1.66011E+19	1000260560	1.66011E+19
8.60624E+00	1000260560	8.20264E+18	1000260560	8.20264E+18
6.75303E+00	1000260560	1.29091E+21	1000260560	1.29091E+21
6.14180E+00	1000260560	1.63688E+20	1000260560	1.63688E+20
3.20183E+00	1000260560	4.41933E+19	1000260560	4.41933E+19
1.14684E+00	1000260560	4.95593E+20	1000260560	4.95593E+20
4.42383E+00	1000260560	2.16218E+20	1000260560	2.16218E+20
9.94142E+00	1000260560	1.10519E+20	1000260560	1.10519E+20
8.66818E+00	1000260560	7.24503E+19	1000260560	7.24503E+19
9.42180E+00	1000260560	2.40141E+21	1000260560	2.40141E+21
5.47697E-02	1000260560	1.33063E+21	1000260560	1.33063E+21
4.94995E+00	1000260560	4.24321E+19	1000260560	4.24321E+19
2.28767E+00	1000260560	6.27206E+18	1000260560	6.27206E+18
9.02694E-01	1000260560	4.90301E+19	1000260560	4.90301E+19
3.63547E+00	1000260560	1.34596E+21	1000260560	1.34596E+21
6.53415E+00	1000260560	2.02619E+21	1000260560	2.02619E+21
3.93547E+00	1000260560	5.93317E+19	1000260560	5.93317E+19
4.71081E-01	1000260560	1.86499E+21	1000260560	1.86499E+21
7.48772E+00	1000260560	3.55962E+20	1000260560	3.55962E+20
6.21021E+00	1000260560	6.51378E+19	1000260560	6.51378E+19
8.14760E+00	1000260560	3.25935E+19	1000260560	3.25935E+19
5.91597E+00	1000260560	7.06145E+19	1000260560	7.06145E+19
1.59655E+00	1000260560	4.19196E+21	1000260560	4.19196E+21
6.62329E-02	1000260560	6.23174E+20	1000260560	6.23174E+20
7.67894E+00	1000260560	1.47883E+21	1000260560	1.47883E+21
3.69855E+00	1000260560	2.09158E+19	1000260560	2.09158E+19
6.71506E+00	1000260560	2.20151E+21	1000260560	2.20151E+21
4.97206E-03	1000260560	2.42589E+21	1000260560	2.42589E+21
8.54351E+00	1000260560	8.58846E+19	1000260560	8.58846E+19
8.98095E+00	1000260560	9.26813E+19	1000260560	9.26813E+19
8.42128E+00	1000260560	9.32358E+19	1000260560	9.32358E+19
2.65550E+00	1000260560	6.65322E+19	1000260560	6.65322E+19
3.41431E+00	1000260560	8.20615E+20	1000260560	8.20615E+20
4.16054E+00	1000260560	2.60463E+21	1000260560	2.60463E+21
6.47530E+00	1000260560	2.06726E+20	1000260560	2.06726E+20
5.51471E+00	1000260560	1.98039E+21	1000260560	1.98039E+21
1.60780E-02	1000260560	8.73710E+19	1000260560	8.73710E+19
3.72647E+00	1000260560	1.64994E+19	1000260560	1.64994E+19
3.30103E+00	1000260560	3.35892E+20	1000260560	3.35892E+20
9.63911E+00	1000260560	9.24873E+18	1000260560	9.24873E+18
8.92560E+00	1000260560	1.16013E+19	1000260560	1.16013E+19
2.64123E+00	1000260560	1.16297E+21	1000260560	1.16297E+21
6.50717E+00	1000260560	1.31471E+19	1000260560	1.31471E+19
6.79692E+00	1000260560	2.82931E+20	1000260560	2.82931E+20
6.49926E+00	1000260560	2.11810E+21	1000260560	2.11810E+21
5.50493E+00	1000260560	1.10027E+20	1000260560	1.10027E+20
3.92557E+00	1000260560	2.03576E+19	1000260560	2.03576E+19
8.25140E+00	1000260560	1.87514E+20	1000260560	1.87514E+20
4.07326E+00	1000260560	7.81694E+18	1000260560	7.81694E+18
8.27017E+00	1000260560	3.19403E+21	1000260560	3.19403E+21
4.98990E+00	1000260560	3.22433E+21	1000260560	3.22433E+21
2.12737E+00	1000260560	1.86682E+21	1000260560	1.86682E+21
3.84879E+00	1000260560	3.96100E+20	1000260560	3.96100E+20
8.90121E+00	1000260560	1.83342E+20	1000260560	1.83342E+20
4.15684E+00	1000260560	7.39680E+19	1000260560	7.39680E+19
1.27695E+00	1000260560	6.95872E+18	1000260560	6.95872E+18
7.51620E-01	1000260560	1.32057E+20	1000260560	1.32057E+20
2.05316E+00	1000260560	5.05407E+19	1000260560	5.05407E+19
9.80449E+00	1000260560	1.82678E+21	1000260560	1.82678E+21
9.21362E+00	1000260560	1.42829E+19	1000260560	1.42829E+19
6.85559E+00	1000260560	1.34414E+21	1000260560	1.34414E+21
9.36428E-01	1000260560	3.90348E+19	1000260560	3.90348E+19
8.08691E-01	1000260560	2.70541E+21	1000260560	2.70541E+21
9.17368E+00	1000260560	5.98068E+20	1000260560	5.98068E+20
9.85595E+00	1000260560	1.06774E+21	1000260560	1.06774E+21
5.13839E+00	1000260560	5.67615E+20	1000260560	5.67615E+20
2.94264E+00	1000260560	7.51758E+18	1000260560	7.51758E+18
1.21917E+00	1000260560	2.89610E+19	1000260560	2.89610E+19
3.35432E+00	1000260560	3.35386E+20	1000260560	3.35386E+20
5.40996E-02	1000260560	2.70115E+21	1000260560	2.70115E+21
9.73383E+00	1000260560	1.46596E+19	1000260560	1.46596E+19
5.52303E+00	1000260560	6.91672E+18	1000260560	6.91672E+18
2.37568E+00	1000260560	1.70897E+20	1000260560	1.70897E+20
6.81085E+00	1000260560	1.92185E+19	1000260560	1.92185E+19
7.36654E+00	1000260560	3.46908E+20	1000260560	3.46908E+20
8.03761E+00	1000260560	5.01262E+20	1000260560	5.01262E+20
5.36487E-01	1000260560	2.04796E+21	1000260560	2.04796E+21
9.53199E+00	1000260560	1.77900E+21	1000260560	1.77900E+21
6.68237E+00	1000260560	2.99954E+20	1000260560	2.99954E+20
4.13054E+00	1000260560	3.37952E+20	1000260560	3.37952E+20
1.12761E+00	1000260560	1.73895E+19	1000260560	1.73895E+19
1.41762E+00	1000260560	1.12026E+21	1000260560	1.12026E+21
5.62035E+00	1000260560	1.72740E+19	1000260560	1.72740E+19
7.40527E+00	1000260560	1.92856E+21	1000260560	1.92856E+21
5.30977E+00	1000260560	3.83845E+20	1000260560	3.83845E+20
7.14502E+00	1000260560	7.00771E+20	1000260560	7.00771E+20
7.70334E+00	1000260560	3.16548E+21	1000260560	3.16548E+21
8.39837E+00	1000260560	2.21139E+19	1000260560	2.21139E+19
4.61886E+00	1000260560	2.56636E+21	1000260560	2.56636E+21
1.80678E+00	1000260560	1.66889E+19	1000260560	1.66889E+19
