#	D	ID	E	ID0	E0
#
# D             Trajectory length [1 Mpc]
# ID/ID0/ID1    Particle type (PDG MC numbering scheme)
# E/E0/E1       Energy [1 EeV]
# no index = current, 0 = at source, 1 = at point of creation
#
# CRPropa version: -128-NOTFOUND
#
2.27472E+03	1000010010	1.41963E+21	1000010010	1.41963E+21
6.14387E+03	1000010010	9.70313E+19	1000010010	9.70313E+19
3.88526E+02	1000010010	2.14982E+21	1000010010	2.14982E+21
3.97725E+02	1000010010	5.27232E+21	1000010010	5.27232E+21
9.17247E+03	1000010010	2.57420E+19	1000010010	2.57420E+19
4.92182E+03	1000010010	7.65993E+18	1000010010	7.65993E+18
4.11320E+03	1000010010	3.15225E+21	1000010010	3.15225E+21
1.69870E+02	1000010010	4.52849E+21	1000010010	4.52849E+21
6.26645E+03	1000010010	5.38512E+20	1000010010	5.38512E+20
2.55259E+03	1000010010	1.21575E+21	1000010010	1.21575E+21
8.59679E+02	1000010010	5.16726E+20	1000010010	5.16726E+20
9.88280E+03	1000010010	1.72503E+20	1000010010	1.72503E+20
2.71922E+03	1000010010	2.10574E+21	1000010010	2.10574E+21
2.61842E+03	1000010010	9.23420E+18	1000010010	9.23420E+18
2.08442E+02	1000010010	1.37954E+20	1000010010	1.37954E+20
6.99640E+03	1000010010	2.04880E+21	1000010010	2.04880E+21
8.30902E+02	1000010010	1.91120E+19	1000010010	1.91120E+19
1.53113E+03	1000010010	2.48616E+20	1000010010	2.48616E+20
4.95793E+03	1000010010	2.28471E+21	1000010010	2.28471E+21
5.61966E+03	1000010010	4.99189E+19	1000010010	4.99189E+19
2.78530E+03	1000010010	2.24941E+20	1000010010	2.24941E+20
2.94578E+03	1000010010	3.90732E+21	1000010010	3.90732E+21
5.32763E+02	1000010010	2.24185E+19	1000010010	2.24185E+19
1.53253E+03	1000010010	2.22784E+20	1000010010	2.22784E+20
1.60315E+03	1000010010	2.68388E+20	1000010010	2.68388E+20
6.59344E+03	1000010010	1.58687E+19	1000010010	1.58687E+19
3.20981E+03	1000010010	7.16938E+19	1000010010	7.16938E+19
7.09760E+03	1000010010	1.10781E+19	1000010010	1.10781E+19
1.63347E+03	1000010010	2.68643E+19	1000010010	2.68643E+19
4.16227E+03	1000010010	4.01137E+21	1000010010	4.01137E+21
4.62225E+03	1000010010	4.92817E+20	1000010010	4.92817E+20
1.79060E+03	1000010010	3.69998E+20	1000010010	3.69998E+20
2.44077E+03	1000010010	4.68067E+19	1000010010	4.68067E+19
5.20480E+03	1000010010	1.11246E+21	1000010010	1.11246E+21
2.73470E+03	1000010010	7.31100E+18	1000010010	7.31100E+18
4.13839E+02	1000010010	3.46035E+19	1000010010	3.46035E+19
2.98654E+03	1000010010	5.13712E+20	1000010010	5.13712E+20
3.90376E+03	1000010010	1.48345E+21	1000010010	1.48345E+21
6.21908E+03	1000010010	8.72278E+18	1000010010	8.72278E+18
2.47932E+02	1000010010	2.52425E+21	1000010010	2.52425E+21
5.88497E+03	1000010010	8.97762E+19	1000010010	8.97762E+19
1.86230E+03	1000010010	4.81347E+20	1000010010	4.81347E+20
3.63331E+03	1000010010	3.75007E+20	1000010010	3.75007E+20
8.82478E+02	1000010010	1.01700E+21	1000010010	1.01700E+21
3.34193E+03	1000010010	3.21248E+20	1000010010	3.21248E+20
3.14725E+02	1000010010	9.88706E+18	1000010010	9.88706E+18
4.41767E+03	1000010010	2.01425E+20	1000010010	2.01425E+20
1.52479E+03	1000010010	1.91443E+21	1000010010	1.91443E+21
2.72088E+03	1000010010	1.33766E+20	1000010010	1.33766E+20
2.68486E+03	1000010010	1.03316E+20	1000010010	1.03316E+20
3.18705E+03	1000010010	8.46829E+19	1000010010	8.46829E+19
3.42245E+03	1000010010	3.13562E+19	1000010010	3.13562E+19
1.07485E+02	1000010010	2.53792E+21	1000010010	2.53792E+21
1.48253E+03	1000010010	1.88899E+20	1000010010	1.88899E+20
4.26290E+03	1000010010	3.10445E+21	1000010010	3.10445E+21
3.11874E+02	1000010010	1.12321E+20	1000010010	1.12321E+20
5.62165E+03	1000010010	1.67158E+20	1000010010	1.67158E+20
1.85900E+03	1000010010	1.09791E+20	1000010010	1.09791E+20
2.61918E+02	1000010010	1.10732E+20	1000010010	1.10732E+20
3.06068E+03	1000010010	1.01126E+21	1000010010	1.01126E+21
5.80123E+02	1000010010	1.89976E+20	1000010010	1.89976E+20
2.83675E+03	1000010010	5.35972E+21	1000010010	5.35972E+21
3.38267E+03	1000010010	5.83488E+21	1000010010	5.83488E+21
5.65286E+03	1000010010	4.94854E+20	1000010010	4.94854E+20
5.39700E+02	1000010010	8.45579E+18	1000010010	8.45579E+18
9.83847E+02	1000010010	4.57768E+19	1000010010	4.57768E+19
2.27220E+02	1000010010	2.15597E+19	1000010010	2.15597E+19
1.94893E+03	1000010010	3.25220E+20	1000010010	3.25220E+20
3.64997E+03	1000010010	3.17033E+19	1000010010	3.17033E+19
1.16650E+02	1000010010	2.22982E+20	1000010010	2.22982E+20
6.02609E+03	1000010010	3.02808E+21	1000010010	3.02808E+21
1.43561E+03	1000010010	1.20099E+20	1000010010	1.20099E+20
4.59655E+03	1000010010	1.90073E+20	1000010010	1.90073E+20
2.27094E+03	1000010010	6.35908E+19	1000010010	6.35908E+19
2.28498E+03	1000010010	3.57696E+19	1000010010	3.57696E+19
4.30704E+03	1000010010	2.42186E+21	1000010010	2.42186E+21
8.39145E+03	1000010010	4.63632E+21	1000010010	4.63632E+21
5.76883E+03	1000010010	8.07981E+19	1000010010	8.07981E+19
3.40191E+03	1000010010	2.95168E+19	1000010010	2.95168E+19
4.96193E+03	1000010010	2.59884E+19	1000010010	2.59884E+19
2.56478E+03	1000010010	8.51377E+20	1000010010	8.51377E+20
4.44009E+03	1000010010	5.11614E+20	1000010010	5.11614E+20
1.71704E+03	1000010010	1.12743E+20	1000010010	1.12743E+20
5.23504E+03	1000010010	7.51118E+19	1000010010	7.51118E+19
1.06351E+03	1000010010	3.76616E+20	1000010010	3.76616E+20
3.03571E+03	1000010010	1.79326E+20	1000010010	1.79326E+20
2.69472E+03	1000010010	1.27618E+19	1000010010	1.27618E+19
3.57010E+03	1000010010	5.19480E+20	1000010010	5.19480E+20
4.25296E+02	1000010010	4.25273E+19	1000010010	4.25273E+19
1.50699E+03	1000010010	7.92950E+20	1000010010	7.92950E+20
7.78527E+03	1000010010	8.86757E+18	1000010010	8.86757E+18
1.62826E+03	1000010010	4.53254E+20	1000010010	4.53254E+20
8.86634E+02	1000010010	2.52577E+21	1000010010	2.52577E+21
1.25207E+02	1000010010	2.86751E+19	1000010010	2.86751E+19
7.81780E+03	1000010010	7.19966E+20	1000010010	7.19966E+20
1.48867E+03	1000010010	1.03930E+20	1000010010	1.03930E+20
2.44399E+03	1000010010	1.04849E+19	1000010010	1.04849E+19
1.49389E+03	1000010010	3.35184E+21	1000010010	3.35184E+21
1.29360E+03	1000010010	9.45377E+19	1000010010	9.45377E+19
6.16240E+03	1000010010	2.05492E+21	1000010010	2.05492E+21
4.60768E+03	1000010010	9.90363E+19	1000010010	9.90363E+19
5.68023E+03	1000010010	5.69831E+20	1000010010	5.69831E+20
3.29915E+03	1000010010	8.14841E+18	1000010010	8.14841E+18
1.04864E+03	1000010010	6.57245E+20	1000010010	6.57245E+20
2.33098E+03	1000010010	1.05174E+19	1000010010	1.05174E+19
2.15795E+03	1000010010	8.52205E+19	1000010010	8.52205E+19
1.63588E+03	1000010010	1.00610E+20	1000010010	1.00610E+20
3.49929E+03	1000010010	2.51500E+21	1000010010	2.51500E+21
7.21694E+03	1000010010	7.26037E+18	1000010010	7.26037E+18
7.20687E+03	1000010010	2.60248E+19	1000010010	2.60248E+19
7.50400E+03	1000010010	3.98505E+19	1000010010	3.98505E+19
6.75981E+03	1000010010	3.68793E+21	1000010010	3.68793E+21
2.31393E+03	1000010010	1.45247E+19	1000010010	1.45247E+19
2.54383E+03	1000010010	2.84917E+20	1000010010	2.84917E+20
6.62373E+03	1000010010	1.20288E+19	1000010010	1.20288E+19
6.05117E+02	1000010010	1.32016E+20	1000010010	1.32016E+20
4.39085E+03	1000010010	1.15044E+20	1000010010	1.15044E+20
2.61540E+03	1000010010	1.93226E+21	1000010010	1.93226E+21
4.56618E+03	1000010010	1.66715E+20	1000010010	1.66715E+20
3.18808E+03	1000010010	2.28469E+21	1000010010	2.28469E+21
1.00109E+02	1000010010	1.30793E+20	1000010010	1.30793E+20
6.05755E+03	1000010010	4.03567E+20	1000010010	4.03567E+20
9.46407E+03	1000010010	4.12347E+21	1000010010	4.12347E+21
9.25378E+03	1000010010	9.03283E+19	1000010010	9.03283E+19
3.93403E+03	1000010010	1.77617E+20	1000010010	1.77617E+20
3.40796E+03	1000010010	1.44812E+21	1000010010	1.44812E+21
9.61161E+03	1000010010	6.07129E+20	1000010010	6.07129E+20
6.44058E+03	1000010010	1.42152E+19	1000010010	1.42152E+19
1.99939E+02	1000010010	3.59230E+19	1000010010	3.59230E+19
1.42938E+03	1000010010	7.03363E+19	1000010010	7.03363E+19
3.64460E+03	1000010010	1.84987E+20	1000010010	1.84987E+20
7.00709E+03	1000010010	2.46092E+20	1000010010	2.46092E+20
1.12590E+03	1000010010	8.71222E+20	1000010010	8.71222E+20
1.14710E+02	1000010010	1.57306E+21	1000010010	1.57306E+21
1.39297E+02	1000010010	5.37407E+19	1000010010	5.37407E+19
5.91806E+03	1000010010	8.12113E+20	1000010010	8.12113E+20
6.29723E+03	1000010010	4.81883E+21	1000010010	4.81883E+21
4.75020E+03	1000010010	1.21577E+19	1000010010	1.21577E+19
3.50668E+02	1000010010	3.37249E+19	1000010010	3.37249E+19
4.05980E+03	1000010010	2.05329E+21	1000010010	2.05329E+21
3.13052E+02	1000010010	1.20280E+19	1000010010	1.20280E+19
5.52735E+03	1000010010	4.42183E+21	1000010010	4.42183E+21
1.71521E+03	1000010010	1.91252E+19	1000010010	1.91252E+19
2.65254E+03	1000010010	2.37296E+20	1000010010	2.37296E+20
5.36703E+03	1000010010	5.27676E+19	1000010010	5.27676E+19
2.13714E+02	1000010010	1.09442E+21	1000010010	1.09442E+21
9.85942E+03	1000010010	1.49200E+21	1000010010	1.49200E+21
1.01006E+03	1000010010	2.74542E+19	1000010010	2.74542E+19
3.08615E+03	1000010010	4.44638E+21	1000010010	4.44638E+21
5.08475E+03	1000010010	6.36744E+19	1000010010	6.36744E+19
6.21871E+03	1000010010	2.75201E+19	1000010010	2.75201E+19
2.44393E+03	1000010010	7.17125E+18	1000010010	7.17125E+18
1.37182E+03	1000010010	6.24758E+18	1000010010	6.24758E+18
8.08659E+03	1000010010	4.47530E+21	1000010010	4.47530E+21
2.93478E+03	1000010010	1.82040E+21	1000010010	1.82040E+21
1.30922E+03	1000010010	2.95456E+20	1000010010	2.95456E+20
5.55486E+02	1000010010	5.09499E+20	1000010010	5.09499E+20
3.72463E+03	1000010010	1.34189E+19	1000010010	1.34189E+19
1.05839E+03	1000010010	8.33609E+18	1000010010	8.33609E+18
5.30785E+03	1000010010	3.00402E+19	1000010010	3.00402E+19
3.44277E+03	1000010010	3.97452E+20	1000010010	3.97452E+20
3.95793E+03	1000010010	1.78695E+21	1000010010	1.78695E+21
3.70725E+03	1000010010	1.62221E+19	1000010010	1.62221E+19
2.77072E+03	1000010010	4.67615E+21	1000010010	4.67615E+21
2.60957E+03	1000010010	2.11948E+19	1000010010	2.11948E+19
3.45782E+03	1000010010	2.03221E+21	1000010010	2.03221E+21
8.69081E+03	1000010010	1.68447E+21	1000010010	1.68447E+21
2.11381E+03	1000010010	5.46648E+21	1000010010	5.46648E+21
3.22366E+03	1000010010	3.86900E+19	1000010010	3.86900E+19
6.79915E+03	1000010010	1.93181E+21	1000010010	1.93181E+21
7.59084E+03	1000010010	1.04231E+20	1000010010	1.04231E+20
1.58821E+02	1000010010	3.98743E+20	1000010010	3.98743E+20
4.96228E+03	1000010010	9.68772E+19	1000010010	9.68772E+19
6.34754E+02	1000010010	8.41985E+19	1000010010	8.41985E+19
7.72194E+03	1000010010	8.80231E+20	1000010010	8.80231E+20
3.33322E+03	1000010010	1.09439E+21	1000010010	1.09439E+21
4.03941E+03	1000010010	2.85873E+21	1000010010	2.85873E+21
2.18217E+03	1000010010	1.17475E+19	1000010010	1.17475E+19
4.73687E+03	1000010010	7.19112E+19	1000010010	7.19112E+19
1.91494E+03	1000010010	1.51520E+21	1000010010	1.51520E+21
2.14030E+03	1000010010	1.82977E+19	1000010010	1.82977E+19
2.38926E+03	1000010010	1.51536E+21	1000010010	1.51536E+21
5.68296E+03	1000010010	1.89030E+21	1000010010	1.89030E+21
1.77328E+03	1000010010	2.11127E+21	1000010010	2.11127E+21
3.75968E+03	1000010010	5.70000E+20	1000010010	5.70000E+20
1.63497E+02	1000010010	8.01777E+18	1000010010	8.01777E+18
4.54708E+03	1000010010	6.51306E+19	1000010010	6.51306E+19
9.18043E+03	1000010010	5.41387E+21	1000010010	5.41387E+21
2.79739E+03	1000010010	5.70445E+21	1000010010	5.70445E+21
1.04666E+03	1000010010	8.71343E+19	1000010010	8.71343E+19
4.81129E+02	1000010010	3.47456E+19	1000010010	3.47456E+19
3.34591E+03	1000010010	1.49792E+20	1000010010	1.49792E+20
7.72177E+03	1000010010	6.50929E+18	1000010010	6.50929E+18
4.07260E+03	1000010010	4.95783E+19	1000010010	4.95783E+19
1.75403E+03	1000010010	1.05970E+19	1000010010	1.05970E+19
1.27177E+03	1000010010	5.69670E+21	1000010010	5.69670E+21
7.15339E+02	1000010010	3.51723E+21	1000010010	3.51723E+21
1.47057E+03	1000010010	3.34725E+21	1000010010	3.34725E+21
4.59682E+03	1000010010	3.24239E+20	1000010010	3.24239E+20
1.27060E+03	1000010010	6.59190E+20	1000010010	6.59190E+20
1.69408E+03	1000010010	4.29896E+19	1000010010	4.29896E+19
1.02065E+03	1000010010	3.00216E+19	1000010010	3.00216E+19
6.07311E+03	1000010010	4.79133E+20	1000010010	4.79133E+20
1.04133E+03	1000010010	5.67710E+20	1000010010	5.67710E+20
5.37602E+03	1000010010	4.59385E+21	1000010010	4.59385E+21
4.38592E+03	1000010010	3.72366E+19	1000010010	3.72366E+19
1.55190E+03	1000010010	5.58362E+19	1000010010	5.58362E+19
1.76357E+03	1000010010	3.48384E+21	1000010010	3.48384E+21
2.00382E+03	1000010010	3.97245E+19	1000010010	3.97245E+19
2.52372E+03	1000010010	4.47671E+20	1000010010	4.47671E+20
8.37219E+03	1000010010	1.85263E+19	1000010010	1.85263E+19
3.14179E+03	1000010010	6.28980E+18	1000010010	6.28980E+18
2.69336E+03	1000010010	2.92602E+21	1000010010	2.92602E+21
2.25839E+03	1000010010	1.76587E+20	1000010010	1.76587E+20
1.84527E+03	1000010010	9.09678E+19	1000010010	9.09678E+19
3.37290E+02	1000010010	3.82770E+19	1000010010	3.82770E+19
4.78135E+03	1000010010	6.96503E+19	1000010010	6.96503E+19
2.90030E+03	1000010010	6.18651E+19	1000010010	6.18651E+19
7.05805E+03	1000010010	5.00430E+20	1000010010	5.00430E+20
8.69044E+02	1000010010	6.04183E+19	1000010010	6.04183E+19
4.32914E+03	1000010010	6.66929E+20	1000010010	6.66929E+20
4.60858E+03	1000010010	7.00319E+19	1000010010	7.00319E+19
2.58051E+02	1000010010	5.41094E+19	1000010010	5.41094E+19
8.94614E+02	1000010010	1.39146E+20	1000010010	1.39146E+20
5.61883E+03	1000010010	2.88617E+20	1000010010	2.88617E+20
3.31292E+03	1000010010	9.59932E+19	1000010010	9.59932E+19
6.27763E+03	1000010010	8.55394E+20	1000010010	8.55394E+20
3.27677E+03	1000010010	1.54819E+19	1000010010	1.54819E+19
5.52935E+03	1000010010	1.18328E+19	1000010010	1.18328E+19
2.66074E+03	1000010010	1.94979E+19	1000010010	1.94979E+19
6.50817E+03	1000010010	5.17712E+20	1000010010	5.17712E+20
3.98770E+03	1000010010	3.96156E+21	1000010010	3.96156E+21
1.30621E+03	1000010010	5.81485E+20	1000010010	5.81485E+20
7.74696E+02	1000010010	3.02195E+19	1000010010	3.02195E+19
4.04584E+03	1000010010	2.69943E+20	1000010010	2.69943E+20
3.31047E+03	1000010010	1.15120E+19	1000010010	1.15120E+19
1.77727E+03	1000010010	3.43801E+21	1000010010	3.43801E+21
2.69926E+03	1000010010	2.32163E+19	1000010010	2.32163E+19
1.11326E+03	1000010010	1.41223E+20	1000010010	1.41223E+20
1.97558E+03	1000010010	4.94532E+21	1000010010	4.94532E+21
5.41451E+03	1000010010	1.98957E+20	1000010010	1.98957E+20
6.32420E+03	1000010010	1.84525E+20	1000010010	1.84525E+20
1.33627E+03	1000010010	6.59465E+18	1000010010	6.59465E+18
4.48222E+03	1000010010	1.12770E+19	1000010010	1.12770E+19
4.99507E+03	1000010010	6.65233E+20	1000010010	6.65233E+20
4.20289E+03	1000010010	4.34796E+19	1000010010	4.34796E+19
1.49443E+03	1000010010	1.62197E+19	1000010010	1.62197E+19
5.33876E+03	1000010010	4.79670E+20	1000010010	4.79670E+20
7.27689E+02	1000010010	8.36772E+18	1000010010	8.36772E+18
3.22950E+02	1000010010	3.81905E+20	1000010010	3.81905E+20
3.38052E+03	1000010010	7.05351E+18	1000010010	7.05351E+18
8.27184E+03	1000010010	2.40257E+19	1000010010	2.40257E+19
5.85709E+03	1000010010	1.02772E+20	1000010010	1.02772E+20
9.25835E+02	1000010010	9.87025E+20	1000010010	9.87025E+20
1.74408E+03	1000010010	1.10085E+19	1000010010	1.10085E+19
4.97833E+03	1000010010	8.73503E+20	1000010010	8.73503E+20
6.71586E+03	1000010010	3.94825E+20	1000010010	3.94825E+20
1.03613E+03	1000010010	7.52475E+19	1000010010	7.52475E+19
1.21580E+03	1000010010	9.73719E+20	1000010010	9.73719E+20
4.52137E+03	1000010010	1.34140E+21	1000010010	1.34140E+21
3.48985E+03	1000010010	1.13180E+20	1000010010	1.13180E+20
3.66781E+02	1000010010	4.76258E+21	1000010010	4.76258E+21
2.46942E+03	1000010010	4.97301E+21	1000010010	4.97301E+21
4.64640E+03	1000010010	5.98012E+19	1000010010	5.98012E+19
3.60678E+03	1000010010	8.16427E+19	1000010010	8.16427E+19
7.65218E+03	1000010010	2.97833E+20	1000010010	2.97833E+20
5.55901E+03	1000010010	4.25119E+21	1000010010	4.25119E+21
3.12505E+03	1000010010	3.98959E+21	1000010010	3.98959E+21
4.48611E+02	1000010010	2.76340E+21	1000010010	2.76340E+21
8.90330E+03	1000010010	5.73154E+21	1000010010	5.73154E+21
2.89735E+02	1000010010	1.21813E+21	1000010010	1.21813E+21
5.60895E+03	1000010010	1.40280E+19	1000010010	1.40280E+19
9.98003E+03	1000010010	1.87560E+19	1000010010	1.87560E+19
4.63872E+03	1000010010	5.65794E+21	1000010010	5.65794E+21
4.06237E+03	1000010010	1.64965E+20	1000010010	1.64965E+20
5.44440E+03	1000010010	3.09239E+21	1000010010	3.09239E+21
2.01740E+02	1000010010	1.95559E+20	1000010010	1.95559E+20
9.58392E+02	1000010010	1.80604E+21	1000010010	1.80604E+21
1.17252E+03	1000010010	2.14691E+19	1000010010	2.14691E+19
1.65198E+03	1000010010	3.83245E+21	1000010010	3.83245E+21
1.62661E+03	1000010010	3.30789E+21	1000010010	3.30789E+21
4.23501E+03	1000010010	2.34747E+21	1000010010	2.34747E+21
8.26992E+02	1000010010	1.54985E+19	1000010010	1.54985E+19
3.85137E+03	1000010010	3.29085E+19	1000010010	3.29085E+19
2.06346E+03	1000010010	5.81820E+19	1000010010	5.81820E+19
6.04839E+03	1000010010	6.08913E+20	1000010010	6.08913E+20
6.62060E+03	1000010010	3.48180E+21	1000010010	3.48180E+21
4.12945E+03	1000010010	3.40135E+20	1000010010	3.40135E+20
4.66583E+03	1000010010	4.96633E+21	1000010010	4.96633E+21
1.61610E+03	1000010010	1.90518E+19	1000010010	1.90518E+19
4.13854E+03	1000010010	4.25468E+21	1000010010	4.25468E+21
1.04534E+03	1000010010	4.19318E+20	1000010010	4.19318E+20
4.34119E+03	1000010010	3.18660E+19	1000010010	3.18660E+19
5.97598E+03	1000010010	5.24393E+20	1000010010	5.24393E+20
2.16277E+03	1000010010	2.60183E+21	1000010010	2.60183E+21
4.98329E+03	1000010010	1.08474E+21	1000010010	1.08474E+21
4.46573E+03	1000010010	1.65883E+21	1000010010	1.65883E+21
2.66897E+03	1000010010	4.46892E+20	1000010010	4.46892E+20
1.50417E+03	1000010010	1.79103E+19	1000010010	1.79103E+19
3.76561E+03	1000010010	1.15198E+19	1000010010	1.15198E+19
6.05746E+03	1000010010	1.42347E+20	1000010010	1.42347E+20
3.56701E+03	1000010010	7.07773E+19	1000010010	7.07773E+19
3.05125E+02	1000010010	3.20503E+20	1000010010	3.20503E+20
2.47955E+03	1000010010	1.31146E+20	1000010010	1.31146E+20
5.76231E+03	1000010010	2.38900E+20	1000010010	2.38900E+20
5.08563E+03	1000010010	5.37695E+19	1000010010	5.37695E+19
9.80298E+03	1000010010	1.11126E+21	1000010010	1.11126E+21
2.61498E+03	1000010010	1.74751E+21	1000010010	1.74751E+21
6.44227E+02	1000010010	2.72222E+20	1000010010	2.72222E+20
8.30126E+02	1000010010	4.64607E+21	1000010010	4.64607E+21
4.86047E+03	1000010010	3.79042E+19	1000010010	3.79042E+19
7.56245E+02	1000010010	1.84658E+20	1000010010	1.84658E+20
1.75524E+02	1000010010	4.68464E+19	1000010010	4.68464E+19
6.79547E+03	1000010010	2.03404E+19	1000010010	2.03404E+19
7.87854E+03	1000010010	3.24787E+19	1000010010	3.24787E+19
1.44754E+03	1000010010	9.45848E+18	1000010010	9.45848E+18
5.90379E+03	1000010010	9.34820E+19	1000010010	9.34820E+19
6.03573E+03	1000010010	4.03037E+20	1000010010	4.03037E+20
2.31384E+03	1000010010	6.20538E+21	1000010010	6.20538E+21
1.07696E+03	1000010010	1.58784E+19	1000010010	1.58784E+19
7.52656E+02	1000010010	8.97131E+19	1000010010	8.97131E+19
3.63192E+03	1000010010	2.29534E+21	1000010010	2.29534E+21
1.38701E+03	1000010010	5.64845E+20	1000010010	5.64845E+20
6.48240E+03	1000010010	3.89159E+19	1000010010	3.89159E+19
1.86305E+03	1000010010	1.24858E+19	1000010010	1.24858E+19
1.28513E+03	1000010010	2.80881E+21	1000010010	2.80881E+21
3.69305E+02	1000010010	8.69146E+19	1000010010	8.69146E+19
4.36737E+03	1000010010	1.91755E+21	1000010010	1.91755E+21
7.13691E+02	1000010010	1.14689E+20	1000010010	1.14689E+20
2.77758E+02	1000010010	4.33149E+19	1000010010	4.33149E+19
1.08998E+03	1000010010	3.94684E+20	1000010010	3.94684E+20
8.18222E+03	1000010010	4.58864E+20	1000010010	4.58864E+20
2.95702E+02	1000010010	1.44341E+20	1000010010	1.44341E+20
7.13593E+03	1000010010	4.67854E+19	1000010010	4.67854E+19
1.69365E+03	1000010010	3.60642E+21	1000010010	3.60642E+21
3.53411E+03	1000010010	9.48034E+20	1000010010	9.48034E+20
4.23402E+03	1000010010	7.26748E+20	1000010010	7.26748E+20
1.05059E+03	1000010010	2.85303E+19	1000010010	2.85303E+19
4.61122E+03	1000010010	1.81648E+21	1000010010	1.81648E+21
6.08591E+03	1000010010	4.16061E+19	1000010010	4.16061E+19
2.12138E+02	1000010010	1.49325E+21	1000010010	1.49325E+21
5.59947E+03	1000010010	2.23184E+20	1000010010	2.23184E+20
7.95264E+03	1000010010	1.25371E+19	1000010010	1.25371E+19
3.15385E+03	1000010010	2.27115E+21	1000010010	2.27115E+21
5.43260E+03	1000010010	2.50911E+19	1000010010	2.50911E+19
5.81244E+03	1000010010	1.55585E+21	1000010010	1.55585E+21
3.85410E+03	1000010010	1.06167E+20	1000010010	1.06167E+20
2.06722E+03	1000010010	2.94500E+21	1000010010	2.94500E+21
1.91210E+03	1000010010	1.28644E+21	1000010010	1.28644E+21
5.88405E+03	1000010010	1.21263E+20	1000010010	1.21263E+20
2.82430E+03	1000010010	8.62114E+20	1000010010	8.62114E+20
5.07273E+03	1000010010	2.87068E+21	1000010010	2.87068E+21
9.56880E+02	1000010010	1.13114E+21	1000010010	1.13114E+21
4.47896E+02	1000010010	3.29002E+21	1000010010	3.29002E+21
1.38339E+03	1000010010	2.32692E+20	1000010010	2.32692E+20
1.25553E+03	1000010010	1.13247E+20	1000010010	1.13247E+20
5.26992E+03	1000010010	4.14995E+19	1000010010	4.14995E+19
1.26245E+02	1000010010	9.67405E+20	1000010010	9.67405E+20
9.69457E+02	1000010010	2.02499E+20	1000010010	2.02499E+20
1.65904E+03	1000010010	4.34015E+20	1000010010	4.34015E+20
7.31458E+02	1000010010	6.76217E+20	1000010010	6.76217E+20
1.97116E+03	1000010010	1.21447E+20	1000010010	1.21447E+20
1.22406E+03	1000010010	7.53314E+19	1000010010	7.53314E+19
2.05581E+03	1000010010	6.89076E+18	1000010010	6.89076E+18
3.22936E+03	1000010010	9.76595E+18	1000010010	9.76595E+18
1.68719E+03	1000010010	1.35884E+21	1000010010	1.35884E+21
2.45883E+03	1000010010	1.96811E+19	1000010010	1.96811E+19
2.19348E+03	1000010010	1.58353E+20	1000010010	1.58353E+20
4.17479E+03	1000010010	1.03869E+19	1000010010	1.03869E+19
1.80850E+03	1000010010	8.18857E+20	1000010010	8.18857E+20
9.27360E+03	1000010010	2.10685E+19	1000010010	2.10685E+19
7.16805E+02	1000010010	1.50679E+19	1000010010	1.50679E+19
5.06936E+03	1000010010	2.36841E+21	1000010010	2.36841E+21
5.26466E+02	1000010010	3.95279E+19	1000010010	3.95279E+19
8.80598E+03	1000010010	1.65933E+20	1000010010	1.65933E+20
5.92717E+03	1000010010	4.14762E+21	1000010010	4.14762E+21
6.77123E+03	1000010010	1.65330E+21	1000010010	1.65330E+21
5.13751E+02	1000010010	5.23949E+21	1000010010	5.23949E+21
3.54206E+03	1000010010	2.60714E+21	1000010010	2.60714E+21
6.58288E+02	1000010010	2.04359E+19	1000010010	2.04359E+19
6.23012E+02	1000010010	1.85414E+21	1000010010	1.85414E+21
4.37225E+03	1000010010	3.14641E+19	1000010010	3.14641E+19
4.33931E+02	1000010010	3.21141E+19	1000010010	3.21141E+19
2.26352E+03	1000010010	2.64557E+21	1000010010	2.64557E+21
2.52356E+03	1000010010	1.76030E+21	1000010010	1.76030E+21
4.28881E+03	1000010010	7.84056E+20	1000010010	7.84056E+20
3.00629E+03	1000010010	1.63272E+20	1000010010	1.63272E+20
3.26630E+03	1000010010	3.11337E+19	1000010010	3.11337E+19
1.47113E+03	1000010010	4.97770E+20	1000010010	4.97770E+20
1.19816E+03	1000010010	7.43701E+20	1000010010	7.43701E+20
8.05586E+02	1000010010	2.07408E+20	1000010010	2.07408E+20
1.38447E+03	1000010010	9.11215E+18	1000010010	9.11215E+18
9.62669E+02	1000010010	3.92222E+20	1000010010	3.92222E+20
2.26542E+03	1000010010	5.01206E+20	1000010010	5.01206E+20
8.34092E+03	1000010010	7.17467E+18	1000010010	7.17467E+18
1.29593E+02	1000010010	1.62618E+20	1000010010	1.62618E+20
9.27578E+03	1000010010	3.30309E+21	1000010010	3.30309E+21
3.05998E+03	1000010010	9.06269E+18	1000010010	9.06269E+18
2.36968E+02	1000010010	2.26197E+19	1000010010	2.26197E+19
3.71082E+03	1000010010	1.23342E+20	1000010010	1.23342E+20
2.11474E+03	1000010010	1.09349E+21	1000010010	1.09349E+21
3.67312E+03	1000010010	7.89180E+19	1000010010	7.89180E+19
1.23194E+03	1000010010	9.78881E+19	1000010010	9.78881E+19
7.19447E+03	1000010010	1.26042E+20	1000010010	1.26042E+20
2.44729E+03	1000010010	4.16482E+20	1000010010	4.16482E+20
4.60329E+03	1000010010	1.03083E+19	1000010010	1.03083E+19
2.27157E+03	1000010010	2.51098E+21	1000010010	2.51098E+21
4.46389E+03	1000010010	9.42318E+18	1000010010	9.42318E+18
1.51242E+03	1000010010	2.99281E+20	1000010010	2.99281E+20
6.72488E+03	1000010010	5.77651E+21	1000010010	5.77651E+21
6.97860E+03	1000010010	1.61986E+20	1000010010	1.61986E+20
2.39780E+03	1000010010	3.19807E+20	1000010010	3.19807E+20
6.00416E+03	1000010010	6.83726E+19	1000010010	6.83726E+19
3.20682E+03	1000010010	1.14744E+20	1000010010	1.14744E+20
8.12870E+03	1000010010	6.08288E+19	1000010010	6.08288E+19
5.41270E+03	1000010010	1.33209E+19	1000010010	1.33209E+19
3.72904E+03	1000010010	3.95014E+19	1000010010	3.95014E+19
1.46610E+03	1000010010	7.51935E+18	1000010010	7.51935E+18
1.47272E+03	1000010010	2.17106E+20	1000010010	2.17106E+20
1.35650E+03	1000010010	1.70551E+20	1000010010	1.70551E+20
4.45742E+03	1000010010	1.27906E+21	1000010010	1.27906E+21
1.65339E+03	1000010010	3.31724E+19	1000010010	3.31724E+19
4.38109E+03	1000010010	5.80911E+20	1000010010	5.80911E+20
6.09684E+03	1000010010	6.82601E+19	1000010010	6.82601E+19
3.04335E+03	1000010010	1.62037E+19	1000010010	1.62037E+19
9.87280E+02	1000010010	3.95437E+21	1000010010	3.95437E+21
8.74992E+03	1000010010	1.71691E+21	1000010010	1.71691E+21
2.87496E+03	1000010010	4.71250E+20	1000010010	4.71250E+20
2.19155E+03	1000010010	7.54301E+19	1000010010	7.54301E+19
1.04520E+02	1000010010	1.74585E+19	1000010010	1.74585E+19
7.20628E+03	1000010010	5.17366E+21	1000010010	5.17366E+21
3.31857E+03	1000010010	4.36126E+19	1000010010	4.36126E+19
1.00627E+03	1000010010	3.09616E+19	1000010010	3.09616E+19
4.68366E+03	1000010010	2.43323E+21	1000010010	2.43323E+21
3.28687E+02	1000010010	1.17744E+19	1000010010	1.17744E+19
1.06010E+03	1000010010	8.36843E+19	1000010010	8.36843E+19
2.87018E+03	1000010010	2.50009E+20	1000010010	2.50009E+20
4.42586E+03	1000010010	7.97547E+20	1000010010	7.97547E+20
1.29889E+03	1000010010	5.32779E+20	1000010010	5.32779E+20
6.57740E+03	1000010010	6.53290E+20	1000010010	6.53290E+20
2.00747E+03	1000010010	5.11508E+21	1000010010	5.11508E+21
2.20675E+03	1000010010	7.98071E+20	1000010010	7.98071E+20
3.65968E+02	1000010010	1.28020E+20	1000010010	1.28020E+20
1.22104E+03	1000010010	7.40953E+18	1000010010	7.40953E+18
8.46226E+03	1000010010	1.05854E+19	1000010010	1.05854E+19
4.19692E+03	1000010010	1.29028E+19	1000010010	1.29028E+19
6.59005E+03	1000010010	1.28747E+19	1000010010	1.28747E+19
2.74269E+03	1000010010	2.84066E+19	1000010010	2.84066E+19
2.01717E+03	1000010010	1.11443E+21	1000010010	1.11443E+21
1.59931E+03	1000010010	5.65277E+21	1000010010	5.65277E+21
5.57070E+03	1000010010	2.46157E+21	1000010010	2.46157E+21
7.06622E+02	1000010010	1.79098E+21	1000010010	1.79098E+21
1.42303E+03	1000010010	5.00188E+21	1000010010	5.00188E+21
8.70375E+03	1000010010	1.94631E+21	1000010010	1.94631E+21
4.84442E+03	1000010010	1.95763E+20	1000010010	1.95763E+20
6.59935E+03	1000010010	2.23439E+21	1000010010	2.23439E+21
4.22826E+02	1000010010	3.04899E+19	1000010010	3.04899E+19
2.46700E+03	1000010010	3.27953E+20	1000010010	3.27953E+20
3.07296E+02	1000010010	1.93596E+21	1000010010	1.93596E+21
2.25735E+03	1000010010	1.20755E+21	1000010010	1.20755E+21
6.16262E+02	1000010010	1.05190E+21	1000010010	1.05190E+21
4.33869E+03	1000010010	3.67874E+21	1000010010	3.67874E+21
7.07220E+03	1000010010	8.69419E+18	1000010010	8.69419E+18
1.78800E+03	1000010010	2.61948E+20	1000010010	2.61948E+20
4.90516E+02	1000010010	1.26427E+20	1000010010	1.26427E+20
3.08154E+03	1000010010	1.95642E+21	1000010010	1.95642E+21
7.72276E+02	1000010010	8.59049E+19	1000010010	8.59049E+19
4.65461E+02	1000010010	2.64939E+21	1000010010	2.64939E+21
4.70306E+03	1000010010	2.23597E+19	1000010010	2.23597E+19
5.82275E+03	1000010010	2.42431E+20	1000010010	2.42431E+20
3.74768E+03	1000010010	1.47152E+21	1000010010	1.47152E+21
2.75345E+03	1000010010	1.87994E+19	1000010010	1.87994E+19
1.14904E+03	1000010010	5.54830E+19	1000010010	5.54830E+19
5.77778E+02	1000010010	3.86308E+21	1000010010	3.86308E+21
4.50205E+03	1000010010	9.66657E+19	1000010010	9.66657E+19
4.40864E+03	1000010010	4.02207E+21	1000010010	4.02207E+21
3.08236E+02	1000010010	1.53711E+19	1000010010	1.53711E+19
4.30264E+03	1000010010	2.27713E+21	1000010010	2.27713E+21
3.93277E+03	1000010010	7.62720E+18	1000010010	7.62720E+18
5.62393E+03	1000010010	3.29596E+20	1000010010	3.29596E+20
4.38231E+02	1000010010	1.23712E+19	1000010010	1.23712E+19
1.52735E+02	1000010010	1.36494E+21	1000010010	1.36494E+21
2.50672E+03	1000010010	2.38342E+20	1000010010	2.38342E+20
5.55656E+03	1000010010	1.86656E+21	1000010010	1.86656E+21
1.10767E+03	1000010010	5.46759E+20	1000010010	5.46759E+20
4.90964E+03	1000010010	7.90300E+18	1000010010	7.90300E+18
2.70959E+03	1000010010	3.98754E+20	1000010010	3.98754E+20
1.72874E+03	1000010010	5.03628E+20	1000010010	5.03628E+20
1.76837E+03	1000010010	1.33147E+21	1000010010	1.33147E+21
2.24312E+03	1000010010	2.15554E+20	1000010010	2.15554E+20
1.68931E+03	1000010010	2.08573E+19	1000010010	2.08573E+19
1.74141E+03	1000010010	1.21548E+21	1000010010	1.21548E+21
3.39762E+03	1000010010	1.16459E+21	1000010010	1.16459E+21
8.16523E+03	1000010010	1.15336E+20	1000010010	1.15336E+20
2.28779E+03	1000010010	4.16764E+20	1000010010	4.16764E+20
1.65596E+03	1000010010	1.63455E+19	1000010010	1.63455E+19
1.69077E+03	1000010010	4.74898E+19	1000010010	4.74898E+19
6.58654E+03	1000010010	5.98821E+21	1000010010	5.98821E+21
5.17347E+02	1000010010	3.24112E+19	1000010010	3.24112E+19
7.41901E+02	1000010010	5.11446E+19	1000010010	5.11446E+19
4.18610E+02	1000010010	2.41370E+20	1000010010	2.41370E+20
1.96051E+03	1000010010	9.61833E+19	1000010010	9.61833E+19
4.49206E+03	1000010010	1.09493E+19	1000010010	1.09493E+19
2.41968E+03	1000010010	2.00692E+19	1000010010	2.00692E+19
4.61451E+03	1000010010	1.74537E+21	1000010010	1.74537E+21
1.17741E+03	1000010010	1.22966E+21	1000010010	1.22966E+21
4.33676E+03	1000010010	8.76035E+20	1000010010	8.76035E+20
3.10224E+03	1000010010	5.39065E+19	1000010010	5.39065E+19
2.73454E+03	1000010010	2.00631E+19	1000010010	2.00631E+19
2.00440E+03	1000010010	1.22478E+21	1000010010	1.22478E+21
6.70088E+03	1000010010	2.49282E+19	1000010010	2.49282E+19
1.19940E+03	1000010010	1.32781E+21	1000010010	1.32781E+21
4.89595E+03	1000010010	1.57036E+20	1000010010	1.57036E+20
3.68050E+03	1000010010	3.75163E+20	1000010010	3.75163E+20
9.04009E+03	1000010010	6.63282E+18	1000010010	6.63282E+18
8.93824E+03	1000010010	1.28492E+21	1000010010	1.28492E+21
5.48821E+03	1000010010	6.51629E+19	1000010010	6.51629E+19
1.95202E+02	1000010010	2.69642E+20	1000010010	2.69642E+20
2.51126E+03	1000010010	1.11145E+19	1000010010	1.11145E+19
1.68309E+03	1000010010	3.59757E+19	1000010010	3.59757E+19
2.09927E+03	1000010010	2.24544E+21	1000010010	2.24544E+21
6.73652E+03	1000010010	3.03799E+19	1000010010	3.03799E+19
3.21754E+03	1000010010	1.97561E+20	1000010010	1.97561E+20
2.81292E+03	1000010010	5.91448E+21	1000010010	5.91448E+21
6.77019E+02	1000010010	2.18291E+20	1000010010	2.18291E+20
7.18622E+03	1000010010	1.40643E+19	1000010010	1.40643E+19
2.11447E+02	1000010010	9.73867E+20	1000010010	9.73867E+20
4.16954E+03	1000010010	1.43210E+20	1000010010	1.43210E+20
6.82548E+03	1000010010	1.14162E+21	1000010010	1.14162E+21
9.69891E+03	1000010010	3.95889E+21	1000010010	3.95889E+21
4.72321E+03	1000010010	4.35995E+19	1000010010	4.35995E+19
3.86987E+03	1000010010	1.53910E+20	1000010010	1.53910E+20
2.06701E+03	1000010010	5.12939E+19	1000010010	5.12939E+19
7.31620E+03	1000010010	1.32301E+19	1000010010	1.32301E+19
2.03227E+03	1000010010	3.85064E+20	1000010010	3.85064E+20
1.40604E+03	1000010010	6.98718E+19	1000010010	6.98718E+19
5.15275E+03	1000010010	2.15738E+20	1000010010	2.15738E+20
6.05253E+03	1000010010	2.37691E+21	1000010010	2.37691E+21
3.36581E+03	1000010010	3.76080E+20	1000010010	3.76080E+20
4.87863E+02	1000010010	1.18483E+20	1000010010	1.18483E+20
8.73894E+02	1000010010	1.60319E+21	1000010010	1.60319E+21
2.00855E+03	1000010010	1.21183E+19	1000010010	1.21183E+19
3.01472E+03	1000010010	1.44977E+21	1000010010	1.44977E+21
6.36392E+03	1000010010	1.68229E+19	1000010010	1.68229E+19
3.91143E+03	1000010010	2.19112E+19	1000010010	2.19112E+19
6.20026E+03	1000010010	2.85683E+19	1000010010	2.85683E+19
6.32774E+03	1000010010	1.09438E+21	1000010010	1.09438E+21
8.02340E+03	1000010010	5.04775E+19	1000010010	5.04775E+19
6.23859E+03	1000010010	3.30443E+21	1000010010	3.30443E+21
6.20424E+03	1000010010	3.47410E+20	1000010010	3.47410E+20
1.64169E+03	1000010010	1.60938E+19	1000010010	1.60938E+19
2.89885E+03	1000010010	3.93334E+20	1000010010	3.93334E+20
6.01876E+03	1000010010	8.27381E+18	1000010010	8.27381E+18
5.97121E+02	1000010010	3.02798E+20	1000010010	3.02798E+20
1.11923E+03	1000010010	2.76925E+21	1000010010	2.76925E+21
2.22434E+03	1000010010	1.10684E+20	1000010010	1.10684E+20
6.13407E+03	1000010010	1.04080E+21	1000010010	1.04080E+21
2.89946E+02	1000010010	7.12153E+19	1000010010	7.12153E+19
2.46251E+03	1000010010	1.00324E+20	1000010010	1.00324E+20
7.32226E+02	1000010010	3.01825E+19	1000010010	3.01825E+19
2.52478E+03	1000010010	1.75847E+21	1000010010	1.75847E+21
1.21017E+03	1000010010	7.37892E+18	1000010010	7.37892E+18
2.52409E+03	1000010010	5.77333E+19	1000010010	5.77333E+19
1.92034E+03	1000010010	1.78229E+20	1000010010	1.78229E+20
5.95691E+03	1000010010	6.52728E+20	1000010010	6.52728E+20
1.73534E+03	1000010010	1.14851E+21	1000010010	1.14851E+21
5.58897E+03	1000010010	2.19159E+21	1000010010	2.19159E+21
4.17375E+03	1000010010	6.10065E+21	1000010010	6.10065E+21
4.13527E+03	1000010010	2.50831E+20	1000010010	2.50831E+20
5.11668E+03	1000010010	1.22961E+20	1000010010	1.22961E+20
4.06940E+03	1000010010	7.96147E+18	1000010010	7.96147E+18
6.01973E+03	1000010010	1.06403E+21	1000010010	1.06403E+21
1.18948E+03	1000010010	3.56256E+21	1000010010	3.56256E+21
1.38570E+03	1000010010	1.40028E+21	1000010010	1.40028E+21
3.12608E+02	1000010010	9.21507E+20	1000010010	9.21507E+20
1.39080E+02	1000010010	1.39686E+19	1000010010	1.39686E+19
2.83907E+03	1000010010	2.65573E+20	1000010010	2.65573E+20
1.46337E+03	1000010010	2.20485E+19	1000010010	2.20485E+19
1.08752E+03	1000010010	9.89265E+19	1000010010	9.89265E+19
2.15963E+03	1000010010	3.24496E+21	1000010010	3.24496E+21
5.03145E+03	1000010010	4.52023E+20	1000010010	4.52023E+20
1.87335E+03	1000010010	1.44634E+21	1000010010	1.44634E+21
2.15780E+03	1000010010	3.49773E+19	1000010010	3.49773E+19
8.60890E+03	1000010010	3.80785E+21	1000010010	3.80785E+21
7.95748E+02	1000010010	7.10638E+19	1000010010	7.10638E+19
7.39717E+02	1000010010	2.24905E+20	1000010010	2.24905E+20
8.59659E+03	1000010010	3.55625E+19	1000010010	3.55625E+19
3.26407E+02	1000010010	2.28024E+19	1000010010	2.28024E+19
2.80746E+03	1000010010	2.65249E+19	1000010010	2.65249E+19
3.57654E+03	1000010010	1.67758E+20	1000010010	1.67758E+20
3.53907E+03	1000010010	1.31380E+21	1000010010	1.31380E+21
1.62352E+03	1000010010	3.39350E+20	1000010010	3.39350E+20
1.62736E+03	1000010010	2.99774E+21	1000010010	2.99774E+21
6.05479E+03	1000010010	1.89328E+20	1000010010	1.89328E+20
4.42146E+03	1000010010	3.59722E+21	1000010010	3.59722E+21
3.48932E+03	1000010010	7.73750E+18	1000010010	7.73750E+18
3.01746E+03	1000010010	3.41277E+20	1000010010	3.41277E+20
1.70164E+03	1000010010	5.30322E+20	1000010010	5.30322E+20
3.34885E+03	1000010010	1.50928E+21	1000010010	1.50928E+21
1.21554E+03	1000010010	6.54122E+20	1000010010	6.54122E+20
2.55107E+03	1000010010	1.31158E+19	1000010010	1.31158E+19
7.00644E+03	1000010010	4.77173E+20	1000010010	4.77173E+20
1.82378E+03	1000010010	1.09393E+20	1000010010	1.09393E+20
1.02335E+03	1000010010	2.31872E+19	1000010010	2.31872E+19
9.06518E+03	1000010010	2.58823E+21	1000010010	2.58823E+21
9.39828E+03	1000010010	2.06802E+19	1000010010	2.06802E+19
1.41263E+03	1000010010	3.35894E+21	1000010010	3.35894E+21
2.11202E+03	1000010010	2.92430E+19	1000010010	2.92430E+19
5.75944E+03	1000010010	1.38284E+19	1000010010	1.38284E+19
4.38172E+02	1000010010	7.98121E+20	1000010010	7.98121E+20
7.24060E+03	1000010010	1.11778E+19	1000010010	1.11778E+19
8.70928E+03	1000010010	1.06600E+19	1000010010	1.06600E+19
2.33407E+03	1000010010	3.46229E+20	1000010010	3.46229E+20
2.68493E+02	1000010010	2.01436E+21	1000010010	2.01436E+21
3.71071E+03	1000010010	2.33959E+19	1000010010	2.33959E+19
1.65238E+03	1000010010	4.42705E+20	1000010010	4.42705E+20
1.91810E+02	1000010010	3.22665E+19	1000010010	3.22665E+19
4.11158E+03	1000010010	1.59239E+21	1000010010	1.59239E+21
5.29294E+03	1000010010	2.30250E+20	1000010010	2.30250E+20
3.99223E+02	1000010010	2.98509E+21	1000010010	2.98509E+21
4.80639E+03	1000010010	1.99534E+21	1000010010	1.99534E+21
3.21254E+02	1000010010	7.93085E+18	1000010010	7.93085E+18
1.49083E+03	1000010010	8.75305E+20	1000010010	8.75305E+20
1.96172E+03	1000010010	3.72775E+21	1000010010	3.72775E+21
2.27400E+03	1000010010	5.49243E+21	1000010010	5.49243E+21
2.63476E+03	1000010010	6.75020E+20	1000010010	6.75020E+20
1.21002E+03	1000010010	3.93852E+21	1000010010	3.93852E+21
1.14640E+03	1000010010	4.30194E+21	1000010010	4.30194E+21
8.42666E+03	1000010010	2.57809E+19	1000010010	2.57809E+19
1.66870E+03	1000010010	5.83881E+21	1000010010	5.83881E+21
8.16652E+03	1000010010	3.27918E+19	1000010010	3.27918E+19
2.16757E+03	1000010010	1.10565E+21	1000010010	1.10565E+21
3.02689E+03	1000010010	2.87425E+20	1000010010	2.87425E+20
2.59807E+03	1000010010	4.15442E+21	1000010010	4.15442E+21
1.57233E+03	1000010010	1.72366E+19	1000010010	1.72366E+19
1.05116E+03	1000010010	6.70165E+19	1000010010	6.70165E+19
3.96886E+03	1000010010	1.08779E+21	1000010010	1.08779E+21
3.22123E+02	1000010010	1.74801E+20	1000010010	1.74801E+20
1.40369E+03	1000010010	7.21674E+18	1000010010	7.21674E+18
9.20734E+02	1000010010	4.61971E+21	1000010010	4.61971E+21
2.55046E+03	1000010010	6.59268E+19	1000010010	6.59268E+19
4.84370E+03	1000010010	5.39602E+20	1000010010	5.39602E+20
5.10757E+03	1000010010	7.63674E+20	1000010010	7.63674E+20
2.58735E+03	1000010010	1.30929E+20	1000010010	1.30929E+20
3.69539E+03	1000010010	2.75012E+19	1000010010	2.75012E+19
6.00366E+03	1000010010	5.12303E+21	1000010010	5.12303E+21
5.12198E+02	1000010010	1.63822E+20	1000010010	1.63822E+20
2.61747E+03	1000010010	2.34526E+21	1000010010	2.34526E+21
3.59579E+03	1000010010	7.09815E+18	1000010010	7.09815E+18
3.22409E+03	1000010010	1.16656E+20	1000010010	1.16656E+20
2.26185E+03	1000010010	1.22213E+21	1000010010	1.22213E+21
3.51678E+02	1000010010	7.24436E+18	1000010010	7.24436E+18
5.03326E+03	1000010010	9.17651E+18	1000010010	9.17651E+18
2.05602E+03	1000010010	1.13217E+21	1000010010	1.13217E+21
4.80560E+03	1000010010	4.38738E+21	1000010010	4.38738E+21
4.07268E+03	1000010010	7.54342E+19	1000010010	7.54342E+19
1.06778E+03	1000010010	7.86709E+19	1000010010	7.86709E+19
3.83660E+03	1000010010	1.01018E+21	1000010010	1.01018E+21
4.49573E+03	1000010010	1.31928E+19	1000010010	1.31928E+19
6.37024E+02	1000010010	2.23414E+19	1000010010	2.23414E+19
3.20268E+02	1000010010	5.44582E+19	1000010010	5.44582E+19
4.16389E+03	1000010010	9.47460E+19	1000010010	9.47460E+19
5.29639E+03	1000010010	2.16193E+19	1000010010	2.16193E+19
1.41490E+03	1000010010	8.94538E+19	1000010010	8.94538E+19
1.03823E+03	1000010010	1.76568E+21	1000010010	1.76568E+21
1.52587E+03	1000010010	3.50303E+21	1000010010	3.50303E+21
3.12513E+02	1000010010	3.51960E+21	1000010010	3.51960E+21
1.89797E+02	1000010010	1.29121E+20	1000010010	1.29121E+20
2.21005E+03	1000010010	1.10542E+21	1000010010	1.10542E+21
7.28596E+03	1000010010	1.22171E+20	1000010010	1.22171E+20
3.70751E+03	1000010010	1.87796E+20	1000010010	1.87796E+20
1.35669E+03	1000010010	8.41410E+18	1000010010	8.41410E+18
1.85477E+03	1000010010	5.65322E+21	1000010010	5.65322E+21
2.93868E+03	1000010010	1.19784E+21	1000010010	1.19784E+21
2.27599E+03	1000010010	8.22430E+18	1000010010	8.22430E+18
1.16700E+02	1000010010	1.77995E+21	1000010010	1.77995E+21
1.72010E+03	1000010010	4.57129E+21	1000010010	4.57129E+21
1.60759E+03	1000010010	3.68178E+19	1000010010	3.68178E+19
4.52677E+03	1000010010	4.76536E+20	1000010010	4.76536E+20
1.12879E+03	1000010010	8.24376E+18	1000010010	8.24376E+18
7.68149E+03	1000010010	3.75180E+20	1000010010	3.75180E+20
6.67991E+02	1000010010	1.96932E+20	1000010010	1.96932E+20
2.67213E+03	1000010010	2.54225E+21	1000010010	2.54225E+21
6.28806E+03	1000010010	1.77554E+21	1000010010	1.77554E+21
5.23363E+02	1000010010	3.13351E+20	1000010010	3.13351E+20
4.52944E+03	1000010010	4.58297E+20	1000010010	4.58297E+20
3.85327E+03	1000010010	7.56427E+20	1000010010	7.56427E+20
2.77084E+03	1000010010	3.88070E+19	1000010010	3.88070E+19
9.10190E+03	1000010010	1.30710E+19	1000010010	1.30710E+19
5.81634E+03	1000010010	4.38366E+19	1000010010	4.38366E+19
3.21808E+03	1000010010	1.11182E+19	1000010010	1.11182E+19
4.03622E+02	1000010010	3.18537E+19	1000010010	3.18537E+19
1.45511E+03	1000010010	5.96804E+19	1000010010	5.96804E+19
7.39708E+03	1000010010	2.95163E+20	1000010010	2.95163E+20
1.13267E+03	1000010010	8.01853E+19	1000010010	8.01853E+19
6.02027E+03	1000010010	2.57918E+21	1000010010	2.57918E+21
6.55857E+03	1000010010	4.31803E+20	1000010010	4.31803E+20
6.87926E+03	1000010010	1.13897E+20	1000010010	1.13897E+20
5.48604E+03	1000010010	8.51459E+20	1000010010	8.51459E+20
2.24799E+03	1000010010	4.52131E+20	1000010010	4.52131E+20
7.01300E+03	1000010010	5.57667E+21	1000010010	5.57667E+21
5.17414E+03	1000010010	1.10147E+20	1000010010	1.10147E+20
8.85155E+03	1000010010	7.45065E+19	1000010010	7.45065E+19
1.48876E+03	1000010010	6.97028E+20	1000010010	6.97028E+20
5.56739E+03	1000010010	7.72647E+18	1000010010	7.72647E+18
4.77716E+02	1000010010	1.01207E+20	1000010010	1.01207E+20
4.37280E+03	1000010010	1.57360E+19	1000010010	1.57360E+19
4.69627E+03	1000010010	4.00988E+19	1000010010	4.00988E+19
3.03295E+02	1000010010	4.02726E+19	1000010010	4.02726E+19
7.83425E+03	1000010010	1.20414E+20	1000010010	1.20414E+20
1.77775E+03	1000010010	1.50684E+20	1000010010	1.50684E+20
4.11539E+02	1000010010	2.38524E+19	1000010010	2.38524E+19
6.92583E+03	1000010010	1.59937E+21	1000010010	1.59937E+21
5.35340E+03	1000010010	1.89663E+20	1000010010	1.89663E+20
3.67401E+03	1000010010	3.13945E+20	1000010010	3.13945E+20
2.27812E+03	1000010010	1.39218E+21	1000010010	1.39218E+21
1.39427E+03	1000010010	2.50945E+19	1000010010	2.50945E+19
6.17934E+03	1000010010	4.49543E+19	1000010010	4.49543E+19
1.56783E+03	1000010010	1.08600E+21	1000010010	1.08600E+21
5.24459E+03	1000010010	1.07856E+20	1000010010	1.07856E+20
1.02345E+03	1000010010	5.79453E+19	1000010010	5.79453E+19
4.92600E+03	1000010010	3.59302E+21	1000010010	3.59302E+21
3.86211E+03	1000010010	7.08122E+18	1000010010	7.08122E+18
1.36055E+02	1000010010	8.21217E+18	1000010010	8.21217E+18
1.94471E+03	1000010010	6.94369E+18	1000010010	6.94369E+18
8.28492E+02	1000010010	1.21395E+19	1000010010	1.21395E+19
2.95622E+03	1000010010	6.56491E+19	1000010010	6.56491E+19
2.61014E+03	1000010010	2.28893E+20	1000010010	2.28893E+20
6.00475E+03	1000010010	1.66717E+20	1000010010	1.66717E+20
6.28051E+02	1000010010	2.91617E+20	1000010010	2.91617E+20
2.84352E+02	1000010010	1.35254E+19	1000010010	1.35254E+19
1.08402E+03	1000010010	3.01701E+20	1000010010	3.01701E+20
4.56811E+03	1000010010	3.84069E+19	1000010010	3.84069E+19
1.34008E+03	1000010010	2.57143E+21	1000010010	2.57143E+21
5.33758E+02	1000010010	2.19200E+20	1000010010	2.19200E+20
9.95722E+02	1000010010	1.95493E+20	1000010010	1.95493E+20
7.74965E+02	1000010010	7.05258E+20	1000010010	7.05258E+20
1.49099E+03	1000010010	1.94255E+20	1000010010	1.94255E+20
5.65606E+03	1000010010	1.59278E+20	1000010010	1.59278E+20
4.06937E+03	1000010010	6.81148E+18	1000010010	6.81148E+18
3.22785E+02	1000010010	1.04225E+19	1000010010	1.04225E+19
4.39941E+03	1000010010	4.01264E+21	1000010010	4.01264E+21
5.28203E+03	1000010010	9.62601E+19	1000010010	9.62601E+19
3.33794E+03	1000010010	8.37960E+20	1000010010	8.37960E+20
1.48510E+03	1000010010	6.65036E+18	1000010010	6.65036E+18
1.51170E+03	1000010010	5.62904E+20	1000010010	5.62904E+20
3.30310E+03	1000010010	8.92563E+19	1000010010	8.92563E+19
3.31121E+03	1000010010	3.28474E+19	1000010010	3.28474E+19
6.15819E+03	1000010010	7.06230E+18	1000010010	7.06230E+18
2.54638E+03	1000010010	3.41899E+20	1000010010	3.41899E+20
8.14822E+02	1000010010	4.30983E+19	1000010010	4.30983E+19
8.54339E+03	1000010010	2.36422E+21	1000010010	2.36422E+21
2.68036E+03	1000010010	4.85004E+19	1000010010	4.85004E+19
1.85568E+03	1000010010	1.08530E+20	1000010010	1.08530E+20
2.54595E+03	1000010010	2.25070E+20	1000010010	2.25070E+20
4.77723E+03	1000010010	8.84152E+19	1000010010	8.84152E+19
1.80679E+03	1000010010	9.38473E+20	1000010010	9.38473E+20
2.78752E+03	1000010010	4.07936E+20	1000010010	4.07936E+20
6.19804E+02	1000010010	8.51641E+19	1000010010	8.51641E+19
5.00504E+03	1000010010	6.02683E+20	1000010010	6.02683E+20
4.12177E+03	1000010010	1.53700E+21	1000010010	1.53700E+21
5.46464E+02	1000010010	1.09633E+20	1000010010	1.09633E+20
2.58966E+03	1000010010	3.61953E+20	1000010010	3.61953E+20
2.03355E+03	1000010010	1.37834E+19	1000010010	1.37834E+19
1.76045E+03	1000010010	1.19101E+21	1000010010	1.19101E+21
4.86709E+03	1000010010	5.70754E+21	1000010010	5.70754E+21
7.00009E+03	1000010010	2.21598E+19	1000010010	2.21598E+19
6.82058E+03	1000010010	3.25459E+21	1000010010	3.25459E+21
2.55508E+03	1000010010	1.25738E+20	1000010010	1.25738E+20
8.70838E+02	1000010010	1.43066E+21	1000010010	1.43066E+21
3.64414E+03	1000010010	6.10769E+21	1000010010	6.10769E+21
1.51199E+03	1000010010	1.90532E+20	1000010010	1.90532E+20
8.92817E+02	1000010010	2.08453E+20	1000010010	2.08453E+20
8.15333E+03	1000010010	6.82190E+19	1000010010	6.82190E+19
3.10764E+03	1000010010	2.89382E+21	1000010010	2.89382E+21
1.51768E+03	1000010010	7.40759E+19	1000010010	7.40759E+19
1.47220E+03	1000010010	2.23049E+20	1000010010	2.23049E+20
5.91489E+02	1000010010	1.09297E+21	1000010010	1.09297E+21
2.66765E+03	1000010010	1.49513E+19	1000010010	1.49513E+19
9.28124E+03	1000010010	1.23512E+19	1000010010	1.23512E+19
1.92102E+03	1000010010	3.92606E+19	1000010010	3.92606E+19
2.44032E+03	1000010010	1.45282E+20	1000010010	1.45282E+20
7.55399E+03	1000010010	1.83959E+19	1000010010	1.83959E+19
4.55796E+03	1000010010	3.92639E+21	1000010010	3.92639E+21
3.61306E+03	1000010010	3.01371E+21	1000010010	3.01371E+21
7.04840E+03	1000010010	2.93102E+21	1000010010	2.93102E+21
5.23389E+02	1000010010	5.47431E+20	1000010010	5.47431E+20
3.06257E+03	1000010010	6.05956E+19	1000010010	6.05956E+19
5.63107E+03	1000010010	2.46958E+20	1000010010	2.46958E+20
8.40114E+03	1000010010	2.48630E+20	1000010010	2.48630E+20
4.46773E+03	1000010010	2.00861E+21	1000010010	2.00861E+21
5.20101E+03	1000010010	5.38142E+20	1000010010	5.38142E+20
3.11940E+02	1000010010	5.75022E+19	1000010010	5.75022E+19
5.43615E+02	1000010010	2.44014E+20	1000010010	2.44014E+20
7.06707E+03	1000010010	4.62225E+21	1000010010	4.62225E+21
4.21481E+03	1000010010	1.00621E+20	1000010010	1.00621E+20
1.03473E+03	1000010010	2.58776E+19	1000010010	2.58776E+19
1.19866E+03	1000010010	1.58699E+20	1000010010	1.58699E+20
7.80021E+02	1000010010	1.46690E+21	1000010010	1.46690E+21
9.78800E+02	1000010010	1.39446E+19	1000010010	1.39446E+19
6.35513E+03	1000010010	1.84994E+20	1000010010	1.84994E+20
5.73957E+03	1000010010	6.61094E+18	1000010010	6.61094E+18
2.30914E+03	1000010010	1.32336E+21	1000010010	1.32336E+21
5.02156E+03	1000010010	5.06873E+21	1000010010	5.06873E+21
5.26943E+03	1000010010	1.74442E+20	1000010010	1.74442E+20
8.90795E+02	1000010010	4.52926E+19	1000010010	4.52926E+19
4.60972E+03	1000010010	4.05461E+21	1000010010	4.05461E+21
4.48031E+03	1000010010	5.44000E+21	1000010010	5.44000E+21
2.42458E+02	1000010010	2.62124E+20	1000010010	2.62124E+20
3.74462E+03	1000010010	1.16080E+21	1000010010	1.16080E+21
3.09448E+03	1000010010	1.10604E+21	1000010010	1.10604E+21
4.94679E+03	1000010010	1.39479E+21	1000010010	1.39479E+21
3.05808E+02	1000010010	3.53989E+21	1000010010	3.53989E+21
7.10919E+03	1000010010	6.33965E+20	1000010010	6.33965E+20
8.82639E+02	1000010010	7.35103E+18	1000010010	7.35103E+18
2.45970E+03	1000010010	4.14333E+21	1000010010	4.14333E+21
1.52649E+03	1000010010	1.76807E+21	1000010010	1.76807E+21
4.20055E+03	1000010010	5.65025E+20	1000010010	5.65025E+20
1.59220E+03	1000010010	2.37790E+20	1000010010	2.37790E+20
4.03711E+03	1000010010	2.08392E+20	1000010010	2.08392E+20
4.12978E+03	1000010010	9.45225E+19	1000010010	9.45225E+19
1.77048E+03	1000010010	7.21962E+19	1000010010	7.21962E+19
6.75736E+03	1000010010	3.77101E+19	1000010010	3.77101E+19
7.73319E+03	1000010010	7.56140E+20	1000010010	7.56140E+20
4.15282E+03	1000010010	1.61985E+19	1000010010	1.61985E+19
3.39704E+02	1000010010	8.63170E+20	1000010010	8.63170E+20
5.76180E+03	1000010010	8.28435E+20	1000010010	8.28435E+20
2.32247E+03	1000010010	1.22791E+19	1000010010	1.22791E+19
3.72868E+03	1000010010	3.82779E+21	1000010010	3.82779E+21
9.00810E+02	1000010010	1.83329E+21	1000010010	1.83329E+21
7.54722E+02	1000010010	8.83361E+19	1000010010	8.83361E+19
6.61726E+02	1000010010	1.38871E+19	1000010010	1.38871E+19
8.21583E+03	1000010010	2.58917E+19	1000010010	2.58917E+19
2.66876E+03	1000010010	9.91925E+19	1000010010	9.91925E+19
1.72623E+02	1000010010	2.19151E+21	1000010010	2.19151E+21
2.90025E+02	1000010010	2.34893E+21	1000010010	2.34893E+21
1.31986E+03	1000010010	3.02845E+21	1000010010	3.02845E+21
1.81174E+03	1000010010	1.50112E+21	1000010010	1.50112E+21
3.07569E+03	1000010010	3.63042E+20	1000010010	3.63042E+20
5.31533E+03	1000010010	3.77742E+21	1000010010	3.77742E+21
4.05409E+03	1000010010	9.44609E+19	1000010010	9.44609E+19
8.46797E+03	1000010010	3.20249E+19	1000010010	3.20249E+19
5.92814E+03	1000010010	1.62621E+19	1000010010	1.62621E+19
4.32569E+03	1000010010	8.14714E+19	1000010010	8.14714E+19
6.50758E+03	1000010010	2.76712E+21	1000010010	2.76712E+21
1.88810E+03	1000010010	1.50797E+19	1000010010	1.50797E+19
1.91629E+03	1000010010	3.33917E+19	1000010010	3.33917E+19
4.44520E+03	1000010010	4.24985E+20	1000010010	4.24985E+20
3.87038E+03	1000010010	1.97720E+19	1000010010	1.97720E+19
8.68529E+03	1000010010	1.14696E+19	1000010010	1.14696E+19
3.29570E+03	1000010010	3.63930E+20	1000010010	3.63930E+20
2.88518E+03	1000010010	1.76751E+20	1000010010	1.76751E+20
7.92850E+03	1000010010	8.87340E+18	1000010010	8.87340E+18
7.84457E+03	1000010010	3.21323E+21	1000010010	3.21323E+21
4.83616E+03	1000010010	2.25842E+21	1000010010	2.25842E+21
3.91597E+02	1000010010	4.34237E+19	1000010010	4.34237E+19
5.40271E+02	1000010010	1.58079E+21	1000010010	1.58079E+21
4.83376E+03	1000010010	2.87655E+20	1000010010	2.87655E+20
3.30626E+03	1000010010	1.98203E+19	1000010010	1.98203E+19
4.51228E+03	1000010010	2.07048E+20	1000010010	2.07048E+20
2.19090E+03	1000010010	9.54166E+20	1000010010	9.54166E+20
1.34874E+03	1000010010	4.01335E+19	1000010010	4.01335E+19
2.45329E+03	1000010010	1.48815E+21	1000010010	1.48815E+21
8.66410E+02	1000010010	8.61482E+20	1000010010	8.61482E+20
8.46034E+03	1000010010	1.76781E+20	1000010010	1.76781E+20
2.79697E+03	1000010010	1.49821E+21	1000010010	1.49821E+21
8.75805E+02	1000010010	9.13814E+19	1000010010	9.13814E+19
5.61155E+03	1000010010	2.14784E+21	1000010010	2.14784E+21
1.25707E+03	1000010010	2.11405E+21	1000010010	2.11405E+21
2.14772E+03	1000010010	6.21937E+19	1000010010	6.21937E+19
7.01023E+03	1000010010	1.82846E+19	1000010010	1.82846E+19
1.33915E+03	1000010010	6.63006E+19	1000010010	6.63006E+19
2.53107E+02	1000010010	2.05497E+19	1000010010	2.05497E+19
3.92032E+03	1000010010	2.85417E+21	1000010010	2.85417E+21
2.63081E+02	1000010010	3.58220E+21	1000010010	3.58220E+21
1.10028E+03	1000010010	7.78313E+19	1000010010	7.78313E+19
5.04861E+02	1000010010	1.34855E+20	1000010010	1.34855E+20
2.65243E+03	1000010010	3.77679E+20	1000010010	3.77679E+20
7.41342E+03	1000010010	1.90308E+20	1000010010	1.90308E+20
9.78283E+03	1000010010	1.57735E+21	1000010010	1.57735E+21
3.91346E+02	1000010010	1.25134E+19	1000010010	1.25134E+19
7.15017E+03	1000010010	4.85884E+21	1000010010	4.85884E+21
2.93212E+03	1000010010	3.14767E+21	1000010010	3.14767E+21
6.52177E+03	1000010010	2.52677E+21	1000010010	2.52677E+21
4.79470E+03	1000010010	8.26671E+19	1000010010	8.26671E+19
8.04404E+03	1000010010	2.26986E+21	1000010010	2.26986E+21
1.05370E+03	1000010010	1.37057E+21	1000010010	1.37057E+21
5.14079E+03	1000010010	1.25020E+20	1000010010	1.25020E+20
5.08632E+03	1000010010	2.70771E+20	1000010010	2.70771E+20
4.69088E+03	1000010010	4.51975E+20	1000010010	4.51975E+20
1.09412E+03	1000010010	4.61542E+19	1000010010	4.61542E+19
2.05601E+03	1000010010	7.21675E+19	1000010010	7.21675E+19
3.84762E+03	1000010010	6.03619E+21	1000010010	6.03619E+21
1.23643E+03	1000010010	2.98143E+21	1000010010	2.98143E+21
3.88658E+03	1000010010	1.27120E+21	1000010010	1.27120E+21
2.39190E+03	1000010010	1.42474E+21	1000010010	1.42474E+21
3.88982E+03	1000010010	7.65931E+18	1000010010	7.65931E+18
5.19931E+03	1000010010	3.65913E+20	1000010010	3.65913E+20
4.51703E+03	1000010010	7.42904E+18	1000010010	7.42904E+18
6.55943E+03	1000010010	1.25324E+20	1000010010	1.25324E+20
7.39205E+02	1000010010	2.08203E+21	1000010010	2.08203E+21
4.16906E+03	1000010010	8.15522E+18	1000010010	8.15522E+18
9.73265E+02	1000010010	2.31874E+21	1000010010	2.31874E+21
1.66363E+03	1000010010	7.03064E+20	1000010010	7.03064E+20
1.42900E+03	1000010010	4.33274E+19	1000010010	4.33274E+19
6.41970E+02	1000010010	6.11920E+19	1000010010	6.11920E+19
3.45405E+03	1000010010	1.86829E+21	1000010010	1.86829E+21
3.00540E+03	1000010010	2.30356E+19	1000010010	2.30356E+19
6.66034E+03	1000010010	4.41598E+20	1000010010	4.41598E+20
7.99531E+02	1000010010	3.49624E+20	1000010010	3.49624E+20
3.93190E+03	1000010010	6.31217E+19	1000010010	6.31217E+19
5.20687E+03	1000010010	4.69970E+21	1000010010	4.69970E+21
4.98640E+03	1000010010	4.30836E+19	1000010010	4.30836E+19
4.06016E+03	1000010010	4.73883E+20	1000010010	4.73883E+20
3.55864E+02	1000010010	2.23875E+21	1000010010	2.23875E+21
1.24940E+03	1000010010	5.08255E+20	1000010010	5.08255E+20
6.42655E+03	1000010010	5.67216E+20	1000010010	5.67216E+20
7.88840E+02	1000010010	8.83202E+20	1000010010	8.83202E+20
2.65771E+03	1000010010	1.33096E+19	1000010010	1.33096E+19
9.45500E+03	1000010010	3.79799E+21	1000010010	3.79799E+21
2.75367E+03	1000010010	6.76046E+20	1000010010	6.76046E+20
7.51482E+03	1000010010	1.03674E+20	1000010010	1.03674E+20
3.24905E+03	1000010010	1.06311E+20	1000010010	1.06311E+20
3.14027E+03	1000010010	9.22115E+18	1000010010	9.22115E+18
6.55048E+03	1000010010	2.15656E+19	1000010010	2.15656E+19
1.30846E+03	1000010010	2.53365E+19	1000010010	2.53365E+19
1.05876E+03	1000010010	4.01190E+19	1000010010	4.01190E+19
1.14216E+03	1000010010	2.27833E+19	1000010010	2.27833E+19
3.42288E+03	1000010010	1.83343E+21	1000010010	1.83343E+21
5.96630E+03	1000010010	8.43209E+20	1000010010	8.43209E+20
6.21122E+03	1000010010	1.51997E+20	1000010010	1.51997E+20
2.95507E+03	1000010010	1.89746E+19	1000010010	1.89746E+19
2.12144E+03	1000010010	1.53992E+20	1000010010	1.53992E+20
3.94916E+03	1000010010	6.07071E+19	1000010010	6.07071E+19
2.11287E+03	1000010010	5.47766E+19	1000010010	5.47766E+19
5.08485E+02	1000010010	1.87207E+20	1000010010	1.87207E+20
4.43240E+02	1000010010	1.84892E+21	1000010010	1.84892E+21
2.51912E+02	1000010010	1.26372E+20	1000010010	1.26372E+20
5.06191E+03	1000010010	1.33543E+19	1000010010	1.33543E+19
1.66508E+03	1000010010	8.85962E+18	1000010010	8.85962E+18
2.67980E+03	1000010010	6.74244E+18	1000010010	6.74244E+18
4.71842E+03	1000010010	3.02693E+21	1000010010	3.02693E+21
2.99243E+03	1000010010	3.51491E+21	1000010010	3.51491E+21
1.80292E+02	1000010010	3.98080E+21	1000010010	3.98080E+21
4.20100E+03	1000010010	7.63183E+20	1000010010	7.63183E+20
3.21692E+03	1000010010	1.52092E+20	1000010010	1.52092E+20
5.87357E+02	1000010010	6.14407E+19	1000010010	6.14407E+19
5.67676E+03	1000010010	1.79877E+20	1000010010	1.79877E+20
3.93865E+03	1000010010	2.25381E+20	1000010010	2.25381E+20
9.31369E+03	1000010010	4.85982E+21	1000010010	4.85982E+21
7.84499E+03	1000010010	1.47065E+21	1000010010	1.47065E+21
3.15564E+03	1000010010	4.99464E+19	1000010010	4.99464E+19
2.46511E+03	1000010010	1.78669E+20	1000010010	1.78669E+20
5.43114E+03	1000010010	9.14082E+18	1000010010	9.14082E+18
8.19444E+03	1000010010	6.74043E+20	1000010010	6.74043E+20
9.66492E+03	1000010010	3.46549E+19	1000010010	3.46549E+19
7.38832E+03	1000010010	1.79224E+21	1000010010	1.79224E+21
3.88532E+02	1000010010	2.44195E+21	1000010010	2.44195E+21
9.42868E+03	1000010010	1.30713E+19	1000010010	1.30713E+19
5.29747E+03	1000010010	2.25146E+20	1000010010	2.25146E+20
5.47947E+03	1000010010	2.03211E+21	1000010010	2.03211E+21
5.13062E+03	1000010010	2.08782E+21	1000010010	2.08782E+21
4.37063E+02	1000010010	8.86924E+18	1000010010	8.86924E+18
2.81100E+03	1000010010	7.41656E+18	1000010010	7.41656E+18
1.98880E+03	1000010010	3.19412E+19	1000010010	3.19412E+19
4.10816E+03	1000010010	1.99846E+20	1000010010	1.99846E+20
2.07324E+03	1000010010	1.62062E+19	1000010010	1.62062E+19
1.87240E+03	1000010010	1.36258E+19	1000010010	1.36258E+19
1.19573E+03	1000010010	6.01516E+19	1000010010	6.01516E+19
3.56323E+03	1000010010	1.76153E+19	1000010010	1.76153E+19
1.47137E+03	1000010010	1.41055E+20	1000010010	1.41055E+20
8.51097E+02	1000010010	3.80178E+20	1000010010	3.80178E+20
1.25441E+02	1000010010	4.71790E+20	1000010010	4.71790E+20
4.94015E+03	1000010010	1.67906E+21	1000010010	1.67906E+21
1.70159E+03	1000010010	9.40869E+19	1000010010	9.40869E+19
4.32585E+03	1000010010	3.59011E+21	1000010010	3.59011E+21
6.60624E+02	1000010010	2.32061E+21	1000010010	2.32061E+21
3.54643E+03	1000010010	1.25152E+21	1000010010	1.25152E+21
1.35112E+03	1000010010	7.98063E+20	1000010010	7.98063E+20
4.90865E+03	1000010010	1.72211E+21	1000010010	1.72211E+21
7.57625E+03	1000010010	2.79357E+21	1000010010	2.79357E+21
5.46273E+03	1000010010	5.20565E+21	1000010010	5.20565E+21
8.46411E+03	1000010010	6.16807E+21	1000010010	6.16807E+21
1.52074E+03	1000010010	2.21417E+21	1000010010	2.21417E+21
1.40433E+03	1000010010	1.50335E+21	1000010010	1.50335E+21
9.72374E+03	1000010010	2.46909E+20	1000010010	2.46909E+20
4.20421E+03	1000010010	5.97755E+20	1000010010	5.97755E+20
2.70198E+02	1000010010	1.76585E+19	1000010010	1.76585E+19
1.68932E+02	1000010010	3.29787E+21	1000010010	3.29787E+21
3.22714E+03	1000010010	9.74808E+18	1000010010	9.74808E+18
3.56252E+03	1000010010	2.30826E+19	1000010010	2.30826E+19
4.83229E+03	1000010010	1.23565E+19	1000010010	1.23565E+19
3.69228E+02	1000010010	1.43773E+20	1000010010	1.43773E+20
3.84716E+03	1000010010	9.08569E+19	1000010010	9.08569E+19
1.21305E+03	1000010010	5.79101E+19	1000010010	5.79101E+19
9.70126E+03	1000010010	1.42807E+19	1000010010	1.42807E+19
3.24870E+03	1000010010	4.25635E+21	1000010010	4.25635E+21
5.53539E+02	1000010010	8.95757E+20	1000010010	8.95757E+20
1.21893E+03	1000010010	4.11611E+21	1000010010	4.11611E+21
3.93273E+03	1000010010	9.03405E+20	1000010010	9.03405E+20
