#	D	ID	E	ID0	E0
#
# D             Trajectory length [1 Mpc]
# ID/ID0/ID1    Particle type (PDG MC numbering scheme)
# E/E0/E1       Energy [1 EeV]
# no index = current, 0 = at source, 1 = at point of creation
#
# CRPropa version: -128-NOTFOUND
#
6.98350E+00	1000260560	7.29297E+19	1000260560	7.29297E+19
4.95583E+00	1000260560	1.05344E+21	1000260560	1.05344E+21
8.17467E+00	1000260560	1.53051E+21	1000260560	1.53051E+21
2.11402E+00	1000260560	1.29102E+20	1000260560	1.29102E+20
5.20623E+00	1000260560	9.91987E+18	1000260560	9.91987E+18
1.44146E+00	1000260560	1.61290E+20	1000260560	1.61290E+20
8.83750E+00	1000260560	3.18461E+21	1000260560	3.18461E+21
8.21112E+00	1000260560	6.50834E+19	1000260560	6.50834E+19
1.19073E-01	1000260560	2.25057E+21	1000260560	2.25057E+21
7.64532E+00	1000260560	2.49891E+21	1000260560	2.49891E+21
6.86421E+00	1000260560	5.51938E+20	1000260560	5.51938E+20
3.81467E+00	1000260560	5.33571E+21	1000260560	5.33571E+21
9.36515E+00	1000260560	3.46159E+20	1000260560	3.46159E+20
1.58538E+00	1000260560	3.75040E+21	1000260560	3.75040E+21
9.86653E+00	1000260560	1.74943E+21	1000260560	1.74943E+21
5.09950E+00	1000260560	5.52191E+19	1000260560	5.52191E+19
3.68493E+00	1000260560	1.76843E+19	1000260560	1.76843E+19
4.63602E+00	1000260560	1.59411E+21	1000260560	1.59411E+21
2.20395E+00	1000260560	3.25236E+19	1000260560	3.25236E+19
2.15985E+00	1000260560	3.52787E+19	1000260560	3.52787E+19
4.42267E+00	1000260560	2.18525E+21	1000260560	2.18525E+21
5.33862E+00	1000260560	5.50067E+20	1000260560	5.50067E+20
6.81531E+00	1000260560	1.38446E+20	1000260560	1.38446E+20
9.34473E+00	1000260560	5.46304E+20	1000260560	5.46304E+20
5.32366E-01	1000260560	8.01576E+20	1000260560	8.01576E+20
3.24845E+00	1000260560	5.16457E+19	1000260560	5.16457E+19
3.15924E+00	1000260560	6.08146E+19	1000260560	6.08146E+19
8.15917E+00	1000260560	6.72512E+19	1000260560	6.72512E+19
3.02905E+00	1000260560	7.89284E+19	1000260560	7.89284E+19
6.00376E+00	1000260560	7.15528E+20	1000260560	7.15528E+20
8.00354E+00	1000260560	6.59196E+20	1000260560	6.59196E+20
1.25572E-01	1000260560	4.55357E+19	1000260560	4.55357E+19
4.21464E+00	1000260560	1.46003E+20	1000260560	1.46003E+20
9.66214E+00	1000260560	7.72361E+20	1000260560	7.72361E+20
9.81190E+00	1000260560	1.73464E+19	1000260560	1.73464E+19
4.03048E+00	1000260560	3.53418E+20	1000260560	3.53418E+20
4.65484E+00	1000260560	1.62712E+21	1000260560	1.62712E+21
5.20770E+00	1000260560	2.16747E+19	1000260560	2.16747E+19
3.49151E+00	1000260560	1.17405E+21	1000260560	1.17405E+21
3.22382E+00	1000260560	1.66356E+21	1000260560	1.66356E+21
6.22241E+00	1000260560	3.43476E+19	1000260560	3.43476E+19
8.15878E+00	1000260560	2.60293E+21	1000260560	2.60293E+21
8.97387E+00	1000260560	8.22472E+19	1000260560	8.22472E+19
1.76095E+00	1000260560	5.43621E+20	1000260560	5.43621E+20
1.66824E+00	1000260560	1.17838E+21	1000260560	1.17838E+21
2.12739E+00	1000260560	1.31263E+21	1000260560	1.31263E+21
8.07482E+00	1000260560	2.50915E+21	1000260560	2.50915E+21
1.78044E+00	1000260560	1.24343E+20	1000260560	1.24343E+20
9.87591E+00	1000260560	1.75941E+20	1000260560	1.75941E+20
6.89285E+00	1000260560	2.82964E+21	1000260560	2.82964E+21
3.55465E+00	1000260560	3.61798E+19	1000260560	3.61798E+19
2.48024E+00	1000260560	9.44736E+20	1000260560	9.44736E+20
3.12523E+00	1000260560	4.31136E+20	1000260560	4.31136E+20
4.71740E+00	1000260560	9.21375E+18	1000260560	9.21375E+18
6.42399E+00	1000260560	1.24091E+21	1000260560	1.24091E+21
1.83493E+00	1000260560	4.46048E+19	1000260560	4.46048E+19
7.58734E+00	1000260560	5.96443E+20	1000260560	5.96443E+20
3.79453E+00	1000260560	7.19069E+20	1000260560	7.19069E+20
6.63240E+00	1000260560	7.55727E+20	1000260560	7.55727E+20
3.52974E-01	1000260560	7.95845E+19	1000260560	7.95845E+19
7.57305E+00	1000260560	2.25157E+21	1000260560	2.25157E+21
3.25373E-01	1000260560	3.09376E+21	1000260560	3.09376E+21
8.40920E+00	1000260560	4.72451E+19	1000260560	4.72451E+19
7.15508E+00	1000260560	3.05542E+21	1000260560	3.05542E+21
7.89053E+00	1000260560	7.00441E+19	1000260560	7.00441E+19
7.74655E+00	1000260560	2.67049E+20	1000260560	2.67049E+20
3.72663E+00	1000260560	1.18966E+20	1000260560	1.18966E+20
9.90109E+00	1000260560	3.67793E+20	1000260560	3.67793E+20
5.08627E+00	1000260560	1.47001E+19	1000260560	1.47001E+19
1.57868E+00	1000260560	3.96905E+20	1000260560	3.96905E+20
2.21171E+00	1000260560	3.05965E+19	1000260560	3.05965E+19
4.64604E+00	1000260560	2.90257E+20	1000260560	2.90257E+20
1.98781E+00	1000260560	3.51678E+19	1000260560	3.51678E+19
3.61938E+00	1000260560	2.32356E+19	1000260560	2.32356E+19
7.13462E+00	1000260560	5.46713E+21	1000260560	5.46713E+21
5.29836E+00	1000260560	4.72963E+19	1000260560	4.72963E+19
4.59899E+00	1000260560	1.17351E+19	1000260560	1.17351E+19
8.23490E+00	1000260560	1.02198E+21	1000260560	1.02198E+21
3.38730E+00	1000260560	5.88692E+21	1000260560	5.88692E+21
4.88626E-01	1000260560	6.48492E+20	1000260560	6.48492E+20
5.71996E+00	1000260560	1.39016E+20	1000260560	1.39016E+20
5.40098E+00	1000260560	4.25757E+19	1000260560	4.25757E+19
3.87455E-01	1000260560	5.44402E+19	1000260560	5.44402E+19
3.42077E+00	1000260560	2.59700E+21	1000260560	2.59700E+21
5.45396E+00	1000260560	2.23501E+19	1000260560	2.23501E+19
6.33114E+00	1000260560	1.39951E+20	1000260560	1.39951E+20
5.37484E+00	1000260560	2.42477E+21	1000260560	2.42477E+21
7.00835E+00	1000260560	7.04734E+18	1000260560	7.04734E+18
5.81764E+00	1000260560	1.96655E+21	1000260560	1.96655E+21
9.53959E+00	1000260560	6.06317E+21	1000260560	6.06317E+21
4.51372E+00	1000260560	6.89296E+18	1000260560	6.89296E+18
8.73744E+00	1000260560	4.66621E+20	1000260560	4.66621E+20
2.56914E+00	1000260560	1.67447E+20	1000260560	1.67447E+20
2.20991E+00	1000260560	1.64494E+20	1000260560	1.64494E+20
7.14372E+00	1000260560	9.19672E+20	1000260560	9.19672E+20
3.55264E+00	1000260560	1.38527E+20	1000260560	1.38527E+20
4.20398E+00	1000260560	8.62098E+19	1000260560	8.62098E+19
7.45750E+00	1000260560	5.42837E+19	1000260560	5.42837E+19
3.37125E+00	1000260560	5.32184E+20	1000260560	5.32184E+20
2.96645E+00	1000260560	5.70936E+20	1000260560	5.70936E+20
5.24065E-01	1000260560	2.23521E+19	1000260560	2.23521E+19
1.03707E+00	1000260560	8.69147E+19	1000260560	8.69147E+19
8.36372E-01	1000260560	3.33168E+21	1000260560	3.33168E+21
1.44017E+00	1000260560	4.63013E+21	1000260560	4.63013E+21
4.33723E+00	1000260560	1.90508E+20	1000260560	1.90508E+20
3.43320E+00	1000260560	1.16067E+19	1000260560	1.16067E+19
6.34326E-01	1000260560	3.27132E+19	1000260560	3.27132E+19
6.79834E+00	1000260560	4.61454E+21	1000260560	4.61454E+21
2.63016E-01	1000260560	2.54993E+21	1000260560	2.54993E+21
2.91034E+00	1000260560	9.00065E+18	1000260560	9.00065E+18
3.55987E+00	1000260560	1.17455E+21	1000260560	1.17455E+21
5.94739E+00	1000260560	8.76165E+20	1000260560	8.76165E+20
9.14208E+00	1000260560	3.16766E+19	1000260560	3.16766E+19
8.02597E+00	1000260560	2.38761E+20	1000260560	2.38761E+20
6.51242E+00	1000260560	1.82653E+20	1000260560	1.82653E+20
4.62255E-01	1000260560	2.39699E+21	1000260560	2.39699E+21
3.94473E-01	1000260560	9.06109E+19	1000260560	9.06109E+19
9.90531E+00	1000260560	4.16400E+21	1000260560	4.16400E+21
7.02825E+00	1000260560	1.60182E+19	1000260560	1.60182E+19
7.06530E+00	1000260560	4.66201E+21	1000260560	4.66201E+21
2.41978E+00	1000260560	1.95614E+19	1000260560	1.95614E+19
5.93271E+00	1000260560	2.75307E+21	1000260560	2.75307E+21
2.50116E+00	1000260560	1.97528E+19	1000260560	1.97528E+19
2.68510E-01	1000260560	1.98142E+21	1000260560	1.98142E+21
3.22808E+00	1000260560	3.18784E+19	1000260560	3.18784E+19
9.18238E+00	1000260560	2.94276E+20	1000260560	2.94276E+20
2.18470E+00	1000260560	7.13092E+19	1000260560	7.13092E+19
4.23321E+00	1000260560	2.27990E+21	1000260560	2.27990E+21
5.17294E+00	1000260560	4.76798E+19	1000260560	4.76798E+19
4.51481E+00	1000260560	2.13248E+21	1000260560	2.13248E+21
7.78137E+00	1000260560	1.11061E+21	1000260560	1.11061E+21
8.82195E+00	1000260560	3.68286E+20	1000260560	3.68286E+20
1.18195E+00	1000260560	1.27929E+20	1000260560	1.27929E+20
7.62843E+00	1000260560	4.14746E+19	1000260560	4.14746E+19
6.11191E+00	1000260560	1.09378E+19	1000260560	1.09378E+19
4.79301E+00	1000260560	3.00527E+20	1000260560	3.00527E+20
6.03806E+00	1000260560	9.64379E+20	1000260560	9.64379E+20
5.83970E+00	1000260560	3.38570E+21	1000260560	3.38570E+21
7.97325E+00	1000260560	2.64299E+19	1000260560	2.64299E+19
6.52644E+00	1000260560	1.24456E+21	1000260560	1.24456E+21
3.89134E+00	1000260560	1.89011E+21	1000260560	1.89011E+21
2.67921E+00	1000260560	1.67205E+19	1000260560	1.67205E+19
9.54783E+00	1000260560	7.75395E+20	1000260560	7.75395E+20
4.60537E+00	1000260560	1.54450E+21	1000260560	1.54450E+21
7.40137E+00	1000260560	1.80670E+20	1000260560	1.80670E+20
4.78041E+00	1000260560	2.55982E+21	1000260560	2.55982E+21
1.24372E+00	1000260560	5.88612E+21	1000260560	5.88612E+21
2.68694E+00	1000260560	6.74909E+18	1000260560	6.74909E+18
8.97758E+00	1000260560	3.51520E+20	1000260560	3.51520E+20
1.39257E-01	1000260560	3.77771E+19	1000260560	3.77771E+19
7.56447E+00	1000260560	6.13900E+21	1000260560	6.13900E+21
1.96142E+00	1000260560	6.18144E+20	1000260560	6.18144E+20
5.66607E+00	1000260560	1.09512E+19	1000260560	1.09512E+19
5.22812E+00	1000260560	3.45461E+20	1000260560	3.45461E+20
9.45522E+00	1000260560	1.34619E+19	1000260560	1.34619E+19
7.08590E+00	1000260560	6.29626E+20	1000260560	6.29626E+20
9.60542E+00	1000260560	4.98074E+20	1000260560	4.98074E+20
5.62624E+00	1000260560	6.67738E+19	1000260560	6.67738E+19
1.95972E+00	1000260560	7.29845E+20	1000260560	7.29845E+20
1.91931E+00	1000260560	2.97033E+19	1000260560	2.97033E+19
2.53084E-02	1000260560	3.52581E+20	1000260560	3.52581E+20
6.50490E+00	1000260560	1.07497E+21	1000260560	1.07497E+21
1.85287E+00	1000260560	1.75016E+19	1000260560	1.75016E+19
9.03702E+00	1000260560	8.34729E+18	1000260560	8.34729E+18
5.28390E-01	1000260560	8.48489E+18	1000260560	8.48489E+18
3.83596E+00	1000260560	1.55690E+21	1000260560	1.55690E+21
9.12090E+00	1000260560	1.10327E+19	1000260560	1.10327E+19
4.06315E+00	1000260560	2.72864E+19	1000260560	2.72864E+19
2.83352E+00	1000260560	3.03347E+21	1000260560	3.03347E+21
4.00699E+00	1000260560	1.79626E+21	1000260560	1.79626E+21
3.98503E+00	1000260560	3.78580E+20	1000260560	3.78580E+20
4.95281E+00	1000260560	1.76512E+19	1000260560	1.76512E+19
2.93800E+00	1000260560	4.88012E+20	1000260560	4.88012E+20
1.47364E+00	1000260560	5.51941E+20	1000260560	5.51941E+20
6.08175E+00	1000260560	3.07455E+20	1000260560	3.07455E+20
9.08375E+00	1000260560	2.12050E+19	1000260560	2.12050E+19
2.89612E+00	1000260560	2.31868E+21	1000260560	2.31868E+21
6.92749E+00	1000260560	3.20310E+20	1000260560	3.20310E+20
6.05206E+00	1000260560	1.47489E+19	1000260560	1.47489E+19
3.47277E+00	1000260560	2.77619E+21	1000260560	2.77619E+21
7.50927E+00	1000260560	9.50753E+20	1000260560	9.50753E+20
9.10453E+00	1000260560	3.36764E+20	1000260560	3.36764E+20
3.89386E+00	1000260560	2.80299E+21	1000260560	2.80299E+21
9.32057E+00	1000260560	7.69675E+18	1000260560	7.69675E+18
2.66498E+00	1000260560	2.29361E+20	1000260560	2.29361E+20
6.48524E+00	1000260560	1.62480E+21	1000260560	1.62480E+21
3.14455E-01	1000260560	3.58892E+20	1000260560	3.58892E+20
9.70506E+00	1000260560	2.54918E+20	1000260560	2.54918E+20
8.35464E-02	1000260560	5.70133E+20	1000260560	5.70133E+20
2.03707E+00	1000260560	2.60538E+21	1000260560	2.60538E+21
8.44684E+00	1000260560	8.46421E+20	1000260560	8.46421E+20
2.05751E+00	1000260560	5.59674E+19	1000260560	5.59674E+19
4.77756E+00	1000260560	4.15847E+21	1000260560	4.15847E+21
6.34112E+00	1000260560	1.22357E+19	1000260560	1.22357E+19
2.25106E+00	1000260560	2.94428E+21	1000260560	2.94428E+21
3.08113E+00	1000260560	1.54667E+21	1000260560	1.54667E+21
8.96876E-01	1000260560	2.53607E+20	1000260560	2.53607E+20
9.34536E+00	1000260560	1.83686E+21	1000260560	1.83686E+21
4.48708E-01	1000260560	8.96698E+18	1000260560	8.96698E+18
5.81449E+00	1000260560	1.25901E+20	1000260560	1.25901E+20
1.60899E+00	1000260560	4.23834E+21	1000260560	4.23834E+21
3.02406E+00	1000260560	2.10576E+21	1000260560	2.10576E+21
1.76879E+00	1000260560	1.38989E+19	1000260560	1.38989E+19
4.53858E+00	1000260560	5.12563E+21	1000260560	5.12563E+21
9.90983E+00	1000260560	2.09691E+20	1000260560	2.09691E+20
1.25277E+00	1000260560	8.70263E+18	1000260560	8.70263E+18
3.15232E+00	1000260560	3.68422E+19	1000260560	3.68422E+19
1.14502E+00	1000260560	5.32689E+19	1000260560	5.32689E+19
9.66177E+00	1000260560	2.27501E+20	1000260560	2.27501E+20
6.30863E+00	1000260560	3.22122E+20	1000260560	3.22122E+20
1.91254E-01	1000260560	2.04105E+20	1000260560	2.04105E+20
9.30160E+00	1000260560	3.56857E+19	1000260560	3.56857E+19
3.64553E+00	1000260560	1.81352E+19	1000260560	1.81352E+19
6.36737E+00	1000260560	2.37942E+20	1000260560	2.37942E+20
1.65884E+00	1000260560	7.40577E+20	1000260560	7.40577E+20
6.56183E+00	1000260560	3.32207E+21	1000260560	3.32207E+21
3.51939E-01	1000260560	6.24612E+18	1000260560	6.24612E+18
6.97026E+00	1000260560	2.41428E+19	1000260560	2.41428E+19
5.60267E+00	1000260560	4.48319E+20	1000260560	4.48319E+20
4.64152E+00	1000260560	1.67060E+20	1000260560	1.67060E+20
1.35829E+00	1000260560	1.35943E+20	1000260560	1.35943E+20
5.56146E+00	1000260560	1.47032E+21	1000260560	1.47032E+21
8.28085E+00	1000260560	3.19541E+20	1000260560	3.19541E+20
3.93823E+00	1000260560	5.32666E+19	1000260560	5.32666E+19
7.69124E+00	1000260560	5.33266E+19	1000260560	5.33266E+19
9.73190E+00	1000260560	1.94757E+19	1000260560	1.94757E+19
8.23921E+00	1000260560	8.89300E+18	1000260560	8.89300E+18
5.64057E-01	1000260560	5.81460E+21	1000260560	5.81460E+21
2.50930E+00	1000260560	8.37032E+19	1000260560	8.37032E+19
1.62582E+00	1000260560	3.54547E+21	1000260560	3.54547E+21
2.48980E+00	1000260560	4.71854E+21	1000260560	4.71854E+21
9.52227E+00	1000260560	1.24943E+21	1000260560	1.24943E+21
7.33342E+00	1000260560	5.29714E+20	1000260560	5.29714E+20
5.72570E+00	1000260560	2.24876E+21	1000260560	2.24876E+21
1.99908E+00	1000260560	7.68886E+19	1000260560	7.68886E+19
8.05537E+00	1000260560	6.20172E+19	1000260560	6.20172E+19
3.08236E-01	1000260560	1.59190E+19	1000260560	1.59190E+19
6.40552E-01	1000260560	1.47850E+20	1000260560	1.47850E+20
9.88235E+00	1000260560	5.64825E+20	1000260560	5.64825E+20
5.97746E+00	1000260560	9.91994E+18	1000260560	9.91994E+18
8.79061E+00	1000260560	1.15206E+21	1000260560	1.15206E+21
3.50085E+00	1000260560	1.61661E+20	1000260560	1.61661E+20
7.17204E+00	1000260560	1.45047E+20	1000260560	1.45047E+20
1.74427E+00	1000260560	1.39915E+19	1000260560	1.39915E+19
3.06022E+00	1000260560	1.21005E+20	1000260560	1.21005E+20
7.79469E+00	1000260560	1.35454E+19	1000260560	1.35454E+19
3.22461E+00	1000260560	3.23159E+20	1000260560	3.23159E+20
9.90588E+00	1000260560	1.62412E+19	1000260560	1.62412E+19
5.89567E-01	1000260560	3.23605E+21	1000260560	3.23605E+21
2.61605E+00	1000260560	1.94130E+20	1000260560	1.94130E+20
9.40112E+00	1000260560	9.43583E+18	1000260560	9.43583E+18
9.56533E+00	1000260560	1.70988E+19	1000260560	1.70988E+19
4.79123E+00	1000260560	1.60868E+19	1000260560	1.60868E+19
5.91383E-02	1000260560	1.54734E+21	1000260560	1.54734E+21
4.71107E+00	1000260560	1.51255E+19	1000260560	1.51255E+19
7.88204E+00	1000260560	7.74293E+19	1000260560	7.74293E+19
2.82678E+00	1000260560	1.90390E+21	1000260560	1.90390E+21
8.41432E+00	1000260560	5.32096E+20	1000260560	5.32096E+20
6.67748E+00	1000260560	5.41878E+19	1000260560	5.41878E+19
9.80355E+00	1000260560	1.61805E+21	1000260560	1.61805E+21
9.40600E+00	1000260560	1.75349E+21	1000260560	1.75349E+21
6.49797E+00	1000260560	1.42640E+20	1000260560	1.42640E+20
2.77560E+00	1000260560	6.61523E+19	1000260560	6.61523E+19
5.23619E+00	1000260560	1.74435E+19	1000260560	1.74435E+19
3.70653E+00	1000260560	1.99629E+19	1000260560	1.99629E+19
1.40943E+00	1000260560	2.00748E+21	1000260560	2.00748E+21
6.82019E+00	1000260560	6.49718E+20	1000260560	6.49718E+20
4.09243E+00	1000260560	9.34015E+18	1000260560	9.34015E+18
7.63943E+00	1000260560	1.35114E+20	1000260560	1.35114E+20
4.65087E+00	1000260560	7.08157E+18	1000260560	7.08157E+18
2.51742E+00	1000260560	1.87922E+19	1000260560	1.87922E+19
1.74494E+00	1000260560	3.97891E+21	1000260560	3.97891E+21
2.63704E+00	1000260560	3.32378E+20	1000260560	3.32378E+20
4.44272E+00	1000260560	3.76580E+20	1000260560	3.76580E+20
3.28094E-01	1000260560	3.12032E+19	1000260560	3.12032E+19
7.05188E+00	1000260560	3.70009E+21	1000260560	3.70009E+21
2.98622E+00	1000260560	2.71895E+21	1000260560	2.71895E+21
9.50107E+00	1000260560	2.03347E+20	1000260560	2.03347E+20
6.63695E+00	1000260560	1.06506E+21	1000260560	1.06506E+21
7.16065E+00	1000260560	3.72040E+21	1000260560	3.72040E+21
6.33116E+00	1000260560	2.79107E+19	1000260560	2.79107E+19
4.18726E+00	1000260560	4.19921E+19	1000260560	4.19921E+19
1.49127E+00	1000260560	2.40952E+21	1000260560	2.40952E+21
2.54585E+00	1000260560	5.73194E+19	1000260560	5.73194E+19
2.63179E+00	1000260560	1.61238E+20	1000260560	1.61238E+20
9.77407E-01	1000260560	1.65491E+21	1000260560	1.65491E+21
4.04620E+00	1000260560	6.99784E+18	1000260560	6.99784E+18
7.97284E+00	1000260560	2.37616E+19	1000260560	2.37616E+19
5.04634E+00	1000260560	1.08332E+21	1000260560	1.08332E+21
7.50355E+00	1000260560	7.95677E+18	1000260560	7.95677E+18
7.25590E-01	1000260560	6.84667E+20	1000260560	6.84667E+20
8.37207E+00	1000260560	3.51809E+20	1000260560	3.51809E+20
7.00094E+00	1000260560	9.77972E+18	1000260560	9.77972E+18
6.97283E+00	1000260560	2.82426E+21	1000260560	2.82426E+21
9.57840E+00	1000260560	3.19627E+20	1000260560	3.19627E+20
5.80771E+00	1000260560	2.01737E+20	1000260560	2.01737E+20
6.89606E+00	1000260560	1.17000E+21	1000260560	1.17000E+21
5.23692E+00	1000260560	7.59481E+20	1000260560	7.59481E+20
5.18681E+00	1000260560	1.02616E+21	1000260560	1.02616E+21
6.52117E+00	1000260560	2.53425E+19	1000260560	2.53425E+19
1.47420E+00	1000260560	9.86768E+20	1000260560	9.86768E+20
7.70991E+00	1000260560	1.46593E+19	1000260560	1.46593E+19
3.77125E+00	1000260560	3.48220E+19	1000260560	3.48220E+19
3.14428E+00	1000260560	1.02244E+19	1000260560	1.02244E+19
8.51913E+00	1000260560	1.61580E+19	1000260560	1.61580E+19
2.01379E-01	1000260560	3.45392E+20	1000260560	3.45392E+20
3.75079E+00	1000260560	2.07737E+19	1000260560	2.07737E+19
3.62346E+00	1000260560	5.35173E+20	1000260560	5.35173E+20
2.81288E+00	1000260560	8.07824E+20	1000260560	8.07824E+20
9.97895E+00	1000260560	1.40341E+21	1000260560	1.40341E+21
3.37174E+00	1000260560	4.84933E+20	1000260560	4.84933E+20
9.94675E+00	1000260560	3.79792E+20	1000260560	3.79792E+20
3.00267E+00	1000260560	7.71447E+18	1000260560	7.71447E+18
1.04008E+00	1000260560	4.75373E+20	1000260560	4.75373E+20
3.24415E-01	1000260560	1.22232E+21	1000260560	1.22232E+21
5.70662E+00	1000260560	1.33033E+19	1000260560	1.33033E+19
7.19422E+00	1000260560	2.69062E+19	1000260560	2.69062E+19
5.41834E+00	1000260560	4.00459E+19	1000260560	4.00459E+19
9.38399E+00	1000260560	5.64951E+19	1000260560	5.64951E+19
2.08396E-01	1000260560	3.64784E+19	1000260560	3.64784E+19
7.80698E-01	1000260560	7.96563E+18	1000260560	7.96563E+18
7.39035E-01	1000260560	4.90776E+20	1000260560	4.90776E+20
3.77597E+00	1000260560	2.98484E+20	1000260560	2.98484E+20
4.81676E+00	1000260560	1.56355E+19	1000260560	1.56355E+19
7.71517E+00	1000260560	6.36317E+20	1000260560	6.36317E+20
9.26103E-01	1000260560	2.37239E+19	1000260560	2.37239E+19
1.97699E+00	1000260560	7.75332E+19	1000260560	7.75332E+19
8.67407E+00	1000260560	7.46043E+20	1000260560	7.46043E+20
6.84705E+00	1000260560	5.76035E+20	1000260560	5.76035E+20
4.16608E+00	1000260560	2.40878E+21	1000260560	2.40878E+21
9.07609E+00	1000260560	7.80506E+18	1000260560	7.80506E+18
6.79275E+00	1000260560	1.61304E+21	1000260560	1.61304E+21
5.20137E+00	1000260560	3.85311E+19	1000260560	3.85311E+19
4.69487E+00	1000260560	3.66092E+21	1000260560	3.66092E+21
3.38615E+00	1000260560	7.67350E+20	1000260560	7.67350E+20
7.40224E+00	1000260560	3.99585E+20	1000260560	3.99585E+20
1.52847E+00	1000260560	4.99982E+20	1000260560	4.99982E+20
6.87388E-01	1000260560	3.20419E+19	1000260560	3.20419E+19
8.50045E+00	1000260560	6.16451E+20	1000260560	6.16451E+20
4.78602E+00	1000260560	2.87410E+19	1000260560	2.87410E+19
5.66382E+00	1000260560	2.48876E+21	1000260560	2.48876E+21
6.51754E+00	1000260560	1.01265E+21	1000260560	1.01265E+21
2.24136E+00	1000260560	2.00124E+19	1000260560	2.00124E+19
1.84607E+00	1000260560	2.06330E+19	1000260560	2.06330E+19
3.44529E+00	1000260560	2.63348E+21	1000260560	2.63348E+21
8.17039E+00	1000260560	1.51362E+20	1000260560	1.51362E+20
9.15266E+00	1000260560	1.09627E+20	1000260560	1.09627E+20
3.93882E-01	1000260560	7.02935E+19	1000260560	7.02935E+19
5.49392E+00	1000260560	3.14374E+19	1000260560	3.14374E+19
9.65240E+00	1000260560	2.34327E+21	1000260560	2.34327E+21
2.59678E+00	1000260560	1.80454E+19	1000260560	1.80454E+19
5.99658E+00	1000260560	6.04389E+21	1000260560	6.04389E+21
8.44581E+00	1000260560	7.31463E+19	1000260560	7.31463E+19
4.09997E+00	1000260560	2.32618E+20	1000260560	2.32618E+20
5.66533E+00	1000260560	1.04910E+20	1000260560	1.04910E+20
6.20119E+00	1000260560	1.82396E+21	1000260560	1.82396E+21
3.68118E+00	1000260560	1.20609E+19	1000260560	1.20609E+19
1.94874E+00	1000260560	1.00374E+19	1000260560	1.00374E+19
9.79274E+00	1000260560	1.58757E+21	1000260560	1.58757E+21
8.85385E+00	1000260560	3.77495E+21	1000260560	3.77495E+21
1.80339E+00	1000260560	2.79458E+21	1000260560	2.79458E+21
8.70136E+00	1000260560	9.77756E+18	1000260560	9.77756E+18
3.60971E-02	1000260560	6.85314E+20	1000260560	6.85314E+20
4.98257E+00	1000260560	9.56237E+20	1000260560	9.56237E+20
9.50359E-01	1000260560	1.52660E+21	1000260560	1.52660E+21
5.40810E+00	1000260560	7.12620E+18	1000260560	7.12620E+18
8.90837E+00	1000260560	2.25218E+19	1000260560	2.25218E+19
2.78106E+00	1000260560	3.99557E+20	1000260560	3.99557E+20
7.01655E+00	1000260560	6.88260E+19	1000260560	6.88260E+19
2.13362E-01	1000260560	5.16699E+19	1000260560	5.16699E+19
4.99922E+00	1000260560	1.12717E+20	1000260560	1.12717E+20
4.92057E+00	1000260560	4.84271E+21	1000260560	4.84271E+21
8.84280E+00	1000260560	4.16058E+21	1000260560	4.16058E+21
7.87114E+00	1000260560	1.77024E+21	1000260560	1.77024E+21
4.65505E+00	1000260560	3.38578E+20	1000260560	3.38578E+20
2.48085E+00	1000260560	9.73047E+18	1000260560	9.73047E+18
8.31877E-01	1000260560	5.41325E+19	1000260560	5.41325E+19
7.98835E+00	1000260560	1.60119E+19	1000260560	1.60119E+19
4.82051E+00	1000260560	1.06937E+21	1000260560	1.06937E+21
9.80996E+00	1000260560	3.86505E+21	1000260560	3.86505E+21
7.80528E+00	1000260560	8.51737E+20	1000260560	8.51737E+20
3.60770E+00	1000260560	2.49932E+21	1000260560	2.49932E+21
5.90248E+00	1000260560	2.55926E+20	1000260560	2.55926E+20
8.19791E+00	1000260560	1.65366E+21	1000260560	1.65366E+21
6.77543E+00	1000260560	1.40389E+20	1000260560	1.40389E+20
4.34382E+00	1000260560	1.51428E+20	1000260560	1.51428E+20
5.05729E+00	1000260560	1.73135E+19	1000260560	1.73135E+19
2.03370E+00	1000260560	4.57256E+21	1000260560	4.57256E+21
2.94065E+00	1000260560	5.38045E+21	1000260560	5.38045E+21
2.31926E+00	1000260560	5.38743E+20	1000260560	5.38743E+20
2.51138E+00	1000260560	5.20897E+20	1000260560	5.20897E+20
4.02287E+00	1000260560	1.22322E+20	1000260560	1.22322E+20
1.69508E+00	1000260560	2.28524E+20	1000260560	2.28524E+20
4.47023E-01	1000260560	1.19234E+20	1000260560	1.19234E+20
7.92848E+00	1000260560	2.25948E+21	1000260560	2.25948E+21
8.50386E+00	1000260560	6.51948E+18	1000260560	6.51948E+18
1.66862E+00	1000260560	2.66703E+20	1000260560	2.66703E+20
5.19350E+00	1000260560	3.93457E+20	1000260560	3.93457E+20
4.72287E+00	1000260560	1.57635E+21	1000260560	1.57635E+21
4.57401E+00	1000260560	1.53484E+21	1000260560	1.53484E+21
9.15701E+00	1000260560	1.02909E+19	1000260560	1.02909E+19
3.09359E+00	1000260560	1.40408E+21	1000260560	1.40408E+21
4.98137E+00	1000260560	1.96150E+21	1000260560	1.96150E+21
6.64338E+00	1000260560	2.49827E+21	1000260560	2.49827E+21
9.59179E+00	1000260560	4.62386E+20	1000260560	4.62386E+20
7.22372E+00	1000260560	5.05860E+21	1000260560	5.05860E+21
3.42779E+00	1000260560	1.30311E+19	1000260560	1.30311E+19
8.02073E+00	1000260560	1.17209E+21	1000260560	1.17209E+21
9.89719E+00	1000260560	8.68925E+18	1000260560	8.68925E+18
1.14365E+00	1000260560	1.79022E+19	1000260560	1.79022E+19
8.58694E+00	1000260560	3.85194E+20	1000260560	3.85194E+20
9.40573E+00	1000260560	3.75512E+21	1000260560	3.75512E+21
9.46689E+00	1000260560	1.96086E+21	1000260560	1.96086E+21
2.40061E+00	1000260560	3.28460E+20	1000260560	3.28460E+20
7.00435E+00	1000260560	1.35919E+20	1000260560	1.35919E+20
6.07741E+00	1000260560	7.15318E+20	1000260560	7.15318E+20
1.70353E+00	1000260560	2.60588E+21	1000260560	2.60588E+21
3.42069E+00	1000260560	8.98063E+19	1000260560	8.98063E+19
8.98924E+00	1000260560	6.77201E+18	1000260560	6.77201E+18
6.88031E+00	1000260560	2.87780E+20	1000260560	2.87780E+20
2.71076E+00	1000260560	4.02243E+20	1000260560	4.02243E+20
4.00010E+00	1000260560	6.04533E+19	1000260560	6.04533E+19
8.56441E+00	1000260560	2.19954E+21	1000260560	2.19954E+21
5.32375E+00	1000260560	2.59039E+20	1000260560	2.59039E+20
7.39996E+00	1000260560	3.25642E+19	1000260560	3.25642E+19
2.28556E+00	1000260560	1.23164E+19	1000260560	1.23164E+19
2.05891E+00	1000260560	5.91106E+19	1000260560	5.91106E+19
6.85361E-01	1000260560	2.34242E+21	1000260560	2.34242E+21
3.51603E+00	1000260560	8.19230E+19	1000260560	8.19230E+19
7.50651E+00	1000260560	8.37813E+19	1000260560	8.37813E+19
7.93094E+00	1000260560	5.83657E+21	1000260560	5.83657E+21
9.46153E+00	1000260560	3.17350E+21	1000260560	3.17350E+21
2.08299E+00	1000260560	5.17243E+21	1000260560	5.17243E+21
1.34838E+00	1000260560	2.34592E+20	1000260560	2.34592E+20
8.54331E+00	1000260560	3.40059E+19	1000260560	3.40059E+19
6.30569E+00	1000260560	5.64484E+19	1000260560	5.64484E+19
1.66281E+00	1000260560	1.99443E+21	1000260560	1.99443E+21
7.43002E+00	1000260560	1.10510E+20	1000260560	1.10510E+20
6.80042E-01	1000260560	5.21079E+19	1000260560	5.21079E+19
1.09592E+00	1000260560	3.84329E+20	1000260560	3.84329E+20
3.45165E+00	1000260560	1.57939E+21	1000260560	1.57939E+21
2.32557E+00	1000260560	2.48902E+21	1000260560	2.48902E+21
6.75770E+00	1000260560	3.02848E+20	1000260560	3.02848E+20
9.16559E+00	1000260560	5.57892E+19	1000260560	5.57892E+19
6.95145E+00	1000260560	1.30103E+21	1000260560	1.30103E+21
2.90639E+00	1000260560	7.83728E+18	1000260560	7.83728E+18
1.46990E+00	1000260560	1.02432E+20	1000260560	1.02432E+20
2.70697E+00	1000260560	8.97645E+20	1000260560	8.97645E+20
7.07704E+00	1000260560	6.11201E+19	1000260560	6.11201E+19
8.14979E+00	1000260560	2.72838E+20	1000260560	2.72838E+20
3.77272E+00	1000260560	1.78661E+20	1000260560	1.78661E+20
9.62186E+00	1000260560	2.59455E+21	1000260560	2.59455E+21
6.03775E+00	1000260560	2.92910E+21	1000260560	2.92910E+21
6.59840E+00	1000260560	3.76460E+21	1000260560	3.76460E+21
1.06858E+00	1000260560	1.95675E+20	1000260560	1.95675E+20
1.15911E+00	1000260560	1.09414E+19	1000260560	1.09414E+19
8.63524E+00	1000260560	1.59202E+20	1000260560	1.59202E+20
5.87072E+00	1000260560	2.00807E+20	1000260560	2.00807E+20
4.42840E+00	1000260560	1.19088E+20	1000260560	1.19088E+20
9.16247E-01	1000260560	3.88146E+19	1000260560	3.88146E+19
2.42855E-01	1000260560	2.31932E+20	1000260560	2.31932E+20
4.33461E+00	1000260560	2.73420E+19	1000260560	2.73420E+19
2.64562E+00	1000260560	1.09159E+20	1000260560	1.09159E+20
9.57420E+00	1000260560	6.72272E+18	1000260560	6.72272E+18
4.45344E+00	1000260560	4.06302E+20	1000260560	4.06302E+20
1.94877E+00	1000260560	4.19758E+20	1000260560	4.19758E+20
7.95582E+00	1000260560	9.37152E+19	1000260560	9.37152E+19
5.43587E+00	1000260560	1.70731E+20	1000260560	1.70731E+20
7.24330E+00	1000260560	4.59148E+21	1000260560	4.59148E+21
6.57032E+00	1000260560	1.66093E+19	1000260560	1.66093E+19
3.97604E+00	1000260560	1.58190E+20	1000260560	1.58190E+20
3.69835E+00	1000260560	5.79725E+21	1000260560	5.79725E+21
3.20075E+00	1000260560	3.05887E+20	1000260560	3.05887E+20
4.88980E+00	1000260560	3.84560E+20	1000260560	3.84560E+20
8.33324E+00	1000260560	4.46877E+21	1000260560	4.46877E+21
9.28585E+00	1000260560	7.25239E+20	1000260560	7.25239E+20
9.57406E+00	1000260560	9.49348E+18	1000260560	9.49348E+18
9.84196E+00	1000260560	1.08318E+21	1000260560	1.08318E+21
6.64749E+00	1000260560	4.91648E+19	1000260560	4.91648E+19
7.13425E+00	1000260560	1.65097E+21	1000260560	1.65097E+21
1.15491E+00	1000260560	3.28465E+19	1000260560	3.28465E+19
3.05642E+00	1000260560	1.27114E+20	1000260560	1.27114E+20
4.48857E+00	1000260560	1.50384E+21	1000260560	1.50384E+21
4.16442E+00	1000260560	6.25001E+18	1000260560	6.25001E+18
7.48223E+00	1000260560	3.16292E+19	1000260560	3.16292E+19
8.28512E+00	1000260560	1.58268E+19	1000260560	1.58268E+19
5.70504E+00	1000260560	3.77547E+19	1000260560	3.77547E+19
6.25800E-01	1000260560	1.55880E+20	1000260560	1.55880E+20
1.96368E+00	1000260560	3.40477E+19	1000260560	3.40477E+19
9.74231E+00	1000260560	1.64944E+21	1000260560	1.64944E+21
1.88889E+00	1000260560	6.53290E+18	1000260560	6.53290E+18
7.88801E+00	1000260560	3.20162E+19	1000260560	3.20162E+19
8.94457E-01	1000260560	4.36220E+20	1000260560	4.36220E+20
4.56693E+00	1000260560	2.92903E+20	1000260560	2.92903E+20
4.13089E+00	1000260560	4.08923E+19	1000260560	4.08923E+19
5.87329E+00	1000260560	1.83497E+20	1000260560	1.83497E+20
4.35887E+00	1000260560	2.12613E+21	1000260560	2.12613E+21
9.66878E+00	1000260560	3.37304E+19	1000260560	3.37304E+19
6.32144E+00	1000260560	7.38628E+19	1000260560	7.38628E+19
8.89377E+00	1000260560	1.09574E+21	1000260560	1.09574E+21
1.98348E+00	1000260560	1.55155E+21	1000260560	1.55155E+21
5.75464E-01	1000260560	1.05631E+21	1000260560	1.05631E+21
1.29279E+00	1000260560	3.14603E+21	1000260560	3.14603E+21
3.15464E+00	1000260560	1.12766E+19	1000260560	1.12766E+19
4.12280E+00	1000260560	1.24880E+19	1000260560	1.24880E+19
9.39392E+00	1000260560	2.20696E+21	1000260560	2.20696E+21
1.83481E+00	1000260560	1.99927E+20	1000260560	1.99927E+20
2.95785E+00	1000260560	1.98504E+20	1000260560	1.98504E+20
2.32990E+00	1000260560	9.93670E+20	1000260560	9.93670E+20
1.98643E+00	1000260560	1.23313E+21	1000260560	1.23313E+21
8.68579E+00	1000260560	2.64919E+20	1000260560	2.64919E+20
9.01074E+00	1000260560	3.56132E+19	1000260560	3.56132E+19
9.30931E+00	1000260560	1.89988E+20	1000260560	1.89988E+20
8.09067E+00	1000260560	9.78418E+18	1000260560	9.78418E+18
4.08926E+00	1000260560	7.39287E+20	1000260560	7.39287E+20
3.61087E+00	1000260560	1.92037E+21	1000260560	1.92037E+21
9.56873E+00	1000260560	1.42072E+19	1000260560	1.42072E+19
8.14335E+00	1000260560	7.78497E+20	1000260560	7.78497E+20
1.72709E+00	1000260560	2.75095E+19	1000260560	2.75095E+19
2.17410E+00	1000260560	4.08528E+20	1000260560	4.08528E+20
9.39683E+00	1000260560	1.96691E+19	1000260560	1.96691E+19
8.19509E-02	1000260560	5.88738E+20	1000260560	5.88738E+20
8.21833E+00	1000260560	6.08908E+21	1000260560	6.08908E+21
6.87629E+00	1000260560	3.35375E+20	1000260560	3.35375E+20
6.57113E+00	1000260560	1.68495E+19	1000260560	1.68495E+19
4.36696E+00	1000260560	9.58468E+19	1000260560	9.58468E+19
6.48508E+00	1000260560	8.94211E+18	1000260560	8.94211E+18
2.01811E+00	1000260560	2.41508E+19	1000260560	2.41508E+19
8.74916E+00	1000260560	4.21635E+20	1000260560	4.21635E+20
6.84731E+00	1000260560	1.36417E+20	1000260560	1.36417E+20
1.44865E+00	1000260560	6.23263E+20	1000260560	6.23263E+20
7.44948E+00	1000260560	2.98780E+19	1000260560	2.98780E+19
6.03632E+00	1000260560	3.88530E+21	1000260560	3.88530E+21
6.11009E+00	1000260560	2.76385E+20	1000260560	2.76385E+20
4.41238E+00	1000260560	8.92911E+19	1000260560	8.92911E+19
1.14823E+00	1000260560	1.19144E+21	1000260560	1.19144E+21
4.96430E+00	1000260560	1.03957E+20	1000260560	1.03957E+20
3.82851E-01	1000260560	2.72965E+20	1000260560	2.72965E+20
7.08720E+00	1000260560	2.96280E+20	1000260560	2.96280E+20
9.40994E+00	1000260560	1.16255E+19	1000260560	1.16255E+19
6.22086E+00	1000260560	1.23971E+19	1000260560	1.23971E+19
3.68673E-01	1000260560	8.13703E+18	1000260560	8.13703E+18
7.31671E+00	1000260560	7.41387E+20	1000260560	7.41387E+20
5.07332E+00	1000260560	1.69177E+21	1000260560	1.69177E+21
6.92603E+00	1000260560	1.71153E+19	1000260560	1.71153E+19
8.62581E+00	1000260560	4.06669E+19	1000260560	4.06669E+19
9.20898E+00	1000260560	6.04579E+20	1000260560	6.04579E+20
2.04071E+00	1000260560	8.80113E+18	1000260560	8.80113E+18
9.87837E+00	1000260560	1.48284E+21	1000260560	1.48284E+21
3.69052E+00	1000260560	2.26200E+20	1000260560	2.26200E+20
8.03010E+00	1000260560	3.33180E+21	1000260560	3.33180E+21
3.56196E+00	1000260560	2.47900E+19	1000260560	2.47900E+19
8.72293E+00	1000260560	1.25689E+21	1000260560	1.25689E+21
5.22904E+00	1000260560	2.55459E+21	1000260560	2.55459E+21
7.61812E+00	1000260560	4.87744E+19	1000260560	4.87744E+19
8.46331E+00	1000260560	6.63347E+18	1000260560	6.63347E+18
4.61302E+00	1000260560	9.90853E+20	1000260560	9.90853E+20
1.49768E+00	1000260560	5.68047E+19	1000260560	5.68047E+19
9.80604E+00	1000260560	3.77274E+19	1000260560	3.77274E+19
8.75509E+00	1000260560	1.49462E+21	1000260560	1.49462E+21
4.60353E+00	1000260560	8.85134E+20	1000260560	8.85134E+20
2.77574E+00	1000260560	2.36119E+19	1000260560	2.36119E+19
9.49358E+00	1000260560	9.71536E+19	1000260560	9.71536E+19
9.10772E-01	1000260560	2.83512E+20	1000260560	2.83512E+20
9.40951E+00	1000260560	1.81789E+19	1000260560	1.81789E+19
9.65103E+00	1000260560	1.52063E+19	1000260560	1.52063E+19
3.53253E+00	1000260560	3.95985E+20	1000260560	3.95985E+20
7.92252E+00	1000260560	3.77331E+20	1000260560	3.77331E+20
5.47572E+00	1000260560	2.38294E+21	1000260560	2.38294E+21
8.54483E+00	1000260560	6.79771E+20	1000260560	6.79771E+20
8.38896E+00	1000260560	1.78259E+21	1000260560	1.78259E+21
7.66828E+00	1000260560	1.76743E+21	1000260560	1.76743E+21
5.30482E+00	1000260560	7.39357E+19	1000260560	7.39357E+19
3.92287E+00	1000260560	5.58434E+19	1000260560	5.58434E+19
5.30876E+00	1000260560	2.68020E+19	1000260560	2.68020E+19
3.19049E+00	1000260560	5.57857E+20	1000260560	5.57857E+20
8.63987E-01	1000260560	3.33343E+19	1000260560	3.33343E+19
8.44196E+00	1000260560	6.40155E+20	1000260560	6.40155E+20
7.78613E+00	1000260560	4.12452E+20	1000260560	4.12452E+20
5.77199E+00	1000260560	4.49607E+21	1000260560	4.49607E+21
7.91304E+00	1000260560	1.05121E+19	1000260560	1.05121E+19
4.92337E+00	1000260560	1.57515E+20	1000260560	1.57515E+20
5.57934E+00	1000260560	8.17699E+20	1000260560	8.17699E+20
5.34858E+00	1000260560	2.79969E+19	1000260560	2.79969E+19
4.27382E+00	1000260560	7.87673E+20	1000260560	7.87673E+20
1.65520E+00	1000260560	2.56444E+20	1000260560	2.56444E+20
8.04965E+00	1000260560	3.15366E+21	1000260560	3.15366E+21
8.39237E+00	1000260560	2.35432E+20	1000260560	2.35432E+20
9.32293E+00	1000260560	1.33631E+20	1000260560	1.33631E+20
7.77773E+00	1000260560	8.08156E+20	1000260560	8.08156E+20
3.92595E+00	1000260560	2.83503E+19	1000260560	2.83503E+19
7.02053E+00	1000260560	1.54097E+19	1000260560	1.54097E+19
4.47972E+00	1000260560	3.76326E+20	1000260560	3.76326E+20
3.53525E+00	1000260560	1.81695E+20	1000260560	1.81695E+20
4.93021E+00	1000260560	4.50483E+19	1000260560	4.50483E+19
1.20645E+00	1000260560	5.34247E+19	1000260560	5.34247E+19
7.99372E+00	1000260560	1.08342E+19	1000260560	1.08342E+19
5.44135E+00	1000260560	8.01716E+18	1000260560	8.01716E+18
3.43101E+00	1000260560	1.74058E+19	1000260560	1.74058E+19
3.46955E+00	1000260560	2.53322E+21	1000260560	2.53322E+21
6.96388E+00	1000260560	5.47671E+19	1000260560	5.47671E+19
6.21150E+00	1000260560	5.14193E+20	1000260560	5.14193E+20
7.37929E+00	1000260560	7.19879E+19	1000260560	7.19879E+19
1.13308E+00	1000260560	1.38170E+19	1000260560	1.38170E+19
2.71782E+00	1000260560	3.23867E+19	1000260560	3.23867E+19
3.90878E+00	1000260560	5.14972E+20	1000260560	5.14972E+20
6.63394E+00	1000260560	1.02850E+19	1000260560	1.02850E+19
5.80115E+00	1000260560	1.43715E+21	1000260560	1.43715E+21
9.68663E+00	1000260560	1.74646E+20	1000260560	1.74646E+20
8.97692E+00	1000260560	3.57941E+21	1000260560	3.57941E+21
9.66894E+00	1000260560	2.60803E+21	1000260560	2.60803E+21
4.93596E+00	1000260560	1.79952E+19	1000260560	1.79952E+19
9.12092E+00	1000260560	1.24811E+20	1000260560	1.24811E+20
4.43937E+00	1000260560	3.09254E+21	1000260560	3.09254E+21
7.79143E+00	1000260560	2.68581E+21	1000260560	2.68581E+21
5.32362E+00	1000260560	8.45165E+19	1000260560	8.45165E+19
2.84357E+00	1000260560	1.46190E+20	1000260560	1.46190E+20
5.24773E+00	1000260560	1.13238E+20	1000260560	1.13238E+20
7.86233E+00	1000260560	3.17058E+20	1000260560	3.17058E+20
4.71460E-02	1000260560	7.50667E+18	1000260560	7.50667E+18
3.29099E+00	1000260560	1.23731E+20	1000260560	1.23731E+20
7.54865E+00	1000260560	1.09371E+19	1000260560	1.09371E+19
8.36839E+00	1000260560	2.04108E+19	1000260560	2.04108E+19
1.02928E+00	1000260560	6.63382E+19	1000260560	6.63382E+19
5.58659E+00	1000260560	1.72251E+19	1000260560	1.72251E+19
4.77210E+00	1000260560	4.20989E+21	1000260560	4.20989E+21
5.75262E+00	1000260560	3.83251E+19	1000260560	3.83251E+19
7.89098E+00	1000260560	7.03246E+20	1000260560	7.03246E+20
7.86387E+00	1000260560	9.73674E+18	1000260560	9.73674E+18
6.39367E-01	1000260560	3.77750E+21	1000260560	3.77750E+21
5.50248E+00	1000260560	2.49846E+19	1000260560	2.49846E+19
6.19568E+00	1000260560	2.01709E+19	1000260560	2.01709E+19
4.32445E+00	1000260560	2.33267E+19	1000260560	2.33267E+19
9.52129E+00	1000260560	2.24743E+19	1000260560	2.24743E+19
7.60443E+00	1000260560	2.37332E+20	1000260560	2.37332E+20
1.50796E+00	1000260560	1.10654E+19	1000260560	1.10654E+19
3.84333E+00	1000260560	1.60288E+20	1000260560	1.60288E+20
4.83863E+00	1000260560	4.74519E+21	1000260560	4.74519E+21
9.90893E+00	1000260560	1.50162E+20	1000260560	1.50162E+20
9.46695E+00	1000260560	1.91570E+20	1000260560	1.91570E+20
6.07435E+00	1000260560	2.66987E+19	1000260560	2.66987E+19
6.57395E+00	1000260560	2.84649E+21	1000260560	2.84649E+21
6.45072E-01	1000260560	6.77661E+20	1000260560	6.77661E+20
8.99735E+00	1000260560	5.91472E+20	1000260560	5.91472E+20
5.81861E+00	1000260560	1.29879E+21	1000260560	1.29879E+21
6.41463E+00	1000260560	7.40197E+19	1000260560	7.40197E+19
6.02497E+00	1000260560	3.21366E+21	1000260560	3.21366E+21
9.09718E+00	1000260560	7.12790E+20	1000260560	7.12790E+20
1.50018E+00	1000260560	3.54094E+20	1000260560	3.54094E+20
2.94216E-01	1000260560	2.15145E+19	1000260560	2.15145E+19
1.69924E+00	1000260560	5.53405E+19	1000260560	5.53405E+19
1.68788E-01	1000260560	1.24528E+21	1000260560	1.24528E+21
3.49117E-01	1000260560	1.22689E+20	1000260560	1.22689E+20
5.35848E+00	1000260560	3.30437E+19	1000260560	3.30437E+19
4.68949E+00	1000260560	1.56785E+19	1000260560	1.56785E+19
7.04850E+00	1000260560	3.55277E+19	1000260560	3.55277E+19
1.53687E+00	1000260560	4.56949E+21	1000260560	4.56949E+21
2.37977E+00	1000260560	1.74511E+21	1000260560	1.74511E+21
8.93825E+00	1000260560	7.60127E+18	1000260560	7.60127E+18
7.00613E+00	1000260560	8.76550E+19	1000260560	8.76550E+19
1.58572E+00	1000260560	1.66568E+19	1000260560	1.66568E+19
8.48180E+00	1000260560	1.01264E+21	1000260560	1.01264E+21
2.74398E+00	1000260560	1.27590E+20	1000260560	1.27590E+20
1.48867E+00	1000260560	1.28824E+20	1000260560	1.28824E+20
8.18399E+00	1000260560	2.06222E+19	1000260560	2.06222E+19
8.49581E+00	1000260560	6.20745E+20	1000260560	6.20745E+20
4.53227E+00	1000260560	1.58672E+20	1000260560	1.58672E+20
9.37218E-01	1000260560	2.33003E+19	1000260560	2.33003E+19
9.21384E+00	1000260560	1.26164E+20	1000260560	1.26164E+20
4.62426E+00	1000260560	1.18770E+20	1000260560	1.18770E+20
3.65991E+00	1000260560	5.74073E+21	1000260560	5.74073E+21
1.00665E+00	1000260560	1.45612E+19	1000260560	1.45612E+19
1.77590E+00	1000260560	1.42672E+20	1000260560	1.42672E+20
2.36159E+00	1000260560	5.95579E+21	1000260560	5.95579E+21
2.02416E+00	1000260560	8.10188E+18	1000260560	8.10188E+18
7.50763E+00	1000260560	2.93730E+19	1000260560	2.93730E+19
2.56949E+00	1000260560	1.07379E+20	1000260560	1.07379E+20
9.42997E+00	1000260560	4.61866E+21	1000260560	4.61866E+21
4.77182E+00	1000260560	9.14745E+18	1000260560	9.14745E+18
3.12303E+00	1000260560	2.34566E+21	1000260560	2.34566E+21
8.17723E+00	1000260560	1.26887E+21	1000260560	1.26887E+21
6.96757E+00	1000260560	2.40769E+19	1000260560	2.40769E+19
4.13473E+00	1000260560	1.30370E+19	1000260560	1.30370E+19
4.41166E+00	1000260560	2.04033E+19	1000260560	2.04033E+19
2.42637E+00	1000260560	8.64869E+20	1000260560	8.64869E+20
6.60309E+00	1000260560	1.15777E+21	1000260560	1.15777E+21
2.81886E+00	1000260560	7.71773E+19	1000260560	7.71773E+19
1.51449E+00	1000260560	1.06084E+21	1000260560	1.06084E+21
8.29621E+00	1000260560	3.64849E+20	1000260560	3.64849E+20
4.63958E+00	1000260560	1.70471E+21	1000260560	1.70471E+21
6.26551E+00	1000260560	2.86907E+20	1000260560	2.86907E+20
8.52939E+00	1000260560	1.08831E+19	1000260560	1.08831E+19
1.98135E+00	1000260560	1.53395E+19	1000260560	1.53395E+19
6.98180E+00	1000260560	2.34082E+21	1000260560	2.34082E+21
8.61681E+00	1000260560	1.08690E+21	1000260560	1.08690E+21
2.10343E+00	1000260560	2.95750E+19	1000260560	2.95750E+19
5.47022E+00	1000260560	2.88554E+21	1000260560	2.88554E+21
7.19628E+00	1000260560	4.64103E+21	1000260560	4.64103E+21
9.69823E+00	1000260560	2.17975E+21	1000260560	2.17975E+21
7.13244E+00	1000260560	2.86274E+21	1000260560	2.86274E+21
8.66958E-01	1000260560	3.63043E+21	1000260560	3.63043E+21
2.67407E+00	1000260560	1.16155E+20	1000260560	1.16155E+20
6.16120E+00	1000260560	3.28058E+19	1000260560	3.28058E+19
2.81894E+00	1000260560	1.49390E+21	1000260560	1.49390E+21
7.62986E+00	1000260560	3.66533E+20	1000260560	3.66533E+20
1.36396E+00	1000260560	3.40605E+20	1000260560	3.40605E+20
2.39788E+00	1000260560	3.77030E+21	1000260560	3.77030E+21
3.94289E+00	1000260560	1.53685E+20	1000260560	1.53685E+20
6.13830E-01	1000260560	6.46942E+18	1000260560	6.46942E+18
3.59104E+00	1000260560	2.71357E+19	1000260560	2.71357E+19
3.88612E+00	1000260560	9.59613E+19	1000260560	9.59613E+19
6.36694E+00	1000260560	5.95907E+21	1000260560	5.95907E+21
2.71901E+00	1000260560	2.91473E+21	1000260560	2.91473E+21
9.77947E-01	1000260560	1.74016E+21	1000260560	1.74016E+21
5.77193E+00	1000260560	2.59574E+21	1000260560	2.59574E+21
3.72059E+00	1000260560	8.40330E+20	1000260560	8.40330E+20
6.91642E+00	1000260560	1.52700E+20	1000260560	1.52700E+20
5.45879E+00	1000260560	4.21778E+20	1000260560	4.21778E+20
9.31786E+00	1000260560	4.11972E+20	1000260560	4.11972E+20
4.73456E+00	1000260560	1.40609E+19	1000260560	1.40609E+19
5.78503E+00	1000260560	4.69169E+21	1000260560	4.69169E+21
5.99873E+00	1000260560	2.06374E+21	1000260560	2.06374E+21
7.85561E+00	1000260560	1.14511E+19	1000260560	1.14511E+19
7.45594E+00	1000260560	4.45421E+20	1000260560	4.45421E+20
5.71376E+00	1000260560	1.67901E+20	1000260560	1.67901E+20
9.62765E+00	1000260560	1.69573E+20	1000260560	1.69573E+20
5.26929E+00	1000260560	9.11574E+18	1000260560	9.11574E+18
5.30732E+00	1000260560	1.63062E+20	1000260560	1.63062E+20
8.66127E+00	1000260560	1.56025E+19	1000260560	1.56025E+19
1.95433E+00	1000260560	3.49547E+21	1000260560	3.49547E+21
8.53781E+00	1000260560	1.22693E+19	1000260560	1.22693E+19
3.83235E+00	1000260560	1.20467E+21	1000260560	1.20467E+21
5.74602E+00	1000260560	2.24938E+19	1000260560	2.24938E+19
2.24490E+00	1000260560	7.87424E+19	1000260560	7.87424E+19
2.16078E-01	1000260560	1.51229E+21	1000260560	1.51229E+21
4.10378E+00	1000260560	8.72405E+19	1000260560	8.72405E+19
2.29919E+00	1000260560	6.79369E+19	1000260560	6.79369E+19
1.55988E+00	1000260560	1.52035E+21	1000260560	1.52035E+21
4.13933E+00	1000260560	5.84477E+21	1000260560	5.84477E+21
3.20461E+00	1000260560	1.43563E+21	1000260560	1.43563E+21
8.45971E+00	1000260560	3.57849E+21	1000260560	3.57849E+21
9.27428E+00	1000260560	2.24486E+20	1000260560	2.24486E+20
7.55740E+00	1000260560	2.20578E+21	1000260560	2.20578E+21
5.33994E+00	1000260560	2.58454E+19	1000260560	2.58454E+19
1.77062E-02	1000260560	5.03401E+21	1000260560	5.03401E+21
1.89548E+00	1000260560	1.26211E+20	1000260560	1.26211E+20
4.83408E+00	1000260560	8.97035E+20	1000260560	8.97035E+20
5.28858E+00	1000260560	1.90311E+19	1000260560	1.90311E+19
8.88847E+00	1000260560	8.29968E+20	1000260560	8.29968E+20
6.92979E-01	1000260560	1.28931E+20	1000260560	1.28931E+20
7.28754E+00	1000260560	4.31130E+19	1000260560	4.31130E+19
4.31930E+00	1000260560	1.72612E+20	1000260560	1.72612E+20
2.26585E+00	1000260560	1.67639E+20	1000260560	1.67639E+20
9.44834E+00	1000260560	2.24256E+19	1000260560	2.24256E+19
4.45333E+00	1000260560	5.44438E+19	1000260560	5.44438E+19
7.77388E+00	1000260560	1.53349E+20	1000260560	1.53349E+20
5.36366E+00	1000260560	2.23043E+20	1000260560	2.23043E+20
7.80454E+00	1000260560	1.42163E+19	1000260560	1.42163E+19
8.84182E+00	1000260560	4.54636E+21	1000260560	4.54636E+21
9.26887E+00	1000260560	2.67632E+19	1000260560	2.67632E+19
7.18218E+00	1000260560	1.52145E+21	1000260560	1.52145E+21
2.38198E+00	1000260560	4.84832E+21	1000260560	4.84832E+21
2.71371E+00	1000260560	1.30241E+19	1000260560	1.30241E+19
4.21270E+00	1000260560	7.78408E+18	1000260560	7.78408E+18
3.80584E+00	1000260560	4.63642E+21	1000260560	4.63642E+21
6.20740E+00	1000260560	7.98813E+20	1000260560	7.98813E+20
1.45145E+00	1000260560	2.34496E+19	1000260560	2.34496E+19
4.90743E-01	1000260560	4.52069E+21	1000260560	4.52069E+21
3.24535E+00	1000260560	2.70257E+21	1000260560	2.70257E+21
7.95427E+00	1000260560	1.54826E+21	1000260560	1.54826E+21
9.05283E+00	1000260560	3.68406E+19	1000260560	3.68406E+19
4.25251E+00	1000260560	2.55971E+21	1000260560	2.55971E+21
8.28062E+00	1000260560	9.80380E+18	1000260560	9.80380E+18
5.34276E+00	1000260560	4.59565E+21	1000260560	4.59565E+21
6.81814E+00	1000260560	4.14004E+20	1000260560	4.14004E+20
2.86311E+00	1000260560	1.33757E+21	1000260560	1.33757E+21
7.27353E+00	1000260560	3.47590E+19	1000260560	3.47590E+19
6.12710E+00	1000260560	1.98192E+19	1000260560	1.98192E+19
6.43043E+00	1000260560	3.26568E+20	1000260560	3.26568E+20
9.74409E+00	1000260560	1.65007E+21	1000260560	1.65007E+21
9.33928E+00	1000260560	6.27651E+20	1000260560	6.27651E+20
1.61949E+00	1000260560	1.78917E+21	1000260560	1.78917E+21
9.39387E+00	1000260560	1.34871E+20	1000260560	1.34871E+20
5.43276E+00	1000260560	4.62563E+19	1000260560	4.62563E+19
9.18157E-01	1000260560	9.04170E+20	1000260560	9.04170E+20
9.40968E+00	1000260560	7.21360E+19	1000260560	7.21360E+19
7.85486E+00	1000260560	1.40488E+20	1000260560	1.40488E+20
5.29749E+00	1000260560	1.46306E+19	1000260560	1.46306E+19
2.10328E+00	1000260560	4.23344E+21	1000260560	4.23344E+21
9.69549E+00	1000260560	1.59191E+21	1000260560	1.59191E+21
4.68548E+00	1000260560	1.45935E+19	1000260560	1.45935E+19
7.85369E+00	1000260560	3.46701E+20	1000260560	3.46701E+20
1.93516E+00	1000260560	1.19027E+20	1000260560	1.19027E+20
3.71551E-02	1000260560	9.61752E+18	1000260560	9.61752E+18
2.98761E+00	1000260560	2.54975E+20	1000260560	2.54975E+20
3.02240E+00	1000260560	1.97567E+21	1000260560	1.97567E+21
3.82764E+00	1000260560	1.86670E+21	1000260560	1.86670E+21
2.30201E-01	1000260560	4.52074E+20	1000260560	4.52074E+20
4.97612E+00	1000260560	4.82024E+21	1000260560	4.82024E+21
4.67536E+00	1000260560	5.35393E+19	1000260560	5.35393E+19
1.14687E+00	1000260560	4.37647E+21	1000260560	4.37647E+21
8.23330E+00	1000260560	3.08463E+19	1000260560	3.08463E+19
9.17136E+00	1000260560	1.19341E+19	1000260560	1.19341E+19
6.49810E-01	1000260560	1.99240E+21	1000260560	1.99240E+21
1.53943E+00	1000260560	4.33117E+19	1000260560	4.33117E+19
6.49478E+00	1000260560	1.59220E+19	1000260560	1.59220E+19
6.20294E+00	1000260560	1.51500E+21	1000260560	1.51500E+21
5.83873E+00	1000260560	8.99160E+20	1000260560	8.99160E+20
7.12277E+00	1000260560	7.85575E+18	1000260560	7.85575E+18
9.39527E+00	1000260560	6.06349E+20	1000260560	6.06349E+20
4.94070E+00	1000260560	1.16944E+19	1000260560	1.16944E+19
6.70220E+00	1000260560	4.41109E+20	1000260560	4.41109E+20
7.01232E+00	1000260560	1.57066E+19	1000260560	1.57066E+19
1.96567E+00	1000260560	7.79986E+19	1000260560	7.79986E+19
3.75301E+00	1000260560	2.80308E+21	1000260560	2.80308E+21
8.38098E+00	1000260560	6.20548E+20	1000260560	6.20548E+20
9.46113E+00	1000260560	1.62882E+19	1000260560	1.62882E+19
4.57955E+00	1000260560	1.87445E+20	1000260560	1.87445E+20
2.01171E-01	1000260560	2.85557E+19	1000260560	2.85557E+19
3.74250E+00	1000260560	9.37338E+19	1000260560	9.37338E+19
9.13719E+00	1000260560	2.54438E+21	1000260560	2.54438E+21
9.99471E+00	1000260560	2.39914E+21	1000260560	2.39914E+21
7.80291E+00	1000260560	3.64067E+19	1000260560	3.64067E+19
5.03163E+00	1000260560	2.62876E+21	1000260560	2.62876E+21
9.05858E+00	1000260560	3.14510E+19	1000260560	3.14510E+19
1.36685E+00	1000260560	4.74835E+21	1000260560	4.74835E+21
5.76326E+00	1000260560	2.05430E+20	1000260560	2.05430E+20
3.14279E+00	1000260560	3.93482E+19	1000260560	3.93482E+19
7.84985E+00	1000260560	1.75651E+20	1000260560	1.75651E+20
7.19769E-01	1000260560	1.23660E+19	1000260560	1.23660E+19
6.04434E+00	1000260560	5.05462E+20	1000260560	5.05462E+20
6.60288E+00	1000260560	6.34502E+20	1000260560	6.34502E+20
3.57974E+00	1000260560	3.95780E+19	1000260560	3.95780E+19
4.53104E+00	1000260560	3.96689E+20	1000260560	3.96689E+20
4.39487E-01	1000260560	2.85282E+21	1000260560	2.85282E+21
2.08150E+00	1000260560	5.87749E+19	1000260560	5.87749E+19
9.64829E+00	1000260560	1.34194E+21	1000260560	1.34194E+21
7.32654E+00	1000260560	2.22361E+21	1000260560	2.22361E+21
4.63536E+00	1000260560	1.18169E+20	1000260560	1.18169E+20
1.57620E+00	1000260560	3.22440E+21	1000260560	3.22440E+21
6.26127E+00	1000260560	2.94368E+19	1000260560	2.94368E+19
6.05751E+00	1000260560	2.34161E+20	1000260560	2.34161E+20
5.96308E+00	1000260560	4.47342E+21	1000260560	4.47342E+21
2.93296E+00	1000260560	8.67760E+20	1000260560	8.67760E+20
2.87206E+00	1000260560	2.07303E+19	1000260560	2.07303E+19
7.54773E+00	1000260560	5.88389E+19	1000260560	5.88389E+19
5.72190E+00	1000260560	5.03434E+20	1000260560	5.03434E+20
2.58578E+00	1000260560	8.75983E+18	1000260560	8.75983E+18
4.82044E+00	1000260560	1.53465E+19	1000260560	1.53465E+19
5.94978E+00	1000260560	2.58863E+20	1000260560	2.58863E+20
8.58037E+00	1000260560	5.68652E+20	1000260560	5.68652E+20
4.62733E+00	1000260560	6.97822E+20	1000260560	6.97822E+20
4.55417E+00	1000260560	6.52476E+18	1000260560	6.52476E+18
9.49863E-01	1000260560	4.43416E+21	1000260560	4.43416E+21
5.61539E-01	1000260560	1.09212E+21	1000260560	1.09212E+21
7.64724E+00	1000260560	9.74800E+18	1000260560	9.74800E+18
3.53283E+00	1000260560	6.25129E+20	1000260560	6.25129E+20
2.90855E+00	1000260560	1.33712E+21	1000260560	1.33712E+21
2.62654E+00	1000260560	3.26632E+19	1000260560	3.26632E+19
1.15935E+00	1000260560	3.04296E+20	1000260560	3.04296E+20
6.22276E-01	1000260560	1.25787E+19	1000260560	1.25787E+19
5.35980E+00	1000260560	1.97953E+20	1000260560	1.97953E+20
4.55912E+00	1000260560	2.82762E+20	1000260560	2.82762E+20
9.23283E+00	1000260560	4.78558E+20	1000260560	4.78558E+20
2.11001E+00	1000260560	3.44612E+21	1000260560	3.44612E+21
1.27739E+00	1000260560	3.28788E+20	1000260560	3.28788E+20
3.29901E+00	1000260560	6.23717E+20	1000260560	6.23717E+20
8.94865E+00	1000260560	1.73771E+21	1000260560	1.73771E+21
9.48062E+00	1000260560	3.68522E+20	1000260560	3.68522E+20
8.03581E+00	1000260560	1.55627E+19	1000260560	1.55627E+19
3.07343E-01	1000260560	1.43569E+19	1000260560	1.43569E+19
4.39529E+00	1000260560	3.85382E+19	1000260560	3.85382E+19
1.66634E+00	1000260560	1.64614E+21	1000260560	1.64614E+21
4.46472E+00	1000260560	1.22549E+21	1000260560	1.22549E+21
8.27918E+00	1000260560	2.25748E+19	1000260560	2.25748E+19
9.85167E+00	1000260560	1.09461E+19	1000260560	1.09461E+19
2.30314E+00	1000260560	5.15135E+20	1000260560	5.15135E+20
6.69646E+00	1000260560	3.64034E+21	1000260560	3.64034E+21
9.35034E+00	1000260560	1.61939E+20	1000260560	1.61939E+20
1.26275E+00	1000260560	4.64533E+19	1000260560	4.64533E+19
7.23889E+00	1000260560	6.53116E+20	1000260560	6.53116E+20
7.49616E+00	1000260560	9.85284E+19	1000260560	9.85284E+19
2.70822E+00	1000260560	9.33043E+20	1000260560	9.33043E+20
3.38731E+00	1000260560	4.77874E+19	1000260560	4.77874E+19
4.80230E+00	1000260560	7.92649E+20	1000260560	7.92649E+20
6.76566E-01	1000260560	4.04773E+21	1000260560	4.04773E+21
6.16827E+00	1000260560	7.21551E+18	1000260560	7.21551E+18
9.24048E+00	1000260560	1.62351E+19	1000260560	1.62351E+19
9.84861E+00	1000260560	1.84040E+19	1000260560	1.84040E+19
3.05867E+00	1000260560	4.55151E+20	1000260560	4.55151E+20
4.98373E+00	1000260560	7.19656E+20	1000260560	7.19656E+20
8.91836E-01	1000260560	1.99437E+20	1000260560	1.99437E+20
8.03253E+00	1000260560	1.41985E+19	1000260560	1.41985E+19
5.26039E+00	1000260560	1.34410E+20	1000260560	1.34410E+20
8.19001E+00	1000260560	9.21467E+20	1000260560	9.21467E+20
1.03072E+00	1000260560	1.62434E+20	1000260560	1.62434E+20
3.19936E+00	1000260560	5.75647E+19	1000260560	5.75647E+19
7.46277E+00	1000260560	5.30203E+19	1000260560	5.30203E+19
3.78452E-01	1000260560	4.85488E+21	1000260560	4.85488E+21
4.88094E+00	1000260560	1.18252E+20	1000260560	1.18252E+20
3.24973E+00	1000260560	5.96924E+20	1000260560	5.96924E+20
1.47711E+00	1000260560	2.47397E+20	1000260560	2.47397E+20
9.56829E+00	1000260560	1.91758E+19	1000260560	1.91758E+19
2.65978E+00	1000260560	8.32428E+19	1000260560	8.32428E+19
4.80686E+00	1000260560	5.28814E+19	1000260560	5.28814E+19
5.54447E+00	1000260560	7.08488E+19	1000260560	7.08488E+19
1.68819E+00	1000260560	1.16372E+19	1000260560	1.16372E+19
4.96692E+00	1000260560	4.62219E+21	1000260560	4.62219E+21
3.59903E-01	1000260560	1.44766E+20	1000260560	1.44766E+20
3.42233E+00	1000260560	6.38066E+20	1000260560	6.38066E+20
8.95826E+00	1000260560	8.01819E+19	1000260560	8.01819E+19
7.95608E+00	1000260560	2.55496E+19	1000260560	2.55496E+19
5.63871E+00	1000260560	2.36252E+21	1000260560	2.36252E+21
7.51395E+00	1000260560	8.35321E+18	1000260560	8.35321E+18
9.30308E+00	1000260560	1.00863E+19	1000260560	1.00863E+19
7.13368E+00	1000260560	2.93304E+20	1000260560	2.93304E+20
5.16689E+00	1000260560	4.14292E+19	1000260560	4.14292E+19
1.85376E+00	1000260560	2.00341E+20	1000260560	2.00341E+20
4.41242E+00	1000260560	2.63410E+21	1000260560	2.63410E+21
5.04624E+00	1000260560	1.10898E+19	1000260560	1.10898E+19
1.72600E+00	1000260560	1.34294E+19	1000260560	1.34294E+19
1.67134E+00	1000260560	3.15075E+19	1000260560	3.15075E+19
8.77416E+00	1000260560	2.38690E+19	1000260560	2.38690E+19
4.48604E+00	1000260560	1.03407E+20	1000260560	1.03407E+20
8.95674E+00	1000260560	4.12764E+20	1000260560	4.12764E+20
7.10639E+00	1000260560	3.62234E+20	1000260560	3.62234E+20
2.64366E+00	1000260560	5.12717E+20	1000260560	5.12717E+20
7.68178E+00	1000260560	2.42392E+21	1000260560	2.42392E+21
4.31789E+00	1000260560	1.52660E+20	1000260560	1.52660E+20
2.02223E+00	1000260560	1.00248E+20	1000260560	1.00248E+20
4.38660E+00	1000260560	6.40775E+19	1000260560	6.40775E+19
4.43561E+00	1000260560	4.42244E+19	1000260560	4.42244E+19
4.28845E+00	1000260560	1.54085E+20	1000260560	1.54085E+20
9.01733E+00	1000260560	3.45335E+19	1000260560	3.45335E+19
1.41684E+00	1000260560	5.79105E+21	1000260560	5.79105E+21
3.74230E+00	1000260560	1.13996E+19	1000260560	1.13996E+19
4.59287E+00	1000260560	3.38067E+20	1000260560	3.38067E+20
9.40284E+00	1000260560	2.38913E+21	1000260560	2.38913E+21
5.58113E+00	1000260560	6.29587E+20	1000260560	6.29587E+20
3.48426E+00	1000260560	1.05159E+20	1000260560	1.05159E+20
6.12484E+00	1000260560	2.10716E+21	1000260560	2.10716E+21
4.94515E-02	1000260560	8.81628E+20	1000260560	8.81628E+20
1.60067E+00	1000260560	2.26611E+21	1000260560	2.26611E+21
7.47079E+00	1000260560	4.66999E+20	1000260560	4.66999E+20
2.06787E+00	1000260560	9.36683E+18	1000260560	9.36683E+18
2.05348E+00	1000260560	5.70547E+19	1000260560	5.70547E+19
3.92642E+00	1000260560	6.78304E+19	1000260560	6.78304E+19
3.52698E+00	1000260560	4.10179E+19	1000260560	4.10179E+19
5.66382E+00	1000260560	4.61190E+21	1000260560	4.61190E+21
1.24409E+00	1000260560	5.00092E+20	1000260560	5.00092E+20
8.88086E+00	1000260560	6.88574E+18	1000260560	6.88574E+18
8.73864E+00	1000260560	4.27379E+19	1000260560	4.27379E+19
8.56581E-01	1000260560	2.93258E+20	1000260560	2.93258E+20
7.82737E+00	1000260560	2.35456E+19	1000260560	2.35456E+19
3.26552E+00	1000260560	1.20783E+19	1000260560	1.20783E+19
8.44799E+00	1000260560	2.11751E+20	1000260560	2.11751E+20
2.30613E-02	1000260560	2.32261E+21	1000260560	2.32261E+21
9.60553E+00	1000260560	3.19440E+19	1000260560	3.19440E+19
8.80024E+00	1000260560	2.38567E+21	1000260560	2.38567E+21
4.66382E+00	1000260560	2.83708E+21	1000260560	2.83708E+21
9.66184E+00	1000260560	3.26676E+19	1000260560	3.26676E+19
9.90440E+00	1000260560	4.48820E+20	1000260560	4.48820E+20
1.86938E+00	1000260560	1.17121E+19	1000260560	1.17121E+19
9.63472E+00	1000260560	2.51947E+19	1000260560	2.51947E+19
4.82654E-02	1000260560	1.52085E+20	1000260560	1.52085E+20
7.06309E+00	1000260560	3.49803E+20	1000260560	3.49803E+20
1.20266E+00	1000260560	2.73474E+19	1000260560	2.73474E+19
3.93213E+00	1000260560	2.85074E+20	1000260560	2.85074E+20
9.65344E+00	1000260560	8.25138E+20	1000260560	8.25138E+20
7.42386E+00	1000260560	3.98056E+20	1000260560	3.98056E+20
3.94252E+00	1000260560	9.32125E+20	1000260560	9.32125E+20
9.81683E+00	1000260560	5.14103E+20	1000260560	5.14103E+20
3.25077E+00	1000260560	5.83728E+21	1000260560	5.83728E+21
1.42907E-01	1000260560	1.25949E+21	1000260560	1.25949E+21
6.88057E+00	1000260560	9.04887E+18	1000260560	9.04887E+18
1.80010E+00	1000260560	6.73866E+20	1000260560	6.73866E+20
4.75610E+00	1000260560	2.26021E+20	1000260560	2.26021E+20
2.22993E+00	1000260560	4.54784E+21	1000260560	4.54784E+21
4.69583E+00	1000260560	1.44237E+19	1000260560	1.44237E+19
4.90902E+00	1000260560	3.21518E+20	1000260560	3.21518E+20
6.23441E-01	1000260560	8.09010E+19	1000260560	8.09010E+19
3.36207E+00	1000260560	5.39326E+19	1000260560	5.39326E+19
3.16207E+00	1000260560	2.36829E+19	1000260560	2.36829E+19
7.50525E+00	1000260560	1.70302E+21	1000260560	1.70302E+21
7.90149E+00	1000260560	1.01864E+20	1000260560	1.01864E+20
5.28832E+00	1000260560	3.32915E+21	1000260560	3.32915E+21
5.45099E+00	1000260560	2.88386E+21	1000260560	2.88386E+21
4.26210E+00	1000260560	4.14624E+19	1000260560	4.14624E+19
5.01553E+00	1000260560	1.19645E+20	1000260560	1.19645E+20
5.82292E+00	1000260560	1.06157E+20	1000260560	1.06157E+20
6.41478E+00	1000260560	8.13895E+19	1000260560	8.13895E+19
2.42101E+00	1000260560	5.51791E+19	1000260560	5.51791E+19
8.82438E+00	1000260560	6.25179E+18	1000260560	6.25179E+18
5.37922E+00	1000260560	2.42987E+19	1000260560	2.42987E+19
4.91336E-01	1000260560	7.77155E+20	1000260560	7.77155E+20
7.84976E+00	1000260560	1.28286E+19	1000260560	1.28286E+19
5.75354E+00	1000260560	1.12316E+20	1000260560	1.12316E+20
9.29533E+00	1000260560	9.76220E+19	1000260560	9.76220E+19
4.08569E+00	1000260560	4.49051E+20	1000260560	4.49051E+20
3.89430E+00	1000260560	5.65592E+19	1000260560	5.65592E+19
