#	D	ID	E	ID0	E0
#
# D             Trajectory length [1 Mpc]
# ID/ID0/ID1    Particle type (PDG MC numbering scheme)
# E/E0/E1       Energy [1 EeV]
# no index = current, 0 = at source, 1 = at point of creation
#
# CRPropa version: -128-NOTFOUND
#
2.69241E+00	1000010010	2.17067E+01	1000010010	2.17067E+01
9.84070E+00	1000010010	1.00583E+00	1000010010	1.00583E+00
3.50553E+00	1000010010	5.07416E+00	1000010010	5.07416E+00
3.87759E-01	1000010010	1.35975E+00	1000010010	1.35975E+00
6.66286E+00	1000010010	9.76122E+00	1000010010	9.76122E+00
7.01021E+00	1000010010	1.30139E+01	1000010010	1.30139E+01
4.39009E+00	1000010010	1.20295E+01	1000010010	1.20295E+01
4.29210E+00	1000010010	5.47134E+00	1000010010	5.47134E+00
1.41772E+00	1000010010	1.06858E+00	1000010010	1.06858E+00
4.80503E+00	1000000010	1.39829E+02	1000010010	2.04761E+02
6.76291E+00	1000010010	1.04494E+02	1000010010	1.22130E+02
3.96236E+00	1000010010	5.05702E+00	1000010010	5.05702E+00
8.56628E+00	1000010010	9.68120E+00	1000010010	9.68120E+00
1.12480E+00	1000010010	7.46337E+00	1000010010	7.46337E+00
3.88007E+00	1000010010	4.12554E+01	1000010010	4.12554E+01
6.00877E-02	1000010010	2.03172E+02	1000010010	2.03172E+02
7.72992E+00	1000010010	4.50070E+01	1000010010	4.50070E+01
4.65368E+00	1000010010	1.09204E+00	1000010010	1.09204E+00
8.32758E+00	1000000010	1.91563E+02	1000010010	2.07474E+02
4.60553E+00	1000010010	9.10848E+01	1000010010	9.10848E+01
1.03815E+00	1000010010	5.81726E+00	1000010010	5.81726E+00
4.28406E+00	1000010010	6.75142E+01	1000010010	1.05391E+02
9.59023E+00	1000010010	9.69805E+02	1000010010	9.69805E+02
7.16487E+00	1000010010	2.42891E+02	1000010010	2.91019E+02
7.11222E+00	1000010010	1.33805E+01	1000010010	1.33805E+01
2.22237E+00	1000010010	2.20319E+01	1000010010	2.20319E+01
9.79899E+00	1000010010	1.91873E+00	1000010010	1.91873E+00
6.43669E+00	1000010010	1.18945E+01	1000010010	1.18945E+01
4.58746E-01	1000010010	5.00424E+00	1000010010	5.00424E+00
7.97331E+00	1000010010	1.57475E+01	1000010010	1.57475E+01
5.58676E+00	1000010010	7.60073E+01	1000010010	7.60073E+01
6.18854E+00	1000010010	1.16094E+01	1000010010	1.16094E+01
2.07377E+00	1000010010	2.77781E+00	1000010010	2.77781E+00
1.88296E-01	1000010010	1.94749E+00	1000010010	1.94749E+00
7.87784E+00	1000010010	5.50999E+00	1000010010	5.50999E+00
9.66410E+00	1000010010	8.54524E+00	1000010010	8.54524E+00
6.99262E+00	1000000010	6.90338E+01	1000010010	8.30635E+01
1.33258E+00	1000010010	1.09926E+02	1000010010	1.09926E+02
1.81580E+00	1000010010	6.75592E+01	1000010010	6.75592E+01
3.27129E+00	1000010010	5.36195E+02	1000010010	5.36195E+02
5.90621E+00	1000010010	7.72346E+00	1000010010	7.72346E+00
3.21983E+00	1000010010	3.43951E+00	1000010010	3.43951E+00
2.66493E-02	1000010010	2.44384E+02	1000010010	2.44384E+02
2.19961E+00	1000010010	1.93128E+00	1000010010	1.93128E+00
7.01564E+00	1000010010	1.24980E+01	1000010010	1.24980E+01
8.95768E+00	1000000010	1.82897E+02	1000010010	2.84022E+02
5.99625E+00	1000010010	2.31972E+01	1000010010	2.31972E+01
9.32300E+00	1000000010	4.45914E+02	1000010010	9.10994E+02
4.93453E+00	1000010010	1.52940E+01	1000010010	1.52940E+01
6.30157E+00	1000010010	2.83465E+00	1000010010	2.83465E+00
8.12262E+00	1000010010	2.13037E+01	1000010010	2.13037E+01
3.07491E+00	1000010010	2.16394E+01	1000010010	2.16394E+01
8.32810E+00	1000010010	2.22733E+01	1000010010	2.22733E+01
2.22726E+00	1000010010	2.19514E+02	1000010010	2.57062E+02
6.86406E+00	1000010010	1.82993E+01	1000010010	1.82993E+01
8.75835E+00	1000010010	1.70831E+00	1000010010	1.70831E+00
5.16628E-01	1000010010	5.15365E+01	1000010010	5.15365E+01
8.15303E+00	1000010010	1.36263E+01	1000010010	1.36263E+01
2.49810E+00	1000010010	1.06918E+01	1000010010	1.06918E+01
6.13832E+00	1000000010	2.68097E+02	1000010010	3.02760E+02
9.99577E+00	1000010010	5.96765E+02	1000010010	9.05620E+02
5.89806E+00	1000010010	4.40963E+00	1000010010	4.40963E+00
8.80266E+00	1000010010	1.65679E+02	1000010010	2.10133E+02
9.07891E+00	1000010010	5.38653E+01	1000010010	5.38653E+01
2.85366E+00	1000010010	1.32318E+01	1000010010	1.32318E+01
6.11877E+00	1000010010	5.61114E+01	1000010010	5.61114E+01
7.98283E+00	1000010010	2.13158E+01	1000010010	2.13158E+01
8.18166E+00	1000010010	4.09992E+00	1000010010	4.09992E+00
1.84062E+00	1000010010	2.82270E+01	1000010010	2.82270E+01
8.14799E+00	1000010010	2.43320E+00	1000010010	2.43320E+00
6.50283E+00	1000010010	2.53322E+00	1000010010	2.53322E+00
5.88385E+00	1000010010	1.50165E+00	1000010010	1.50165E+00
8.77863E+00	1000000010	8.01576E+01	1000010010	9.31230E+01
8.71270E+00	1000010010	4.66698E+00	1000010010	4.66698E+00
7.03156E+00	1000000010	1.11480E+02	1000010010	1.29182E+02
8.29550E+00	1000010010	6.84347E+00	1000010010	6.84347E+00
3.58575E+00	1000010010	7.84771E+01	1000010010	7.84771E+01
5.19702E+00	1000010010	7.57188E+00	1000010010	7.57188E+00
5.31529E+00	1000010010	2.16409E+00	1000010010	2.16409E+00
8.43582E+00	1000010010	5.45254E+00	1000010010	5.45254E+00
7.57423E+00	1000010010	1.04309E+01	1000010010	1.04309E+01
2.45391E+00	1000010010	4.33985E+01	1000010010	4.33985E+01
7.92647E+00	1000010010	1.22679E+01	1000010010	1.22679E+01
1.93188E+00	1000010010	1.04149E+01	1000010010	1.04149E+01
8.74744E+00	1000010010	1.83822E+02	1000010010	1.83822E+02
6.47358E+00	1000010010	6.79461E+00	1000010010	6.79461E+00
5.03075E+00	1000010010	1.87510E+00	1000010010	1.87510E+00
7.48242E+00	1000010010	1.14059E+00	1000010010	1.14059E+00
7.21226E+00	1000010010	3.71884E+01	1000010010	3.71884E+01
6.56503E+00	1000010010	5.92250E+00	1000010010	5.92250E+00
4.96030E+00	1000010010	2.37204E+02	1000010010	3.01144E+02
7.28628E+00	1000010010	1.06787E+02	1000010010	1.29731E+02
8.02167E+00	1000010010	4.01207E+00	1000010010	4.01207E+00
6.21055E+00	1000010010	1.54135E+01	1000010010	1.54135E+01
2.97614E+00	1000010010	1.41237E+00	1000010010	1.41237E+00
7.19687E+00	1000010010	4.33763E+00	1000010010	4.33763E+00
1.75076E+00	1000010010	2.85369E+02	1000010010	4.12155E+02
9.85656E+00	1000000010	1.12106E+02	1000010010	3.35067E+02
4.83283E+00	1000010010	7.05657E+01	1000010010	7.05657E+01
8.12084E+00	1000010010	1.52362E+00	1000010010	1.52362E+00
6.98102E+00	1000010010	3.72890E+01	1000010010	3.72890E+01
8.05337E+00	1000010010	1.29372E+02	1000010010	8.00317E+02
3.04910E+00	1000010010	1.04161E+02	1000010010	1.04161E+02
3.79707E+00	1000010010	1.04018E+01	1000010010	1.04018E+01
7.73593E+00	1000010010	1.42575E+02	1000010010	1.42575E+02
4.73319E+00	1000000010	2.93211E+02	1000010010	5.02932E+02
7.67337E+00	1000010010	2.16286E+01	1000010010	2.16286E+01
3.46431E+00	1000000010	2.86489E+02	1000010010	3.68215E+02
9.37872E+00	1000010010	2.14457E+01	1000010010	2.14457E+01
6.07973E+00	1000010010	4.81829E+01	1000010010	4.81829E+01
1.24890E+00	1000010010	8.33722E+00	1000010010	8.33722E+00
9.90817E+00	1000010010	1.05607E+02	1000010010	1.33468E+02
4.78746E+00	1000010010	2.30527E+00	1000010010	2.30527E+00
9.25473E+00	1000010010	1.87284E+02	1000010010	1.87284E+02
5.00390E+00	1000000010	4.05395E+02	1000010010	6.37871E+02
8.02480E+00	1000010010	3.30976E+02	1000010010	3.53931E+02
1.92051E+00	1000010010	2.48656E+02	1000010010	2.48656E+02
5.55739E+00	1000000010	3.87336E+02	1000010010	4.17827E+02
3.52707E+00	1000010010	5.92352E+01	1000010010	5.92352E+01
8.50897E+00	1000010010	2.89063E+01	1000010010	2.89063E+01
3.09205E+00	1000010010	2.70492E+01	1000010010	2.70492E+01
7.70158E+00	1000010010	3.34564E+01	1000010010	3.34564E+01
8.35310E+00	1000010010	1.64832E+00	1000010010	1.64832E+00
2.72545E+00	1000000010	2.37409E+02	1000010010	3.10233E+02
5.41788E+00	1000010010	5.02820E+01	1000010010	5.02820E+01
2.97960E+00	1000010010	9.06398E+01	1000010010	9.06398E+01
7.85961E+00	1000010010	1.99181E+02	1000010010	1.99181E+02
5.54786E+00	1000010010	8.46831E+00	1000010010	8.46831E+00
5.40293E+00	1000010010	8.07466E+00	1000010010	8.07466E+00
4.36508E+00	1000010010	5.71477E+02	1000010010	5.71477E+02
4.39850E+00	1000010010	9.73424E+02	1000010010	9.73424E+02
4.84029E+00	1000010010	3.28261E+00	1000010010	3.28261E+00
3.40453E+00	1000010010	2.10149E+02	1000010010	2.94757E+02
3.30625E+00	1000010010	1.07625E+02	1000010010	1.07625E+02
5.02631E+00	1000010010	2.93474E+00	1000010010	2.93474E+00
5.26909E-01	1000010010	4.61609E+00	1000010010	4.61609E+00
6.56637E+00	1000000010	2.88388E+02	1000010010	3.53495E+02
9.72581E+00	1000010010	1.03810E+01	1000010010	1.03810E+01
8.10464E+00	1000010010	1.26492E+02	1000010010	1.26492E+02
9.50430E+00	1000010010	3.33948E+01	1000010010	3.33948E+01
1.15137E+00	1000010010	3.76890E+00	1000010010	3.76890E+00
9.51112E+00	1000000010	1.67093E+02	1000010010	2.81286E+02
8.91932E+00	1000010010	1.35628E+01	1000010010	1.35628E+01
1.86885E+00	1000010010	5.07972E+01	1000010010	5.07972E+01
1.89398E+00	1000010010	2.32153E+01	1000010010	2.32153E+01
9.95314E+00	1000010010	4.25476E+00	1000010010	4.25476E+00
1.37643E+00	1000010010	8.12345E+01	1000010010	8.12345E+01
8.52255E+00	1000010010	1.88662E+00	1000010010	1.88662E+00
4.56088E+00	1000010010	2.34608E+00	1000010010	2.34608E+00
4.23468E+00	1000010010	9.60918E+02	1000010010	9.60918E+02
6.95031E+00	1000010010	2.50849E+02	1000010010	3.85526E+02
9.75143E+00	1000010010	1.72887E+01	1000010010	1.72887E+01
4.41594E+00	1000010010	1.65283E+00	1000010010	1.65283E+00
2.62126E+00	1000010010	7.33286E+01	1000010010	7.33286E+01
2.53512E-01	1000010010	3.09725E+01	1000010010	3.09725E+01
6.34892E+00	1000010010	1.09701E+00	1000010010	1.09701E+00
9.62155E+00	1000010010	3.21594E+00	1000010010	3.21594E+00
4.03191E+00	1000000010	2.88587E+02	1000010010	7.78441E+02
9.38969E+00	1000010010	1.76846E+02	1000010010	1.76846E+02
9.72103E-01	1000010010	1.82361E+02	1000010010	1.82361E+02
8.96586E-02	1000010010	3.47261E+02	1000010010	3.47261E+02
7.38343E+00	1000010010	2.04212E+01	1000010010	2.04212E+01
9.49545E-01	1000010010	2.08431E+01	1000010010	2.08431E+01
7.52809E+00	1000010010	1.13209E+02	1000010010	1.13209E+02
9.30876E+00	1000010010	4.96457E+01	1000010010	4.96457E+01
2.40959E+00	1000010010	2.93951E+02	1000010010	2.93951E+02
7.77236E+00	1000010010	7.98006E+01	1000010010	1.04023E+02
1.53130E+00	1000010010	2.30113E+00	1000010010	2.30113E+00
5.24264E+00	1000010010	2.22207E+01	1000010010	2.22207E+01
5.69575E+00	1000010010	6.12288E+01	1000010010	6.12288E+01
1.75779E+00	1000010010	7.43023E+00	1000010010	7.43023E+00
7.69521E+00	1000010010	1.11509E+01	1000010010	1.11509E+01
9.01512E+00	1000010010	1.92871E+01	1000010010	1.92871E+01
1.71496E+00	1000010010	2.08785E+00	1000010010	2.08785E+00
9.25098E+00	1000010010	5.32952E+00	1000010010	5.32952E+00
5.68280E+00	1000010010	2.12113E+02	1000010010	3.87620E+02
2.06068E+00	1000010010	2.93240E+01	1000010010	2.93240E+01
8.99193E+00	1000010010	2.17073E+02	1000010010	4.87038E+02
4.15650E+00	1000010010	1.45917E+00	1000010010	1.45917E+00
3.11380E+00	1000010010	6.15020E+00	1000010010	6.15020E+00
9.75928E+00	1000010010	4.01674E+02	1000010010	4.01674E+02
1.16569E+00	1000010010	4.64267E+02	1000010010	4.64267E+02
9.91755E+00	1000010010	1.08055E+00	1000010010	1.08055E+00
7.50732E+00	1000010010	5.57937E+00	1000010010	5.57937E+00
4.64468E+00	1000010010	5.97890E+00	1000010010	5.97890E+00
2.72912E+00	1000010010	3.96188E+00	1000010010	3.96188E+00
3.03976E+00	1000010010	4.16067E+00	1000010010	4.16067E+00
8.07596E+00	1000010010	1.00966E+02	1000010010	2.19252E+02
4.38286E+00	1000010010	1.73011E+00	1000010010	1.73011E+00
4.37819E+00	1000010010	4.90375E+01	1000010010	4.90375E+01
8.32283E-01	1000010010	8.66268E+00	1000010010	8.66268E+00
6.69926E+00	1000010010	1.06953E+00	1000010010	1.06953E+00
3.30947E+00	1000010010	3.93570E+02	1000010010	3.93570E+02
2.97036E+00	1000010010	1.17652E+02	1000010010	1.17652E+02
9.83881E+00	1000010010	4.21964E+01	1000010010	4.21964E+01
9.92725E+00	1000010010	1.25729E+02	1000010010	1.25729E+02
2.14871E+00	1000010010	2.89717E+01	1000010010	2.89717E+01
9.20038E+00	1000010010	9.47876E+01	1000010010	9.47876E+01
2.25376E+00	1000010010	7.56868E+01	1000010010	7.56868E+01
7.08299E+00	1000010010	5.74137E+01	1000010010	5.74137E+01
4.68014E+00	1000010010	2.40368E+02	1000010010	3.63057E+02
5.59390E+00	1000010010	1.78509E+01	1000010010	1.78509E+01
4.03202E-01	1000010010	1.51593E+01	1000010010	1.51593E+01
3.17908E+00	1000010010	2.33263E+00	1000010010	2.33263E+00
5.12692E-01	1000010010	1.02153E+02	1000010010	1.02153E+02
7.75971E+00	1000010010	3.39706E+02	1000010010	3.39706E+02
6.99699E+00	1000010010	1.02689E+00	1000010010	1.02689E+00
3.74388E+00	1000000010	2.44741E+02	1000010010	4.00778E+02
6.69838E+00	1000010010	3.19953E+00	1000010010	3.19953E+00
1.82903E+00	1000010010	4.85410E+00	1000010010	4.85410E+00
4.50510E+00	1000010010	5.44976E+02	1000010010	6.22455E+02
1.09674E+00	1000010010	2.83879E+00	1000010010	2.83879E+00
5.56702E+00	1000010010	4.92582E+00	1000010010	4.92582E+00
7.89082E+00	1000010010	5.20965E+00	1000010010	5.20965E+00
1.30382E+00	1000010010	1.12337E+00	1000010010	1.12337E+00
7.46399E+00	1000010010	8.42682E+01	1000010010	1.01295E+02
3.95889E+00	1000010010	4.64243E+00	1000010010	4.64243E+00
7.33415E+00	1000010010	8.74703E+00	1000010010	8.74703E+00
3.00879E+00	1000010010	2.54123E+00	1000010010	2.54123E+00
8.82488E+00	1000010010	3.19257E+00	1000010010	3.19257E+00
5.80248E+00	1000010010	1.48072E+01	1000010010	1.48072E+01
2.36592E+00	1000010010	2.92716E+01	1000010010	2.92716E+01
1.72443E+00	1000010010	9.59476E+02	1000010010	9.59476E+02
8.11287E+00	1000010010	2.76511E+02	1000010010	2.76511E+02
9.14919E+00	1000010010	8.91759E+01	1000010010	8.91759E+01
8.84110E+00	1000010010	4.70447E+00	1000010010	4.70447E+00
5.76813E+00	1000010010	5.71804E+01	1000010010	5.71804E+01
2.93014E+00	1000010010	3.71528E+01	1000010010	3.71528E+01
9.34837E+00	1000000010	2.39688E+02	1000010010	8.86809E+02
5.16859E+00	1000000010	2.49510E+02	1000010010	3.36212E+02
7.28908E-01	1000010010	9.30568E+02	1000010010	9.30568E+02
8.04593E+00	1000010010	1.27970E+02	1000010010	1.72011E+02
1.13703E-01	1000010010	1.47903E+00	1000010010	1.47903E+00
2.15470E+00	1000010010	8.39318E+01	1000010010	8.39318E+01
7.63966E-01	1000010010	1.82808E+01	1000010010	1.82808E+01
5.66316E+00	1000010010	2.29784E+00	1000010010	2.29784E+00
7.84839E+00	1000010010	4.37578E+01	1000010010	4.37578E+01
7.55283E-01	1000010010	3.95785E+02	1000010010	3.95785E+02
3.66884E+00	1000010010	5.02527E+00	1000010010	5.02527E+00
8.68280E-01	1000010010	3.56465E+02	1000010010	3.56465E+02
8.76142E+00	1000010010	1.22091E+01	1000010010	1.22091E+01
8.21306E+00	1000010010	1.26829E+00	1000010010	1.26829E+00
9.44835E+00	1000010010	2.76935E+01	1000010010	2.76935E+01
1.43334E+00	1000010010	1.76290E+02	1000010010	2.96546E+02
9.00398E+00	1000010010	1.37600E+01	1000010010	1.37600E+01
8.37877E+00	1000010010	1.60669E+01	1000010010	1.60669E+01
5.72929E+00	1000010010	6.76663E+01	1000010010	6.76663E+01
3.17076E+00	1000010010	2.01736E+00	1000010010	2.01736E+00
2.35994E+00	1000010010	7.35025E+01	1000010010	7.35025E+01
3.44388E+00	1000010010	7.62162E+01	1000010010	7.62162E+01
5.42510E+00	1000010010	8.20682E+00	1000010010	8.20682E+00
5.88497E+00	1000000010	1.17296E+02	1000010010	1.30051E+02
8.62442E+00	1000010010	3.96658E+00	1000010010	3.96658E+00
9.90947E+00	1000010010	1.00067E+02	1000010010	1.30149E+02
7.70629E+00	1000010010	4.68864E+01	1000010010	4.68864E+01
3.46408E+00	1000010010	2.04171E+02	1000010010	2.04171E+02
1.50806E+00	1000010010	1.11462E+00	1000010010	1.11462E+00
8.78341E-01	1000010010	2.78842E+00	1000010010	2.78842E+00
6.32981E+00	1000000010	1.73795E+02	1000010010	5.68412E+02
1.08185E+00	1000010010	4.48091E+02	1000010010	4.48091E+02
5.50236E+00	1000010010	1.26804E+01	1000010010	1.26804E+01
5.04935E+00	1000000010	6.64534E+02	1000010010	7.84620E+02
2.99788E+00	1000010010	1.36580E+00	1000010010	1.36580E+00
3.99416E+00	1000010010	6.17621E+01	1000010010	6.17621E+01
7.36189E+00	1000010010	2.50072E+01	1000010010	2.50072E+01
2.67104E+00	1000010010	6.44273E+02	1000010010	6.44273E+02
1.84023E+00	1000010010	6.90310E+02	1000010010	6.90310E+02
9.41778E+00	1000010010	1.05526E+01	1000010010	1.05526E+01
1.07823E-01	1000010010	3.75090E+00	1000010010	3.75090E+00
2.55000E+00	1000010010	3.69063E+01	1000010010	3.69063E+01
6.95042E+00	1000010010	8.21375E+00	1000010010	8.21375E+00
5.02454E+00	1000010010	1.96302E+01	1000010010	1.96302E+01
8.57695E+00	1000010010	1.13013E+01	1000010010	1.13013E+01
7.24731E+00	1000010010	4.41315E+00	1000010010	4.41315E+00
7.61046E+00	1000000010	4.57738E+02	1000010010	5.37270E+02
4.49376E+00	1000010010	4.44009E+01	1000010010	4.44009E+01
2.83236E+00	1000010010	2.31841E+00	1000010010	2.31841E+00
4.01332E+00	1000000010	3.59675E+02	1000010010	8.89249E+02
3.01778E+00	1000010010	1.08719E+00	1000010010	1.08719E+00
1.81288E+00	1000010010	1.32229E+00	1000010010	1.32229E+00
3.52026E+00	1000010010	2.21543E+01	1000010010	2.21543E+01
8.25081E+00	1000010010	3.86767E+01	1000010010	3.86767E+01
5.61722E+00	1000010010	3.45606E+01	1000010010	3.45606E+01
2.25349E-01	1000010010	9.53487E+02	1000010010	9.53487E+02
7.15925E+00	1000010010	5.12423E+00	1000010010	5.12423E+00
9.66626E+00	1000010010	1.88457E+00	1000010010	1.88457E+00
8.59463E+00	1000000010	4.67637E+02	1000010010	5.18705E+02
6.66035E+00	1000010010	7.59100E+00	1000010010	7.59100E+00
7.07553E+00	1000000010	3.92760E+02	1000010010	7.65791E+02
7.88412E-01	1000010010	2.43783E+00	1000010010	2.43783E+00
9.88793E+00	1000010010	4.67345E+02	1000010010	6.65495E+02
3.07483E+00	1000010010	4.69988E+00	1000010010	4.69988E+00
2.60194E+00	1000010010	3.16089E+01	1000010010	3.16089E+01
2.08892E+00	1000010010	9.11581E+00	1000010010	9.11581E+00
8.92760E+00	1000000010	1.56597E+02	1000010010	6.09232E+02
8.52949E+00	1000010010	2.27459E+00	1000010010	2.27459E+00
9.14338E+00	1000010010	1.18022E+02	1000010010	1.18022E+02
9.00583E-01	1000010010	3.41594E+02	1000010010	3.41594E+02
8.03035E+00	1000010010	6.89275E+01	1000010010	6.89275E+01
3.66089E+00	1000010010	1.14955E+02	1000010010	1.34040E+02
3.41179E+00	1000010010	5.70146E+01	1000010010	5.70146E+01
2.44339E+00	1000010010	1.38984E+01	1000010010	1.38984E+01
6.26705E+00	1000010010	2.07041E+00	1000010010	2.07041E+00
7.16894E+00	1000010010	6.15596E+02	1000010010	8.14472E+02
3.31355E+00	1000010010	2.56660E+01	1000010010	2.56660E+01
5.94937E+00	1000010010	3.95354E+00	1000010010	3.95354E+00
6.11385E+00	1000010010	7.40540E+01	1000010010	7.40540E+01
5.82216E-01	1000010010	1.06329E+00	1000010010	1.06329E+00
9.93162E-01	1000010010	1.22978E+01	1000010010	1.22978E+01
2.34784E+00	1000010010	4.57719E+02	1000010010	4.57719E+02
8.84190E-01	1000010010	1.18430E+02	1000010010	1.18430E+02
9.74893E+00	1000010010	5.82298E+01	1000010010	5.82298E+01
7.25894E+00	1000010010	1.54331E+02	1000010010	1.54331E+02
2.67314E+00	1000000010	4.57395E+02	1000010010	5.27707E+02
7.97377E+00	1000010010	4.43950E+00	1000010010	4.43950E+00
8.39065E+00	1000010010	4.50878E+01	1000010010	4.50878E+01
3.44787E+00	1000010010	2.83798E+00	1000010010	2.83798E+00
2.33062E-01	1000010010	1.76386E+02	1000010010	1.76386E+02
6.23236E+00	1000010010	1.10363E+00	1000010010	1.10363E+00
1.92823E+00	1000010010	1.21597E+02	1000010010	1.21597E+02
9.32718E+00	1000010010	1.44731E+01	1000010010	1.44731E+01
4.98664E+00	1000010010	1.57310E+01	1000010010	1.57310E+01
3.79220E+00	1000010010	1.54921E+02	1000010010	1.54921E+02
6.49073E+00	1000010010	1.28125E+00	1000010010	1.28125E+00
3.61970E+00	1000010010	4.60740E+00	1000010010	4.60740E+00
7.44360E+00	1000010010	1.26327E+00	1000010010	1.26327E+00
7.32534E+00	1000010010	1.91038E+00	1000010010	1.91038E+00
7.23372E+00	1000000010	9.16617E+01	1000010010	1.44737E+02
7.18723E+00	1000000010	1.78998E+02	1000010010	3.36008E+02
6.09274E+00	1000010010	4.14059E+01	1000010010	4.14059E+01
9.25162E+00	1000000010	1.19026E+02	1000010010	2.72726E+02
5.99916E-01	1000010010	3.25642E+00	1000010010	3.25642E+00
6.69757E+00	1000010010	5.06386E+01	1000010010	5.06386E+01
7.94530E+00	1000010010	1.41011E+02	1000010010	2.62971E+02
6.35170E+00	1000010010	1.04276E+00	1000010010	1.04276E+00
7.36258E+00	1000010010	2.11924E+02	1000010010	2.11924E+02
6.49976E-01	1000010010	1.09613E+00	1000010010	1.09613E+00
4.99113E+00	1000010010	5.29135E+01	1000010010	5.29135E+01
5.76607E+00	1000010010	9.12764E+00	1000010010	9.12764E+00
5.21304E+00	1000010010	1.06590E+02	1000010010	1.06590E+02
4.68803E+00	1000010010	2.55826E+00	1000010010	2.55826E+00
1.97744E-02	1000010010	8.65950E+00	1000010010	8.65950E+00
2.07992E-01	1000010010	1.07881E+00	1000010010	1.07881E+00
5.13698E+00	1000010010	4.51737E+00	1000010010	4.51737E+00
5.61266E+00	1000010010	8.43337E+01	1000010010	8.43337E+01
3.26525E+00	1000010010	3.59231E+02	1000010010	3.59231E+02
1.88858E+00	1000010010	6.57898E+00	1000010010	6.57898E+00
1.48968E+00	1000010010	1.64489E+00	1000010010	1.64489E+00
9.54999E+00	1000010010	1.18194E+02	1000010010	1.18194E+02
6.07101E+00	1000000010	1.37743E+02	1000010010	2.64834E+02
4.31444E+00	1000010010	4.67520E+00	1000010010	4.67520E+00
7.95557E+00	1000010010	1.52117E+01	1000010010	1.52117E+01
4.36107E+00	1000010010	4.51835E+00	1000010010	4.51835E+00
8.62387E+00	1000010010	1.98768E+00	1000010010	1.98768E+00
6.26273E+00	1000000010	1.48926E+02	1000010010	2.01093E+02
1.96378E+00	1000010010	1.67410E+01	1000010010	1.67410E+01
9.66933E+00	1000010010	2.17654E+00	1000010010	2.17654E+00
1.59044E+00	1000010010	7.24717E+01	1000010010	7.24717E+01
9.61154E+00	1000010010	4.88779E+00	1000010010	4.88779E+00
7.84413E+00	1000010010	3.66764E+02	1000010010	4.38297E+02
9.69476E+00	1000010010	3.70912E+00	1000010010	3.70912E+00
2.71656E+00	1000010010	1.54753E+02	1000010010	1.54753E+02
2.25026E+00	1000010010	8.79689E+01	1000010010	8.79689E+01
8.95795E+00	1000010010	1.22015E+00	1000010010	1.22015E+00
3.74676E+00	1000010010	1.15025E+01	1000010010	1.15025E+01
9.81620E-01	1000010010	2.43033E+02	1000010010	2.43033E+02
9.78319E-01	1000010010	1.39378E+01	1000010010	1.39378E+01
9.50082E+00	1000010010	1.57450E+01	1000010010	1.57450E+01
5.85660E+00	1000010010	2.07851E+01	1000010010	2.07851E+01
6.97031E+00	1000010010	1.57257E+02	1000010010	1.57257E+02
6.74075E+00	1000010010	5.12422E+00	1000010010	5.12422E+00
9.46789E+00	1000010010	1.61965E+00	1000010010	1.61965E+00
2.96041E+00	1000010010	4.62542E+01	1000010010	4.62542E+01
3.44651E+00	1000010010	1.38915E+02	1000010010	1.38915E+02
7.61329E+00	1000010010	7.22469E+01	1000010010	7.22469E+01
8.57535E+00	1000010010	2.95041E+02	1000010010	5.95247E+02
8.54554E+00	1000000010	5.65435E+02	1000010010	9.44387E+02
6.76097E+00	1000010010	2.54634E+01	1000010010	2.54634E+01
6.54281E+00	1000010010	7.72832E+02	1000010010	8.86653E+02
7.41724E+00	1000010010	3.21909E+01	1000010010	3.21909E+01
7.62283E-01	1000010010	2.70666E+01	1000010010	2.70666E+01
3.43882E+00	1000000010	2.07928E+02	1000010010	2.39125E+02
1.99725E-01	1000010010	1.67071E+01	1000010010	1.67071E+01
1.19931E+00	1000010010	1.87117E+00	1000010010	1.87117E+00
3.34209E+00	1000010010	2.65357E+02	1000010010	6.24761E+02
2.08394E+00	1000010010	2.13302E+00	1000010010	2.13302E+00
5.41106E+00	1000010010	1.93739E+00	1000010010	1.93739E+00
2.05507E-01	1000010010	7.12805E+01	1000010010	7.12805E+01
1.98434E-02	1000010010	3.18530E+01	1000010010	3.18530E+01
6.39527E+00	1000010010	2.48959E+01	1000010010	2.48959E+01
3.66617E+00	1000010010	1.72289E+02	1000010010	1.72289E+02
8.96900E+00	1000010010	1.16915E+01	1000010010	1.16915E+01
6.61199E+00	1000010010	2.47547E+01	1000010010	2.47547E+01
9.84965E-01	1000010010	1.00848E+02	1000010010	1.00848E+02
9.54721E+00	1000010010	1.06902E+01	1000010010	1.06902E+01
5.98037E+00	1000010010	2.15964E+02	1000010010	2.15964E+02
9.92728E+00	1000010010	1.29255E+02	1000010010	1.29255E+02
7.53242E+00	1000010010	1.63886E+01	1000010010	1.63886E+01
6.16525E+00	1000000010	4.18294E+02	1000010010	5.10372E+02
5.13218E+00	1000010010	4.78925E+00	1000010010	4.78925E+00
8.59515E+00	1000010010	8.84940E+01	1000010010	8.84940E+01
6.68525E+00	1000010010	1.88543E+00	1000010010	1.88543E+00
2.47105E+00	1000010010	4.67356E+02	1000010010	6.39326E+02
8.74707E+00	1000010010	1.60954E+00	1000010010	1.60954E+00
9.54859E+00	1000010010	3.80705E+01	1000010010	3.80705E+01
2.41918E+00	1000010010	8.16108E+01	1000010010	8.16108E+01
2.28039E+00	1000010010	1.12399E+01	1000010010	1.12399E+01
7.32770E+00	1000010010	8.57200E+01	1000010010	8.57200E+01
4.34986E+00	1000010010	9.44704E+00	1000010010	9.44704E+00
2.34233E+00	1000010010	4.59435E+01	1000010010	4.59435E+01
5.66443E+00	1000010010	1.75976E+00	1000010010	1.75976E+00
2.90503E+00	1000010010	1.77135E+01	1000010010	1.77135E+01
5.73623E+00	1000010010	1.05969E+00	1000010010	1.05969E+00
8.84935E+00	1000010010	8.73943E+01	1000010010	1.13897E+02
1.85624E+00	1000010010	1.69180E+02	1000010010	1.69180E+02
1.07533E+00	1000010010	5.30270E+02	1000010010	5.30270E+02
4.54462E+00	1000000010	2.73670E+02	1000010010	9.12635E+02
5.82324E+00	1000010010	6.87732E+01	1000010010	6.87732E+01
7.74696E+00	1000010010	6.50218E+02	1000010010	6.50218E+02
1.60666E+00	1000010010	2.63438E+02	1000010010	4.34104E+02
4.02388E+00	1000010010	1.73100E+01	1000010010	1.73100E+01
2.18814E+00	1000010010	4.12260E+02	1000010010	5.19754E+02
9.56222E+00	1000010010	1.36155E+02	1000010010	1.90292E+02
3.27926E+00	1000010010	1.17499E+01	1000010010	1.17499E+01
4.76908E+00	1000010010	2.03263E+00	1000010010	2.03263E+00
3.56277E+00	1000010010	1.33744E+00	1000010010	1.33744E+00
6.17018E-01	1000010010	3.22243E+00	1000010010	3.22243E+00
1.36671E+00	1000010010	6.73442E+01	1000010010	6.73442E+01
8.65622E+00	1000010010	1.69068E+00	1000010010	1.69068E+00
4.10382E+00	1000010010	1.12862E+01	1000010010	1.12862E+01
2.94031E+00	1000010010	4.13874E+01	1000010010	4.13874E+01
1.98967E+00	1000010010	2.68054E+02	1000010010	2.68054E+02
5.93882E+00	1000010010	3.27503E+00	1000010010	3.27503E+00
3.19103E+00	1000010010	1.35518E+00	1000010010	1.35518E+00
5.93502E+00	1000010010	2.38680E+00	1000010010	2.38680E+00
2.03605E+00	1000010010	8.25336E+02	1000010010	8.25336E+02
9.12848E+00	1000010010	1.63092E+01	1000010010	1.63092E+01
8.00972E+00	1000010010	2.15398E+01	1000010010	2.15398E+01
7.46817E+00	1000010010	8.66611E+02	1000010010	9.19140E+02
7.75173E+00	1000010010	1.37100E+02	1000010010	1.75515E+02
9.28196E+00	1000010010	3.62104E+01	1000010010	3.62104E+01
7.26602E+00	1000010010	6.76102E+00	1000010010	6.76102E+00
7.75602E+00	1000010010	4.78952E+01	1000010010	5.10967E+01
2.40670E-01	1000010010	5.33907E+01	1000010010	5.33907E+01
2.37197E+00	1000010010	5.28268E+02	1000010010	7.28693E+02
4.05114E+00	1000010010	1.90471E+02	1000010010	1.90471E+02
3.40333E+00	1000010010	8.21766E+00	1000010010	8.21766E+00
7.58217E+00	1000000010	1.39305E+02	1000010010	1.85968E+02
8.69732E+00	1000010010	2.10174E+00	1000010010	2.10174E+00
8.16032E+00	1000000010	1.18616E+02	1000010010	2.34459E+02
6.03798E+00	1000010010	1.98874E+02	1000010010	4.68267E+02
2.22607E+00	1000010010	2.53304E+00	1000010010	2.53304E+00
3.76869E-01	1000010010	4.11724E+01	1000010010	4.11724E+01
1.20935E+00	1000010010	3.25489E+00	1000010010	3.25489E+00
3.85353E+00	1000010010	1.69649E+02	1000010010	1.69649E+02
8.32088E+00	1000010010	4.36372E+00	1000010010	4.36372E+00
6.65439E+00	1000010010	9.84408E+01	1000010010	9.84408E+01
2.76247E+00	1000010010	8.79476E+00	1000010010	8.79476E+00
8.87762E+00	1000010010	1.03898E+00	1000010010	1.03898E+00
2.59646E+00	1000010010	3.51977E+01	1000010010	3.51977E+01
6.69029E+00	1000010010	1.83222E+02	1000010010	2.67835E+02
4.08932E-01	1000010010	7.92550E+02	1000010010	7.92550E+02
4.43899E+00	1000010010	3.51024E+01	1000010010	3.51024E+01
6.70019E+00	1000010010	1.74020E+02	1000010010	2.82894E+02
9.07053E+00	1000000010	1.11512E+02	1000010010	1.54783E+02
2.41287E-01	1000010010	1.12089E+00	1000010010	1.12089E+00
1.71193E+00	1000010010	1.24964E+01	1000010010	1.24964E+01
2.32746E+00	1000010010	4.39404E+00	1000010010	4.39404E+00
6.15164E+00	1000000010	3.20882E+02	1000010010	5.85218E+02
1.64332E+00	1000010010	7.79675E+00	1000010010	7.79675E+00
9.28584E+00	1000000010	1.66563E+02	1000010010	2.11740E+02
9.62618E+00	1000010010	3.34724E+01	1000010010	3.34724E+01
1.28861E+00	1000010010	6.90815E+02	1000010010	6.90815E+02
7.69888E+00	1000010010	8.29565E+01	1000010010	8.29565E+01
7.78168E-02	1000010010	5.54366E+01	1000010010	5.54366E+01
3.95955E+00	1000010010	3.00462E+01	1000010010	3.00462E+01
3.81553E+00	1000010010	4.21733E+02	1000010010	4.40284E+02
7.24195E+00	1000010010	8.85826E+00	1000010010	8.85826E+00
4.32570E+00	1000010010	4.60680E+00	1000010010	4.60680E+00
3.84521E+00	1000010010	2.62486E+00	1000010010	2.62486E+00
3.93549E+00	1000000010	5.65529E+02	1000010010	6.71514E+02
6.19595E+00	1000010010	1.59712E+01	1000010010	1.59712E+01
1.54779E+00	1000010010	1.47820E+02	1000010010	1.47820E+02
9.49839E+00	1000010010	2.37574E+01	1000010010	2.37574E+01
2.19564E+00	1000010010	2.19131E+02	1000010010	2.64819E+02
6.48549E+00	1000010010	4.18295E+01	1000010010	4.18295E+01
3.83438E+00	1000010010	3.71021E+01	1000010010	3.71021E+01
6.17981E+00	1000010010	8.85163E+00	1000010010	8.85163E+00
9.41187E+00	1000010010	3.90844E+02	1000010010	6.04781E+02
7.47821E+00	1000000010	1.85543E+02	1000010010	3.01337E+02
4.30053E+00	1000010010	3.87350E+01	1000010010	3.87350E+01
6.90320E+00	1000010010	5.29770E+01	1000010010	5.29770E+01
1.37656E+00	1000010010	2.85658E+02	1000010010	3.56152E+02
3.27703E+00	1000010010	4.49915E+01	1000010010	4.49915E+01
5.42543E+00	1000000010	8.45095E+02	1000010010	9.64542E+02
5.44044E+00	1000010010	1.75669E+00	1000010010	1.75669E+00
1.56677E-01	1000010010	1.30540E+01	1000010010	1.30540E+01
8.07717E+00	1000010010	5.90180E+01	1000010010	5.90180E+01
5.91875E-01	1000010010	4.53728E+01	1000010010	4.53728E+01
2.14672E+00	1000010010	1.33127E+02	1000010010	1.33127E+02
1.73214E+00	1000010010	4.28374E+00	1000010010	4.28374E+00
2.20893E+00	1000010010	1.66229E+01	1000010010	1.66229E+01
2.85952E+00	1000010010	3.10512E+01	1000010010	3.10512E+01
5.38815E+00	1000010010	3.53759E+00	1000010010	3.53759E+00
3.65192E+00	1000010010	8.06087E+01	1000010010	8.06087E+01
8.82782E-01	1000010010	3.79639E+00	1000010010	3.79639E+00
1.93836E+00	1000010010	3.64830E+01	1000010010	3.64830E+01
9.64694E+00	1000010010	4.09155E+00	1000010010	4.09155E+00
2.12488E+00	1000010010	5.45162E+02	1000010010	5.45162E+02
4.14024E+00	1000010010	1.12359E+02	1000010010	1.33823E+02
1.05429E+00	1000010010	2.72123E+00	1000010010	2.72123E+00
1.48084E+00	1000010010	1.54585E+01	1000010010	1.54585E+01
9.77734E+00	1000010010	1.79103E+00	1000010010	1.79103E+00
5.30985E+00	1000010010	2.68942E+01	1000010010	2.68942E+01
9.95984E-01	1000010010	4.37166E+00	1000010010	4.37166E+00
2.41491E+00	1000010010	3.52321E+01	1000010010	3.52321E+01
3.68370E+00	1000010010	3.31599E+01	1000010010	3.31599E+01
1.78095E+00	1000010010	5.30945E+01	1000010010	5.30945E+01
9.72987E+00	1000010010	4.74090E+00	1000010010	4.74090E+00
9.74014E+00	1000000010	6.01010E+02	1000010010	8.97638E+02
2.60836E+00	1000000010	2.51157E+02	1000010010	2.74254E+02
1.39808E+00	1000010010	6.85627E+02	1000010010	6.85627E+02
6.52934E+00	1000000010	8.64638E+02	1000010010	9.74975E+02
3.36781E+00	1000000010	3.79844E+02	1000010010	4.48217E+02
1.00384E+00	1000010010	9.18033E+00	1000010010	9.18033E+00
3.87747E+00	1000010010	1.72703E+00	1000010010	1.72703E+00
3.24765E+00	1000010010	5.26367E+00	1000010010	5.26367E+00
3.33792E+00	1000010010	2.27511E+01	1000010010	2.27511E+01
5.64585E+00	1000010010	5.40987E+00	1000010010	5.40987E+00
6.46325E+00	1000010010	4.00594E+00	1000010010	4.00594E+00
2.83588E+00	1000010010	3.78044E+01	1000010010	3.78044E+01
3.69532E+00	1000010010	1.29084E+02	1000010010	1.29084E+02
6.29190E+00	1000010010	9.40162E+01	1000010010	9.40162E+01
9.22750E+00	1000010010	1.50461E+00	1000010010	1.50461E+00
1.84127E+00	1000010010	3.39119E+02	1000010010	3.39119E+02
3.49642E+00	1000010010	1.08734E+02	1000010010	1.08734E+02
6.86103E+00	1000000010	3.07587E+02	1000010010	3.81309E+02
3.94326E-01	1000010010	3.04912E+00	1000010010	3.04912E+00
2.47545E+00	1000010010	5.28383E+01	1000010010	5.28383E+01
6.61659E+00	1000000010	8.47068E+01	1000010010	9.00756E+01
4.95479E-01	1000010010	3.84984E+02	1000010010	3.84984E+02
5.93995E+00	1000010010	4.32219E+01	1000010010	4.32219E+01
3.39353E+00	1000010010	1.00847E+00	1000010010	1.00847E+00
1.95676E+00	1000010010	2.81767E+00	1000010010	2.81767E+00
8.79545E+00	1000010010	4.59591E+02	1000010010	5.31312E+02
2.50090E+00	1000000010	2.08445E+02	1000010010	2.23332E+02
2.92314E+00	1000010010	4.70726E+01	1000010010	4.70726E+01
3.87354E+00	1000000010	4.16523E+02	1000010010	6.04077E+02
5.74443E+00	1000010010	2.27830E+00	1000010010	2.27830E+00
1.24356E+00	1000010010	2.57071E+00	1000010010	2.57071E+00
4.00425E-01	1000010010	2.56414E+01	1000010010	2.56414E+01
2.38857E+00	1000010010	2.71064E+01	1000010010	2.71064E+01
4.81698E+00	1000010010	2.46544E+01	1000010010	2.46544E+01
6.52392E+00	1000010010	3.25469E+01	1000010010	3.25469E+01
2.86272E+00	1000010010	1.11035E+02	1000010010	1.11035E+02
5.64265E+00	1000010010	2.32182E+00	1000010010	2.32182E+00
9.35324E+00	1000010010	1.43723E+01	1000010010	1.43723E+01
1.69128E+00	1000010010	8.42739E+00	1000010010	8.42739E+00
7.90187E+00	1000010010	1.27621E+02	1000010010	1.52032E+02
7.91014E+00	1000010010	2.15889E+01	1000010010	2.15889E+01
3.92341E+00	1000010010	7.81460E+01	1000010010	7.81460E+01
1.63052E+00	1000010010	2.01149E+02	1000010010	2.01149E+02
5.40660E+00	1000010010	2.14696E+01	1000010010	2.14696E+01
7.92394E+00	1000010010	2.80277E+00	1000010010	2.80277E+00
1.25986E+00	1000010010	2.01515E+01	1000010010	2.01515E+01
7.53769E+00	1000010010	9.57549E+01	1000010010	9.57549E+01
6.41072E+00	1000010010	8.21104E+00	1000010010	8.21104E+00
2.79553E+00	1000010010	4.87136E+01	1000010010	4.87136E+01
2.26999E+00	1000010010	6.19397E+02	1000010010	6.19397E+02
2.76199E+00	1000010010	2.34565E+02	1000010010	2.34565E+02
8.07962E+00	1000010010	6.72506E+00	1000010010	6.72506E+00
7.55637E+00	1000010010	1.07796E+02	1000010010	1.07796E+02
1.23019E-01	1000010010	1.43851E+00	1000010010	1.43851E+00
6.67954E+00	1000010010	3.21592E+01	1000010010	3.21592E+01
8.74766E+00	1000000010	1.95153E+02	1000010010	2.91670E+02
6.22128E+00	1000000010	1.08638E+02	1000010010	1.70361E+02
7.40831E+00	1000010010	6.19160E+00	1000010010	6.19160E+00
6.43440E-01	1000010010	4.67363E+02	1000010010	4.67363E+02
7.58803E+00	1000010010	3.75700E+02	1000010010	6.49607E+02
4.14007E+00	1000010010	1.09228E+02	1000010010	1.09228E+02
3.25253E+00	1000010010	1.53522E+01	1000010010	1.53522E+01
7.85070E+00	1000010010	2.35938E+02	1000010010	7.79730E+02
5.20182E+00	1000010010	3.54931E+02	1000010010	5.14123E+02
4.92541E-01	1000000010	1.03297E+02	1000010010	1.43497E+02
3.32561E+00	1000010010	4.33878E+01	1000010010	4.33878E+01
4.82468E-01	1000010010	3.52399E+02	1000010010	3.52399E+02
2.83438E+00	1000010010	1.41328E+00	1000010010	1.41328E+00
4.58028E+00	1000010010	6.28654E+01	1000010010	6.28654E+01
2.77308E-01	1000010010	8.37336E+02	1000010010	8.37336E+02
6.78703E+00	1000010010	1.78776E+00	1000010010	1.78776E+00
2.23163E+00	1000010010	3.17203E+02	1000010010	3.17203E+02
1.33461E+00	1000010010	2.47583E+01	1000010010	2.47583E+01
4.97707E+00	1000010010	2.69089E+00	1000010010	2.69089E+00
4.63895E-01	1000010010	7.34724E+01	1000010010	7.34724E+01
9.68899E+00	1000010010	9.09801E+00	1000010010	9.09801E+00
5.17068E+00	1000010010	2.05061E+00	1000010010	2.05061E+00
4.01836E-01	1000010010	1.74438E+00	1000010010	1.74438E+00
4.95853E+00	1000010010	1.30243E+00	1000010010	1.30243E+00
1.35774E-01	1000010010	6.84350E+02	1000010010	6.84350E+02
9.30314E+00	1000010010	1.18731E+00	1000010010	1.18731E+00
5.22643E+00	1000010010	2.24800E+01	1000010010	2.24800E+01
3.90218E+00	1000010010	1.76909E+00	1000010010	1.76909E+00
7.27733E+00	1000010010	1.64371E+01	1000010010	1.64371E+01
9.51067E+00	1000010010	2.33450E+01	1000010010	2.33450E+01
5.42961E-01	1000010010	1.64790E+01	1000010010	1.64790E+01
1.38507E+00	1000010010	3.84249E+01	1000010010	3.84249E+01
8.79318E+00	1000010010	2.04219E+00	1000010010	2.04219E+00
1.29818E+00	1000010010	3.54807E+02	1000010010	4.13330E+02
1.73250E+00	1000010010	1.66256E+00	1000010010	1.66256E+00
4.04917E+00	1000010010	4.13958E+01	1000010010	4.13958E+01
8.45750E+00	1000010010	3.06218E+00	1000010010	3.06218E+00
5.00423E+00	1000010010	7.23737E+02	1000010010	9.57857E+02
5.13597E+00	1000010010	1.87848E+00	1000010010	1.87848E+00
4.07655E+00	1000010010	9.31090E+00	1000010010	9.31090E+00
1.39478E+00	1000010010	1.73063E+01	1000010010	1.73063E+01
4.88801E+00	1000010010	4.87036E+02	1000010010	4.87036E+02
3.61312E+00	1000010010	2.89022E+00	1000010010	2.89022E+00
1.06182E+00	1000010010	4.25895E+00	1000010010	4.25895E+00
3.09041E-01	1000010010	7.93448E+02	1000010010	7.93448E+02
1.00192E-01	1000010010	7.88960E+00	1000010010	7.88960E+00
5.55759E+00	1000010010	3.66389E+00	1000010010	3.66389E+00
8.08646E+00	1000010010	5.84448E+00	1000010010	5.84448E+00
4.61418E+00	1000000010	7.73313E+02	1000010010	8.30686E+02
6.87353E+00	1000010010	3.13220E+02	1000010010	3.13220E+02
1.10529E+00	1000010010	4.70486E+01	1000010010	4.70486E+01
8.08532E+00	1000010010	3.77417E+01	1000010010	3.77417E+01
1.04825E-02	1000010010	4.39565E+01	1000010010	4.39565E+01
1.67918E+00	1000010010	7.27231E+01	1000010010	7.27231E+01
3.57178E-01	1000010010	4.96876E+01	1000010010	4.96876E+01
9.50555E+00	1000010010	1.69363E+02	1000010010	1.95108E+02
4.99408E+00	1000010010	1.29508E+00	1000010010	1.29508E+00
4.50955E+00	1000010010	1.35366E+02	1000010010	1.85144E+02
8.96679E+00	1000010010	4.78804E+01	1000010010	4.78804E+01
5.30886E+00	1000010010	2.80075E+01	1000010010	2.80075E+01
2.85284E-02	1000010010	4.27548E+00	1000010010	4.27548E+00
3.33238E+00	1000000010	5.56777E+02	1000010010	5.89583E+02
2.30381E+00	1000010010	1.26214E+02	1000010010	1.45025E+02
4.02701E+00	1000010010	7.39403E+01	1000010010	7.39403E+01
8.18079E+00	1000010010	2.46515E+00	1000010010	2.46515E+00
5.54671E+00	1000010010	2.71160E+01	1000010010	2.71160E+01
7.32493E+00	1000010010	6.05052E+01	1000010010	6.05052E+01
3.42756E+00	1000010010	5.69888E+02	1000010010	5.69888E+02
6.44295E-01	1000010010	4.27154E+02	1000010010	4.27154E+02
4.56341E+00	1000010010	4.02248E+02	1000010010	4.02248E+02
5.19431E+00	1000010010	8.83868E+00	1000010010	8.83868E+00
3.30154E+00	1000010010	4.16813E+02	1000010010	4.16813E+02
4.15262E+00	1000010010	2.49007E+00	1000010010	2.49007E+00
4.29891E+00	1000010010	6.57439E+02	1000010010	6.57439E+02
7.75653E+00	1000010010	7.91143E+00	1000010010	7.91143E+00
1.32936E+00	1000010010	1.81780E+02	1000010010	1.81780E+02
7.45735E+00	1000010010	9.79975E+01	1000010010	2.21063E+02
6.21299E-01	1000010010	7.59578E+02	1000010010	7.59578E+02
2.50300E+00	1000010010	4.05295E+01	1000010010	4.05295E+01
7.74463E+00	1000010010	7.03468E+00	1000010010	7.03468E+00
2.70875E+00	1000000010	3.02445E+02	1000010010	4.87770E+02
1.31044E+00	1000000010	3.83788E+02	1000010010	4.53011E+02
5.56996E+00	1000010010	1.05188E+00	1000010010	1.05188E+00
3.52658E+00	1000010010	1.39871E+00	1000010010	1.39871E+00
5.48447E+00	1000010010	6.19880E+01	1000010010	6.19880E+01
2.79200E+00	1000010010	1.21823E+02	1000010010	1.21823E+02
2.20106E+00	1000010010	3.26148E+02	1000010010	3.26148E+02
6.39931E+00	1000010010	1.37530E+01	1000010010	1.37530E+01
6.25297E-01	1000010010	8.55718E+00	1000010010	8.55718E+00
8.10000E+00	1000010010	2.98458E+01	1000010010	2.98458E+01
1.52386E-01	1000010010	2.24655E+01	1000010010	2.24655E+01
6.40492E-02	1000010010	1.08481E+00	1000010010	1.08481E+00
3.80507E+00	1000000010	1.08153E+02	1000010010	6.76374E+02
2.41091E+00	1000010010	4.13753E+01	1000010010	4.13753E+01
1.17856E+00	1000010010	2.22358E+00	1000010010	2.22358E+00
5.68294E-01	1000010010	2.51319E+02	1000010010	2.51319E+02
2.02510E+00	1000010010	6.54465E+01	1000010010	6.54465E+01
1.09122E+00	1000010010	9.97784E+01	1000010010	9.97784E+01
2.57417E+00	1000010010	9.98878E+00	1000010010	9.98878E+00
1.20033E+00	1000010010	1.73780E+01	1000010010	1.73780E+01
5.28434E+00	1000010010	1.98314E+00	1000010010	1.98314E+00
5.63591E+00	1000010010	5.57401E+02	1000010010	8.16689E+02
2.71851E+00	1000010010	1.60131E+01	1000010010	1.60131E+01
2.38679E+00	1000010010	3.58069E+00	1000010010	3.58069E+00
6.63021E+00	1000010010	5.38779E+00	1000010010	5.38779E+00
8.83946E+00	1000010010	1.39666E+02	1000010010	1.39666E+02
5.69387E+00	1000010010	3.27085E+01	1000010010	3.27085E+01
5.53748E+00	1000010010	5.99575E+01	1000010010	5.99575E+01
2.34584E+00	1000010010	4.28343E+02	1000010010	4.28343E+02
1.95421E-02	1000010010	1.49333E+02	1000010010	1.49333E+02
5.05068E-01	1000010010	1.57947E+01	1000010010	1.57947E+01
1.59497E+00	1000010010	2.24872E+00	1000010010	2.24872E+00
5.66831E+00	1000010010	1.27699E+02	1000010010	1.27699E+02
9.99652E+00	1000010010	7.13725E+01	1000010010	9.57188E+01
2.55217E+00	1000010010	2.23245E+00	1000010010	2.23245E+00
2.28890E+00	1000010010	2.85127E+00	1000010010	2.85127E+00
3.71640E+00	1000010010	1.84983E+01	1000010010	1.84983E+01
5.57973E+00	1000010010	6.75990E+00	1000010010	6.75990E+00
7.99748E+00	1000010010	2.36910E+01	1000010010	2.36910E+01
2.60102E+00	1000010010	3.22551E+02	1000010010	3.22551E+02
7.45265E-01	1000010010	4.62252E+02	1000010010	6.31769E+02
3.61925E+00	1000010010	1.88689E+00	1000010010	1.88689E+00
2.55720E+00	1000010010	2.95592E+00	1000010010	2.95592E+00
8.91583E+00	1000010010	7.96941E+00	1000010010	7.96941E+00
7.17750E+00	1000010010	1.77577E+00	1000010010	1.77577E+00
1.11600E+00	1000010010	1.80689E+02	1000010010	1.80689E+02
7.58684E+00	1000010010	2.69922E+02	1000010010	2.69922E+02
4.46804E+00	1000010010	3.54325E+00	1000010010	3.54325E+00
1.24209E+00	1000010010	1.89649E+01	1000010010	1.89649E+01
8.02477E+00	1000000010	1.19620E+02	1000010010	1.30043E+02
7.16601E+00	1000010010	2.12845E+01	1000010010	2.12845E+01
7.54630E+00	1000010010	6.48779E+01	1000010010	6.48779E+01
4.47286E+00	1000010010	2.02758E+00	1000010010	2.02758E+00
5.34135E+00	1000010010	3.60922E+02	1000010010	4.85882E+02
7.60205E+00	1000010010	6.10747E+00	1000010010	6.10747E+00
4.03157E-01	1000010010	1.65290E+01	1000010010	1.65290E+01
9.43204E+00	1000010010	5.87363E+00	1000010010	5.87363E+00
8.65625E+00	1000000010	3.55078E+02	1000010010	4.15132E+02
3.51641E+00	1000010010	2.42541E+01	1000010010	2.42541E+01
4.15354E+00	1000010010	5.95895E+02	1000010010	5.95895E+02
7.74067E+00	1000010010	1.13532E+02	1000010010	1.13532E+02
6.75256E+00	1000010010	1.56517E+01	1000010010	1.56517E+01
2.56396E+00	1000010010	1.04586E+01	1000010010	1.04586E+01
6.41693E+00	1000000010	1.66131E+02	1000010010	2.15611E+02
7.13945E-01	1000010010	5.78588E+01	1000010010	5.78588E+01
5.68166E+00	1000010010	1.12396E+00	1000010010	1.12396E+00
7.59341E+00	1000000010	1.63048E+02	1000010010	4.36412E+02
2.85800E+00	1000010010	2.93446E+02	1000010010	3.19323E+02
6.15949E+00	1000010010	3.11119E+01	1000010010	3.11119E+01
9.81754E+00	1000010010	1.59541E+00	1000010010	1.59541E+00
1.11102E+00	1000010010	1.54593E+01	1000010010	1.54593E+01
8.31566E+00	1000010010	2.19917E+01	1000010010	2.19917E+01
7.96149E+00	1000010010	3.09310E+01	1000010010	3.09310E+01
8.14153E+00	1000000010	1.16985E+02	1000010010	1.52379E+02
1.34845E+00	1000010010	4.01149E+01	1000010010	4.01149E+01
9.88306E+00	1000010010	1.35190E+01	1000010010	1.35190E+01
4.36788E+00	1000010010	1.79274E+00	1000010010	1.79274E+00
9.50229E+00	1000010010	2.27418E+02	1000010010	2.27418E+02
2.94344E-01	1000010010	2.60097E+02	1000010010	2.60097E+02
2.39113E+00	1000010010	4.01133E+02	1000010010	5.06408E+02
6.18968E+00	1000010010	1.42714E+02	1000010010	1.42714E+02
7.63090E+00	1000010010	3.09836E+01	1000010010	3.09836E+01
5.49247E+00	1000010010	4.86031E+00	1000010010	4.86031E+00
5.87246E+00	1000010010	4.49850E+00	1000010010	4.49850E+00
2.12188E+00	1000010010	9.48332E+02	1000010010	9.48332E+02
8.31325E+00	1000000010	3.01457E+02	1000010010	3.52227E+02
9.25399E+00	1000010010	7.33708E+01	1000010010	7.33708E+01
7.89487E+00	1000010010	1.76317E+02	1000010010	1.76317E+02
4.60865E-01	1000010010	1.16702E+01	1000010010	1.16702E+01
6.09905E+00	1000010010	3.58235E+01	1000010010	3.58235E+01
9.14808E+00	1000010010	3.67587E+00	1000010010	3.67587E+00
8.58328E+00	1000010010	1.54389E+02	1000010010	2.67974E+02
5.89798E-01	1000010010	1.76779E+00	1000010010	1.76779E+00
3.11264E-02	1000010010	2.20869E+01	1000010010	2.20869E+01
3.14423E+00	1000010010	7.23697E+01	1000010010	7.23697E+01
4.23426E-01	1000010010	1.25795E+00	1000010010	1.25795E+00
9.01850E-01	1000010010	5.08372E+02	1000010010	5.08372E+02
2.94963E+00	1000010010	2.61244E+02	1000010010	2.61244E+02
3.30978E+00	1000010010	5.57774E+02	1000010010	6.24564E+02
2.35113E+00	1000010010	1.50179E+02	1000010010	1.50179E+02
4.40366E+00	1000000010	9.56355E+01	1000010010	1.65419E+02
1.57103E+00	1000010010	8.06239E+00	1000010010	8.06239E+00
3.34447E+00	1000010010	3.75338E+01	1000010010	3.75338E+01
2.37672E+00	1000010010	8.88155E+02	1000010010	8.88155E+02
7.00183E-01	1000010010	1.57852E+02	1000010010	1.57852E+02
3.46922E-01	1000010010	7.70320E+02	1000010010	7.70320E+02
7.15899E-01	1000000010	7.72521E+02	1000010010	8.26165E+02
3.06973E+00	1000010010	8.46312E+00	1000010010	8.46312E+00
3.03631E+00	1000010010	1.03178E+01	1000010010	1.03178E+01
8.57615E+00	1000010010	1.21900E+01	1000010010	1.21900E+01
7.44602E+00	1000010010	2.25571E+00	1000010010	2.25571E+00
7.41908E+00	1000010010	1.14041E+00	1000010010	1.14041E+00
4.33622E+00	1000010010	6.42212E+01	1000010010	6.42212E+01
2.64364E+00	1000010010	3.40050E+01	1000010010	3.40050E+01
2.18325E+00	1000010010	3.19074E+02	1000010010	5.08072E+02
3.88269E+00	1000010010	1.90177E+02	1000010010	1.90177E+02
2.44710E+00	1000010010	1.51342E+01	1000010010	1.51342E+01
3.46722E+00	1000010010	6.52068E+00	1000010010	6.52068E+00
5.75993E+00	1000010010	6.10556E+00	1000010010	6.10556E+00
8.57820E+00	1000010010	1.72465E+00	1000010010	1.72465E+00
3.97689E+00	1000010010	1.43343E+00	1000010010	1.43343E+00
3.31812E+00	1000010010	7.40478E+01	1000010010	7.40478E+01
6.40536E+00	1000000010	2.20458E+02	1000010010	4.71147E+02
4.81103E+00	1000010010	1.20698E+02	1000010010	1.41853E+02
7.84955E+00	1000010010	1.31481E+01	1000010010	1.31481E+01
9.02975E+00	1000010010	1.46265E+01	1000010010	1.46265E+01
8.03014E+00	1000000010	1.85336E+02	1000010010	2.09898E+02
6.57943E+00	1000010010	7.72468E+00	1000010010	7.72468E+00
2.83791E+00	1000010010	4.35395E+00	1000010010	4.35395E+00
4.49787E+00	1000000010	3.93253E+02	1000010010	8.94578E+02
6.74937E+00	1000010010	3.85182E+01	1000010010	3.85182E+01
1.98011E-02	1000010010	2.70846E+02	1000010010	2.70846E+02
5.69831E+00	1000010010	2.78383E+02	1000010010	2.78383E+02
4.71866E+00	1000010010	7.69779E+02	1000010010	7.69779E+02
9.18011E+00	1000010010	2.46275E+02	1000010010	3.63753E+02
3.87475E+00	1000000010	3.91279E+02	1000010010	4.58619E+02
9.62585E+00	1000010010	5.10331E+00	1000010010	5.10331E+00
5.23550E+00	1000010010	3.88011E+01	1000010010	3.88011E+01
5.36485E+00	1000010010	4.91290E+02	1000010010	4.91290E+02
8.86260E-01	1000010010	3.14631E+01	1000010010	3.14631E+01
7.64760E+00	1000010010	2.28786E+00	1000010010	2.28786E+00
2.74648E+00	1000010010	1.64742E+01	1000010010	1.64742E+01
2.27650E+00	1000010010	3.88390E+02	1000010010	6.51891E+02
4.71247E+00	1000010010	1.79360E+00	1000010010	1.79360E+00
4.75297E+00	1000010010	4.79996E+02	1000010010	4.79996E+02
1.95517E+00	1000010010	4.62732E+01	1000010010	4.62732E+01
6.59805E+00	1000010010	1.91552E+02	1000010010	1.91552E+02
9.41602E+00	1000010010	1.68666E+01	1000010010	1.68666E+01
1.44147E+00	1000010010	1.04222E+00	1000010010	1.04222E+00
5.66581E+00	1000000010	3.60481E+02	1000010010	5.09510E+02
6.98802E+00	1000010010	1.31624E+01	1000010010	1.31624E+01
3.73900E+00	1000010010	6.31402E+01	1000010010	6.31402E+01
2.33600E+00	1000010010	6.42207E+01	1000010010	6.42207E+01
8.74247E+00	1000010010	1.77379E+01	1000010010	1.77379E+01
7.12210E+00	1000010010	3.28555E+00	1000010010	3.28555E+00
7.72579E+00	1000010010	3.81892E+01	1000010010	3.81892E+01
9.50771E+00	1000010010	6.06033E+00	1000010010	6.06033E+00
4.36847E+00	1000010010	3.91797E+01	1000010010	3.91797E+01
4.14396E+00	1000010010	1.83827E+01	1000010010	1.83827E+01
7.16077E+00	1000010010	1.23546E+00	1000010010	1.23546E+00
6.38311E+00	1000010010	8.05433E+00	1000010010	8.05433E+00
8.42488E+00	1000010010	1.05345E+00	1000010010	1.05345E+00
6.30023E+00	1000010010	2.14632E+01	1000010010	2.14632E+01
8.49217E+00	1000010010	2.07038E+00	1000010010	2.07038E+00
5.93019E-01	1000010010	7.52902E+00	1000010010	7.52902E+00
9.39716E+00	1000010010	1.54853E+02	1000010010	3.39987E+02
6.22917E+00	1000010010	7.61969E+01	1000010010	7.61969E+01
7.67114E+00	1000000010	2.77984E+02	1000010010	5.85168E+02
2.16960E+00	1000010010	2.13741E+01	1000010010	2.13741E+01
7.44480E+00	1000000010	1.19261E+02	1000010010	3.21888E+02
8.88613E+00	1000010010	1.41444E+01	1000010010	1.41444E+01
4.87016E+00	1000010010	1.12623E+00	1000010010	1.12623E+00
5.14705E+00	1000010010	1.76140E+02	1000010010	1.76140E+02
7.28803E-01	1000010010	4.91152E+02	1000010010	4.91152E+02
1.38879E+00	1000010010	1.16268E+02	1000010010	1.16268E+02
4.58401E+00	1000010010	2.57691E+02	1000010010	2.57691E+02
9.86731E+00	1000010010	3.20281E+01	1000010010	3.20281E+01
7.13871E+00	1000010010	1.60506E+00	1000010010	1.60506E+00
4.69648E+00	1000010010	2.72296E+01	1000010010	2.72296E+01
3.15261E-01	1000010010	3.43700E+01	1000010010	3.43700E+01
3.37278E-01	1000010010	3.35026E+02	1000010010	3.35026E+02
5.31177E+00	1000000010	1.05738E+02	1000010010	1.16708E+02
9.88314E+00	1000010010	2.10708E+00	1000010010	2.10708E+00
4.92103E+00	1000010010	6.22420E+01	1000010010	6.22420E+01
4.45902E+00	1000010010	5.91468E+00	1000010010	5.91468E+00
8.82242E+00	1000010010	1.16339E+01	1000010010	1.16339E+01
3.35228E+00	1000010010	7.73410E+01	1000010010	7.73410E+01
8.45458E+00	1000010010	1.83738E+01	1000010010	1.83738E+01
1.54551E+00	1000000010	3.62874E+02	1000010010	3.88733E+02
1.57266E+00	1000010010	7.31452E+02	1000010010	7.31452E+02
4.61509E+00	1000010010	2.06703E+01	1000010010	2.06703E+01
7.32442E-01	1000010010	1.45539E+00	1000010010	1.45539E+00
5.75354E-01	1000010010	2.01770E+02	1000010010	2.01770E+02
2.29743E+00	1000010010	3.66823E+00	1000010010	3.66823E+00
2.14063E-01	1000010010	5.09332E+01	1000010010	5.09332E+01
9.70986E+00	1000010010	3.97581E+01	1000010010	3.97581E+01
2.68198E+00	1000010010	4.86800E+00	1000010010	4.86800E+00
6.23035E+00	1000010010	4.26804E+02	1000010010	4.26804E+02
2.19244E-01	1000010010	5.62666E+01	1000010010	5.62666E+01
7.08980E-01	1000010010	1.47442E+01	1000010010	1.47442E+01
9.30322E-01	1000010010	2.63734E+02	1000010010	2.63734E+02
3.71105E+00	1000010010	2.21472E+02	1000010010	2.21472E+02
7.16421E+00	1000010010	1.91963E+01	1000010010	1.91963E+01
8.82079E+00	1000010010	7.45247E+00	1000010010	7.45247E+00
9.42260E+00	1000010010	1.11718E+00	1000010010	1.11718E+00
6.73186E+00	1000010010	2.19929E+01	1000010010	2.19929E+01
8.65443E+00	1000010010	4.15092E+00	1000010010	4.15092E+00
8.50437E+00	1000010010	9.75359E+01	1000010010	9.75359E+01
3.90075E-01	1000010010	1.44568E+01	1000010010	1.44568E+01
1.58347E+00	1000010010	6.80903E+00	1000010010	6.80903E+00
1.07738E+00	1000010010	9.12149E+01	1000010010	9.12149E+01
6.48682E+00	1000010010	8.82543E+00	1000010010	8.82543E+00
5.73758E+00	1000010010	5.22531E+00	1000010010	5.22531E+00
3.46696E+00	1000010010	2.55289E+01	1000010010	2.55289E+01
5.16937E+00	1000010010	3.91540E+01	1000010010	3.91540E+01
7.77485E+00	1000000010	1.33291E+02	1000010010	1.46164E+02
1.75913E-01	1000010010	2.95421E+02	1000010010	2.95421E+02
3.63662E+00	1000010010	3.32551E+00	1000010010	3.32551E+00
8.88048E+00	1000010010	3.92277E+00	1000010010	3.92277E+00
7.21842E+00	1000010010	1.34920E+00	1000010010	1.34920E+00
9.23434E+00	1000000010	1.44426E+02	1000010010	2.29101E+02
2.66697E-01	1000010010	6.18525E+00	1000010010	6.18525E+00
7.99861E+00	1000010010	1.40166E+02	1000010010	1.40166E+02
9.11082E+00	1000010010	3.74310E+01	1000010010	3.74310E+01
2.76976E+00	1000010010	3.20499E+00	1000010010	3.20499E+00
1.02976E+00	1000010010	1.54434E+01	1000010010	1.54434E+01
4.79550E+00	1000010010	7.13201E+01	1000010010	7.13201E+01
2.39893E+00	1000010010	1.62101E+00	1000010010	1.62101E+00
4.48240E+00	1000010010	2.03164E+00	1000010010	2.03164E+00
4.27603E+00	1000010010	1.70920E+00	1000010010	1.70920E+00
9.50488E+00	1000010010	4.91500E+01	1000010010	4.91500E+01
9.42857E+00	1000000010	1.18970E+02	1000010010	1.47197E+02
1.70655E+00	1000010010	6.87948E+02	1000010010	8.70167E+02
2.09079E-01	1000010010	4.58355E+00	1000010010	4.58355E+00
7.05679E+00	1000000010	1.89196E+02	1000010010	2.68242E+02
5.78284E+00	1000010010	3.92660E+00	1000010010	3.92660E+00
9.67786E+00	1000010010	8.16394E+01	1000010010	8.16394E+01
2.00160E+00	1000010010	2.98772E+00	1000010010	2.98772E+00
5.93396E+00	1000010010	1.23225E+01	1000010010	1.23225E+01
9.98979E+00	1000010010	2.00064E+00	1000010010	2.00064E+00
4.03255E+00	1000010010	1.21741E+02	1000010010	1.21741E+02
5.37410E+00	1000010010	2.33577E+02	1000010010	2.33577E+02
7.27831E+00	1000010010	1.58851E+00	1000010010	1.58851E+00
6.45622E+00	1000000010	5.92232E+02	1000010010	8.36017E+02
1.18357E+00	1000010010	1.11714E+00	1000010010	1.11714E+00
4.45199E+00	1000010010	7.36516E+01	1000010010	7.36516E+01
8.67622E+00	1000010010	1.38937E+00	1000010010	1.38937E+00
7.39578E+00	1000010010	3.17877E+00	1000010010	3.17877E+00
1.28516E+00	1000010010	6.43732E+00	1000010010	6.43732E+00
1.95834E+00	1000010010	1.87333E+01	1000010010	1.87333E+01
8.91786E+00	1000000010	1.13798E+02	1000010010	1.35698E+02
4.29300E+00	1000010010	2.58040E+01	1000010010	2.58040E+01
6.63835E+00	1000010010	2.04323E+01	1000010010	2.04323E+01
6.04808E+00	1000010010	9.14288E+02	1000010010	9.14288E+02
4.31753E+00	1000010010	3.76696E+01	1000010010	3.76696E+01
5.55493E+00	1000010010	1.65816E+00	1000010010	1.65816E+00
7.59682E+00	1000010010	9.87324E+01	1000010010	9.87324E+01
3.44255E+00	1000010010	1.35494E+01	1000010010	1.35494E+01
3.60316E+00	1000010010	8.51107E+01	1000010010	9.38789E+01
5.21901E+00	1000010010	1.93548E+00	1000010010	1.93548E+00
2.86779E+00	1000010010	5.94179E+01	1000010010	5.94179E+01
5.59510E+00	1000000010	7.35957E+01	1000010010	7.90116E+01
9.31341E+00	1000010010	1.25860E+00	1000010010	1.25860E+00
5.47634E+00	1000010010	4.04064E+00	1000010010	4.04064E+00
4.96754E+00	1000000010	1.32584E+02	1000010010	1.46664E+02
8.05543E-01	1000010010	2.50105E+00	1000010010	2.50105E+00
4.65593E+00	1000010010	1.58161E+01	1000010010	1.58161E+01
4.36072E+00	1000010010	5.74840E+01	1000010010	5.74840E+01
7.24995E+00	1000010010	9.57244E+00	1000010010	9.57244E+00
7.22963E+00	1000010010	8.57233E+00	1000010010	8.57233E+00
2.98283E+00	1000010010	5.38708E+00	1000010010	5.38708E+00
5.99186E+00	1000010010	3.17966E+00	1000010010	3.17966E+00
6.24241E+00	1000000010	2.56128E+02	1000010010	3.00031E+02
2.45999E+00	1000010010	3.73474E+02	1000010010	3.73474E+02
1.10170E+00	1000000010	2.80694E+02	1000010010	5.43382E+02
2.76057E-01	1000010010	1.10795E+01	1000010010	1.10795E+01
7.26866E+00	1000010010	1.95163E+01	1000010010	1.95163E+01
9.40788E+00	1000010010	1.54814E+01	1000010010	1.54814E+01
4.55733E+00	1000010010	8.42196E+01	1000010010	8.42196E+01
1.64406E-02	1000010010	8.66022E+00	1000010010	8.66022E+00
1.70298E+00	1000010010	2.72477E+00	1000010010	2.72477E+00
3.17149E+00	1000010010	9.09863E+02	1000010010	9.09863E+02
5.86592E+00	1000010010	1.01030E+02	1000010010	1.01030E+02
3.79305E+00	1000010010	5.16064E+02	1000010010	5.16064E+02
2.21490E+00	1000010010	1.14996E+00	1000010010	1.14996E+00
9.49969E+00	1000010010	1.16184E+00	1000010010	1.16184E+00
2.27561E+00	1000010010	3.65963E+00	1000010010	3.65963E+00
7.86535E+00	1000000010	1.85479E+02	1000010010	5.10467E+02
8.75858E+00	1000000010	1.43335E+02	1000010010	3.56959E+02
7.13224E+00	1000010010	3.76386E+02	1000010010	8.33630E+02
2.50456E+00	1000010010	1.75904E+02	1000010010	1.75904E+02
2.44400E+00	1000010010	3.59010E+02	1000010010	8.38502E+02
8.38324E+00	1000010010	1.51444E+01	1000010010	1.51444E+01
4.90454E+00	1000010010	4.46688E+01	1000010010	4.46688E+01
1.53950E+00	1000010010	1.70878E+02	1000010010	1.70878E+02
9.15249E+00	1000010010	1.54129E+01	1000010010	1.54129E+01
5.41754E+00	1000010010	3.08018E+02	1000010010	5.99695E+02
6.77346E+00	1000010010	3.31927E+02	1000010010	9.76490E+02
5.76543E+00	1000010010	7.63055E+01	1000010010	7.63055E+01
6.79552E+00	1000010010	4.64804E+00	1000010010	4.64804E+00
6.61357E+00	1000010010	9.65567E+01	1000010010	9.65567E+01
1.33048E+00	1000010010	5.36801E+01	1000010010	5.36801E+01
9.85918E+00	1000010010	2.95394E+00	1000010010	2.95394E+00
9.51365E+00	1000010010	1.50591E+00	1000010010	1.50591E+00
8.05171E+00	1000010010	7.47173E+02	1000010010	8.26310E+02
4.78346E+00	1000000010	2.37829E+02	1000010010	4.98242E+02
8.72548E+00	1000010010	2.01791E+02	1000010010	4.81793E+02
6.63200E+00	1000010010	1.26809E+00	1000010010	1.26809E+00
1.41474E+00	1000010010	2.60349E+00	1000010010	2.60349E+00
5.00097E+00	1000010010	4.20994E+00	1000010010	4.20994E+00
4.28159E-01	1000010010	1.93768E+01	1000010010	1.93768E+01
8.07587E+00	1000010010	1.70427E+01	1000010010	1.70427E+01
4.95698E+00	1000000010	2.87518E+02	1000010010	3.50637E+02
1.53607E-01	1000010010	3.08818E+02	1000010010	3.08818E+02
3.05630E+00	1000010010	2.06153E+02	1000010010	2.24429E+02
2.07112E+00	1000010010	6.40099E+01	1000010010	6.40099E+01
5.61530E+00	1000010010	1.35253E+00	1000010010	1.35253E+00
4.52945E+00	1000010010	3.67736E+01	1000010010	3.67736E+01
2.95322E+00	1000010010	1.76539E+00	1000010010	1.76539E+00
3.17464E+00	1000010010	9.66788E+01	1000010010	9.66788E+01
4.18930E+00	1000010010	5.10787E+01	1000010010	5.10787E+01
2.95298E+00	1000010010	2.58166E+00	1000010010	2.58166E+00
4.36121E+00	1000010010	5.07875E+02	1000010010	9.30435E+02
6.04149E+00	1000010010	7.45928E+00	1000010010	7.45928E+00
3.45271E-01	1000010010	6.17615E+02	1000010010	6.17615E+02
8.45489E+00	1000010010	1.27989E+00	1000010010	1.27989E+00
1.70109E+00	1000010010	1.39850E+00	1000010010	1.39850E+00
9.34489E+00	1000010010	3.24139E+00	1000010010	3.24139E+00
5.08414E+00	1000010010	1.66452E+00	1000010010	1.66452E+00
6.88092E+00	1000010010	5.43130E+00	1000010010	5.43130E+00
7.97470E+00	1000010010	2.55851E+00	1000010010	2.55851E+00
6.83260E+00	1000010010	1.62511E+00	1000010010	1.62511E+00
6.96510E-01	1000010010	2.95158E+02	1000010010	2.95158E+02
3.31716E+00	1000000010	5.09965E+02	1000010010	9.55008E+02
3.38866E+00	1000010010	4.79821E+00	1000010010	4.79821E+00
3.58779E+00	1000000010	2.65003E+02	1000010010	2.80980E+02
6.68320E+00	1000010010	1.20878E+00	1000010010	1.20878E+00
7.63424E+00	1000010010	1.20522E+01	1000010010	1.20522E+01
7.20525E+00	1000000010	4.90281E+01	1000010010	6.29251E+01
2.78996E+00	1000010010	1.07860E+02	1000010010	1.07860E+02
5.00135E+00	1000010010	1.95073E+02	1000010010	1.95073E+02
5.86086E-01	1000010010	7.18704E+02	1000010010	7.18704E+02
4.56455E-01	1000010010	8.95831E+00	1000010010	8.95831E+00
9.40495E+00	1000010010	1.27203E+02	1000010010	1.27203E+02
6.90857E+00	1000010010	1.93149E+02	1000010010	2.35406E+02
5.75171E+00	1000010010	2.09580E+02	1000010010	2.09580E+02
