#	D	ID	E	ID0	E0
#
# D             Trajectory length [1 Mpc]
# ID/ID0/ID1    Particle type (PDG MC numbering scheme)
# E/E0/E1       Energy [1 EeV]
# no index = current, 0 = at source, 1 = at point of creation
#
# CRPropa version: -128-NOTFOUND
#
4.13917E+00	1000260560	4.53618E+00	1000260560	4.53618E+00
5.66512E+00	1000260560	4.85822E+01	1000260560	4.85822E+01
4.03068E-01	1000260560	2.16604E+01	1000260560	2.16604E+01
5.58763E+00	1000260560	1.01922E+03	1000260560	1.01922E+03
6.07401E-01	1000260560	4.02926E+03	1000260560	4.02926E+03
1.49746E+00	1000260560	1.54233E+01	1000260560	1.54233E+01
5.27795E+00	1000260550	3.74590E+03	1000260560	3.81401E+03
5.27795E+00	1000010010	4.38502E+01	1000260560	3.81401E+03
9.44278E+00	1000260560	2.76423E+03	1000260560	2.76423E+03
5.14503E+00	1000260560	2.99211E+00	1000260560	2.99211E+00
6.63631E+00	1000260560	1.48881E+00	1000260560	1.48881E+00
7.40182E+00	1000260560	8.75638E+01	1000260560	8.75638E+01
5.77986E+00	1000260560	3.51861E+02	1000260560	3.51861E+02
4.51189E+00	1000260560	1.14444E+02	1000260560	1.14444E+02
5.87096E+00	1000260560	1.01269E+04	1000260560	1.01269E+04
3.96361E+00	1000260560	3.22469E+03	1000260560	3.22469E+03
9.80581E-01	1000260560	2.09887E+02	1000260560	2.09887E+02
6.82588E+00	1000260560	1.34976E+02	1000260560	1.34976E+02
8.59289E+00	1000260560	2.79463E+01	1000260560	2.79463E+01
1.99211E-01	1000260560	1.91561E+02	1000260560	1.91561E+02
7.72456E+00	1000260560	6.02920E+03	1000260560	6.02920E+03
5.82000E+00	1000260560	1.64982E+04	1000260560	1.64982E+04
8.66155E+00	1000260560	1.99393E+03	1000260560	1.99393E+03
2.50055E+00	1000260560	1.34632E+02	1000260560	1.34632E+02
2.48149E-01	1000260560	1.54948E+00	1000260560	1.54948E+00
1.99975E+00	1000260560	4.59744E+00	1000260560	4.59744E+00
8.54417E+00	1000260560	2.49815E+02	1000260560	2.49815E+02
8.94967E+00	1000260560	7.09529E+00	1000260560	7.09529E+00
1.69786E+00	1000260560	9.72257E+03	1000260560	9.72257E+03
7.09793E+00	1000260560	6.61173E+00	1000260560	6.61173E+00
1.67624E+00	1000260560	1.12217E+03	1000260560	1.12217E+03
8.66761E+00	1000260560	1.08539E+00	1000260560	1.08539E+00
6.77644E+00	1000260560	4.01702E+01	1000260560	4.01702E+01
7.16894E-01	1000260560	5.80377E+01	1000260560	5.80377E+01
7.91472E+00	1000260560	2.21582E+03	1000260560	2.21582E+03
9.77902E+00	1000260560	5.72028E+02	1000260560	5.72028E+02
3.66833E-01	1000260560	1.20474E+03	1000260560	1.20474E+03
6.69759E+00	1000260550	1.39178E+04	1000260560	1.41708E+04
7.40730E+00	1000260560	1.42467E+04	1000260560	1.42467E+04
6.69759E+00	1000010010	1.48691E+02	1000260560	1.41708E+04
7.93650E+00	1000260560	1.06225E+03	1000260560	1.06225E+03
7.05506E+00	1000260560	1.70461E+03	1000260560	1.70461E+03
5.37147E+00	1000260560	6.76108E+02	1000260560	6.76108E+02
2.93172E+00	1000260550	5.04332E+03	1000260560	5.13502E+03
2.93172E+00	1000010010	8.93062E+01	1000260560	5.13502E+03
5.92660E+00	1000260560	5.53250E+02	1000260560	5.53250E+02
5.56740E+00	1000260560	5.69400E+03	1000260560	5.69400E+03
9.49944E+00	1000260560	4.25680E+01	1000260560	4.25680E+01
1.93967E+00	1000260560	6.38349E+02	1000260560	6.38349E+02
7.12792E+00	1000260560	1.24806E+00	1000260560	1.24806E+00
8.63277E+00	1000260560	1.58025E+03	1000260560	1.58025E+03
6.52847E+00	1000260560	3.58346E+03	1000260560	3.58346E+03
1.38576E+00	1000260560	9.24528E+00	1000260560	9.24528E+00
5.45988E+00	1000260560	7.43600E+00	1000260560	7.43600E+00
8.43015E+00	1000260560	8.32306E+03	1000260560	8.32306E+03
2.47499E+00	1000260560	8.20380E+00	1000260560	8.20380E+00
7.35981E+00	1000260560	1.33323E+00	1000260560	1.33323E+00
1.09151E+00	1000260560	5.22686E+02	1000260560	5.22686E+02
1.52666E+00	1000260560	8.84662E+02	1000260560	8.84662E+02
8.05636E+00	1000260560	3.82091E+00	1000260560	3.82091E+00
4.76264E+00	1000260560	1.45834E+02	1000260560	1.45834E+02
5.25690E+00	1000260560	2.40212E+03	1000260560	2.40212E+03
1.10184E+00	1000260560	1.80933E+03	1000260560	1.80933E+03
3.76742E+00	1000260560	7.63668E+00	1000260560	7.63668E+00
4.92036E+00	1000260560	1.82020E+03	1000260560	1.82020E+03
2.28043E+00	1000260560	1.42163E+04	1000260560	1.42163E+04
1.79120E+00	1000260560	5.50298E+03	1000260560	5.50298E+03
4.67970E+00	1000260560	2.73352E+01	1000260560	2.73352E+01
3.88876E+00	1000260560	1.26813E+03	1000260560	1.26813E+03
2.66554E+00	1000260560	7.43420E+02	1000260560	7.43420E+02
7.58870E+00	1000260560	2.06552E+03	1000260560	2.06552E+03
2.09192E+00	1000260560	9.90595E+00	1000260560	9.90595E+00
5.71088E+00	1000260560	8.01929E+00	1000260560	8.01929E+00
5.59886E+00	1000260560	4.62713E+03	1000260560	4.62713E+03
8.57374E+00	1000260560	5.45834E+02	1000260560	5.45834E+02
2.71020E+00	1000260560	6.65144E+00	1000260560	6.65144E+00
2.26970E+00	1000260560	7.08267E+02	1000260560	7.08267E+02
4.56459E+00	1000260560	2.69811E+03	1000260560	2.69811E+03
2.18611E+00	1000260560	1.68976E+03	1000260560	1.68976E+03
5.37881E+00	1000260560	6.03753E+02	1000260560	6.03753E+02
3.32119E-01	1000260560	1.54545E+04	1000260560	1.54545E+04
9.54859E+00	1000260560	3.05195E+03	1000260560	3.05195E+03
2.12143E+00	1000260560	4.84370E+01	1000260560	4.84370E+01
3.12607E+00	1000260560	1.84819E+03	1000260560	1.84819E+03
3.23288E+00	1000260560	1.10216E+01	1000260560	1.10216E+01
9.77196E+00	1000250550	1.28402E+03	1000260560	1.30737E+03
6.88102E+00	1000260560	7.09935E+03	1000260560	7.09935E+03
9.77196E+00	1000010010	2.13325E+01	1000260560	1.30737E+03
6.89083E+00	1000260560	2.50409E+00	1000260560	2.50409E+00
2.30058E+00	1000260560	2.24338E+01	1000260560	2.24338E+01
9.16949E+00	1000260560	2.66453E+02	1000260560	2.66453E+02
3.31242E+00	1000260560	8.71734E+01	1000260560	8.71734E+01
4.87937E+00	1000260560	3.87492E+03	1000260560	3.87492E+03
1.59076E+00	1000260560	2.78127E+01	1000260560	2.78127E+01
7.10428E+00	1000260560	4.47954E+01	1000260560	4.47954E+01
4.10784E+00	1000260560	1.94962E+01	1000260560	1.94962E+01
8.94809E+00	1000260560	2.47282E+02	1000260560	2.47282E+02
6.88558E+00	1000260560	3.29818E+01	1000260560	3.29818E+01
6.64954E+00	1000260560	5.04007E+00	1000260560	5.04007E+00
4.09673E+00	1000260560	6.11496E+00	1000260560	6.11496E+00
2.31295E+00	1000260560	7.99704E+01	1000260560	7.99704E+01
5.95826E+00	1000260560	1.69544E+00	1000260560	1.69544E+00
1.30767E+00	1000260560	2.07914E+04	1000260560	2.07914E+04
7.48424E+00	1000260560	1.88161E+03	1000260560	1.88161E+03
1.20838E+00	1000260560	2.68902E+02	1000260560	2.68902E+02
4.73933E+00	1000260560	2.67510E+00	1000260560	2.67510E+00
4.29245E+00	1000260560	5.49152E+02	1000260560	5.49152E+02
2.16976E+00	1000260560	1.43972E+04	1000260560	1.43972E+04
8.77469E+00	1000260560	3.88567E+01	1000260560	3.88567E+01
4.63262E+00	1000260560	2.69068E+03	1000260560	2.69068E+03
9.45196E+00	1000260560	1.68818E+00	1000260560	1.68818E+00
8.24357E+00	1000260560	1.12723E+00	1000260560	1.12723E+00
2.02018E+00	1000260550	1.51257E+04	1000260560	1.54007E+04
5.62535E+00	1000260560	1.62293E+03	1000260560	1.62293E+03
6.15691E+00	1000260560	4.71318E+03	1000260560	4.71318E+03
2.02018E+00	1000000010	1.07858E+02	1000260560	1.54007E+04
6.90338E+00	1000260560	7.52416E+02	1000260560	7.52416E+02
5.08023E+00	1000260560	2.13334E+01	1000260560	2.13334E+01
2.69737E+00	1000260560	5.64088E+01	1000260560	5.64088E+01
8.99114E+00	1000260560	5.09258E+00	1000260560	5.09258E+00
6.92259E+00	1000260550	6.37217E+02	1000260560	6.48803E+02
6.92259E+00	1000010010	9.09009E+00	1000260560	6.48803E+02
6.55092E+00	1000260550	6.45418E+03	1000260560	6.57153E+03
6.55092E+00	1000010010	7.35567E+01	1000260560	6.57153E+03
2.23680E+00	1000260560	1.38584E+02	1000260560	1.38584E+02
1.58404E+00	1000260560	1.05035E+03	1000260560	1.05035E+03
7.00737E+00	1000260560	5.56716E+03	1000260560	5.56716E+03
5.14224E+00	1000260560	4.71433E+00	1000260560	4.71433E+00
5.83335E+00	1000260560	8.14387E+00	1000260560	8.14387E+00
9.72105E+00	1000260550	3.05143E+03	1000260560	3.10691E+03
4.57718E+00	1000260560	5.89440E+03	1000260560	5.89440E+03
9.72105E+00	1000010010	5.08889E+01	1000260560	3.10691E+03
8.16876E+00	1000260560	1.51692E+01	1000260560	1.51692E+01
3.63219E+00	1000260560	5.14477E+02	1000260560	5.14477E+02
4.86538E+00	1000260560	1.48786E+00	1000260560	1.48786E+00
6.62558E+00	1000260560	2.35840E+04	1000260560	2.35840E+04
5.61117E+00	1000260560	1.77654E+02	1000260560	1.77654E+02
7.82667E+00	1000260560	2.26431E+03	1000260560	2.26431E+03
5.84166E+00	1000260560	3.00334E+00	1000260560	3.00334E+00
6.09378E+00	1000260560	1.60757E+04	1000260560	1.60757E+04
6.72306E+00	1000260560	1.26163E+04	1000260560	1.26163E+04
4.56111E+00	1000260560	4.65225E+00	1000260560	4.65225E+00
4.09472E+00	1000260560	2.52877E+01	1000260560	2.52877E+01
1.22285E+00	1000260560	1.44641E+03	1000260560	1.44641E+03
7.09671E+00	1000260560	1.18197E+02	1000260560	1.18197E+02
3.47283E+00	1000260560	3.29159E+03	1000260560	3.29159E+03
7.56821E+00	1000260560	9.36360E+01	1000260560	9.36360E+01
8.17568E+00	1000260560	1.51781E+02	1000260560	1.51781E+02
1.97980E+00	1000260560	2.04059E+01	1000260560	2.04059E+01
6.74053E+00	1000260560	4.29676E+00	1000260560	4.29676E+00
1.93395E+00	1000260560	3.37417E+00	1000260560	3.37417E+00
8.83310E+00	1000260560	2.53057E+04	1000260560	2.53057E+04
1.27988E+00	1000260560	1.84364E+02	1000260560	1.84364E+02
5.73282E+00	1000260560	3.55154E+03	1000260560	3.55154E+03
4.31516E+00	1000260560	4.77810E+02	1000260560	4.77810E+02
5.79087E+00	1000260560	1.31123E+01	1000260560	1.31123E+01
7.14238E+00	1000260560	7.04919E+01	1000260560	7.04919E+01
9.67357E+00	1000260560	1.56702E+01	1000260560	1.56702E+01
7.84440E+00	1000260560	1.42867E+03	1000260560	1.42867E+03
6.59835E+00	1000260560	1.95618E+04	1000260560	1.95618E+04
2.38685E+00	1000260560	2.86573E+03	1000260560	2.86573E+03
3.89123E+00	1000260560	8.88420E+02	1000260560	8.88420E+02
6.84325E+00	1000250550	1.67736E+04	1000260560	1.70786E+04
1.24493E+00	1000260560	2.34888E+03	1000260560	2.34888E+03
3.19021E+00	1000260560	8.04545E+03	1000260560	8.04545E+03
6.84325E+00	1000000010	1.40588E+02	1000260560	1.70786E+04
8.95944E+00	1000260560	1.79166E+02	1000260560	1.79166E+02
1.45524E+00	1000260560	1.02145E+00	1000260560	1.02145E+00
8.75387E+00	1000260560	4.09123E+03	1000260560	4.09123E+03
9.94556E+00	1000260560	1.85925E+00	1000260560	1.85925E+00
1.97768E+00	1000260560	1.67499E+04	1000260560	1.67499E+04
6.78737E+00	1000260560	3.36651E+02	1000260560	3.36651E+02
9.23719E+00	1000260560	6.78159E+01	1000260560	6.78159E+01
2.78866E+00	1000260560	2.79335E+01	1000260560	2.79335E+01
4.54816E+00	1000260560	9.10835E+03	1000260560	9.10835E+03
3.71156E+00	1000260560	2.29398E+01	1000260560	2.29398E+01
1.96940E-01	1000260560	3.89248E+01	1000260560	3.89248E+01
4.88826E+00	1000260560	8.00739E+03	1000260560	8.00739E+03
4.08599E+00	1000260560	1.15194E+02	1000260560	1.15194E+02
9.52408E-01	1000260560	4.22191E+00	1000260560	4.22191E+00
2.93390E+00	1000260560	1.35975E+04	1000260560	1.35975E+04
9.26816E+00	1000260560	4.13708E+01	1000260560	4.13708E+01
1.25153E+00	1000260560	7.82771E+00	1000260560	7.82771E+00
4.85065E+00	1000260560	3.15131E+00	1000260560	3.15131E+00
2.07061E+00	1000260560	2.80422E+01	1000260560	2.80422E+01
1.68646E+00	1000260560	6.57133E+01	1000260560	6.57133E+01
1.47951E+00	1000260560	1.77452E+02	1000260560	1.77452E+02
2.48561E+00	1000260560	5.82360E+00	1000260560	5.82360E+00
3.55110E+00	1000260560	4.77472E+01	1000260560	4.77472E+01
2.26150E-01	1000260560	1.75955E+02	1000260560	1.75955E+02
4.50914E+00	1000250550	7.71102E+03	1000260560	7.85122E+03
4.50914E+00	1000010010	7.18051E+01	1000260560	7.85122E+03
7.08480E+00	1000260560	1.22586E+02	1000260560	1.22586E+02
9.04416E+00	1000260560	6.92976E+02	1000260560	6.92976E+02
3.09970E-01	1000260560	5.00501E+03	1000260560	5.00501E+03
3.82204E+00	1000260560	3.29621E+03	1000260560	3.29621E+03
1.59245E+00	1000260560	1.56119E+02	1000260560	1.56119E+02
3.35432E+00	1000260560	3.37888E+02	1000260560	3.37888E+02
4.83861E+00	1000260560	3.76655E+01	1000260560	3.76655E+01
7.13111E+00	1000260560	9.27873E+02	1000260560	9.27873E+02
2.06236E+00	1000260560	7.08557E+01	1000260560	7.08557E+01
1.71627E+00	1000260560	7.29794E+02	1000260560	7.29794E+02
2.82150E+00	1000260560	3.20323E+03	1000260560	3.20323E+03
4.27651E+00	1000260560	1.02481E+03	1000260560	1.02481E+03
8.97705E+00	1000260560	5.21334E+00	1000260560	5.21334E+00
6.22102E+00	1000260560	4.75256E+03	1000260560	4.75256E+03
1.10087E+00	1000260560	1.12181E+00	1000260560	1.12181E+00
8.84595E+00	1000260560	6.11091E+00	1000260560	6.11091E+00
6.04844E+00	1000240540	9.35136E+03	1000260560	9.69770E+03
1.43784E+00	1000260560	1.27957E+04	1000260560	1.27957E+04
1.50381E-01	1000260560	1.84874E+03	1000260560	1.84874E+03
6.04844E+00	1000010010	7.67884E+01	1000260560	9.69770E+03
5.61950E+00	1000260560	1.00527E+04	1000260560	1.00527E+04
6.04844E+00	1000010010	1.54319E+02	1000260560	9.69770E+03
4.81715E-01	1000260560	1.19784E+04	1000260560	1.19784E+04
2.73345E+00	1000260560	2.68774E+03	1000260560	2.68774E+03
1.99137E+00	1000260560	8.22386E+00	1000260560	8.22386E+00
6.82903E+00	1000260560	5.51380E+03	1000260560	5.51380E+03
4.85999E+00	1000260560	2.96044E+03	1000260560	2.96044E+03
8.45289E+00	1000260560	2.38090E+00	1000260560	2.38090E+00
8.08594E+00	1000250550	1.02982E+03	1000260560	1.04854E+03
7.40984E+00	1000260560	1.63567E+00	1000260560	1.63567E+00
8.08594E+00	1000010010	1.41865E+01	1000260560	1.04854E+03
2.83091E+00	1000260560	2.85790E+03	1000260560	2.85790E+03
2.87008E+00	1000260560	7.02153E+02	1000260560	7.02153E+02
9.34512E+00	1000260560	3.22919E+03	1000260560	3.22919E+03
6.46080E+00	1000250550	2.29858E+03	1000260560	2.34037E+03
7.67326E+00	1000260560	4.37579E+03	1000260560	4.37579E+03
8.27772E-01	1000260560	1.94761E+03	1000260560	1.94761E+03
6.46080E+00	1000010010	3.43209E+01	1000260560	2.34037E+03
8.90526E+00	1000260560	1.17559E+01	1000260560	1.17559E+01
7.42341E+00	1000260560	2.51392E+03	1000260560	2.51392E+03
6.92991E+00	1000260560	1.16846E+04	1000260560	1.16846E+04
5.95327E+00	1000260560	1.16958E+04	1000260560	1.16958E+04
5.04272E+00	1000260560	9.63526E+03	1000260560	9.63526E+03
4.00131E-01	1000260560	2.81668E+00	1000260560	2.81668E+00
6.18498E+00	1000260560	8.57501E+01	1000260560	8.57501E+01
2.30788E+00	1000260560	3.63241E+03	1000260560	3.63241E+03
9.96213E+00	1000260560	4.04518E+02	1000260560	4.04518E+02
6.16637E+00	1000260560	6.06765E+02	1000260560	6.06765E+02
4.50368E+00	1000260560	1.33678E+01	1000260560	1.33678E+01
1.12282E+00	1000260560	7.24730E+00	1000260560	7.24730E+00
5.57914E+00	1000260560	2.92771E+01	1000260560	2.92771E+01
4.08579E+00	1000260560	4.08016E+01	1000260560	4.08016E+01
6.81055E-01	1000260560	5.31653E+02	1000260560	5.31653E+02
7.16821E+00	1000260560	2.34882E+02	1000260560	2.34882E+02
1.18773E+00	1000260560	6.70923E+01	1000260560	6.70923E+01
6.03292E+00	1000260560	3.02484E+00	1000260560	3.02484E+00
2.61960E+00	1000260560	3.11107E+00	1000260560	3.11107E+00
1.48305E+00	1000260560	7.89934E+02	1000260560	7.89934E+02
3.85453E+00	1000260560	3.14778E+01	1000260560	3.14778E+01
7.96630E+00	1000260560	4.40524E+03	1000260560	4.40524E+03
6.59232E+00	1000260560	1.29765E+04	1000260560	1.29765E+04
4.74559E+00	1000260550	1.22514E+03	1000260560	1.24742E+03
2.55484E+00	1000260560	8.35266E+01	1000260560	8.35266E+01
9.19195E+00	1000260560	3.23362E+01	1000260560	3.23362E+01
4.74559E+00	1000010010	2.12813E+01	1000260560	1.24742E+03
8.79781E-01	1000260560	2.01099E+03	1000260560	2.01099E+03
5.41460E+00	1000260560	1.49757E+04	1000260560	1.49757E+04
6.02751E+00	1000260550	5.19443E+03	1000260560	5.28887E+03
1.68898E+00	1000260560	1.13892E+04	1000260560	1.13892E+04
6.02751E+00	1000010010	5.24737E+01	1000260560	5.28887E+03
3.05021E+00	1000260560	4.02248E+00	1000260560	4.02248E+00
4.94071E+00	1000260560	6.65237E+01	1000260560	6.65237E+01
6.49616E+00	1000260560	6.42488E+03	1000260560	6.42488E+03
8.13108E+00	1000260560	1.41554E+01	1000260560	1.41554E+01
7.78730E+00	1000260560	1.73962E+02	1000260560	1.73962E+02
2.77538E+00	1000260560	2.33456E+00	1000260560	2.33456E+00
9.47403E+00	1000260560	7.06053E+00	1000260560	7.06053E+00
7.18100E+00	1000260560	1.53555E+03	1000260560	1.53555E+03
5.62392E+00	1000260560	1.77494E+00	1000260560	1.77494E+00
1.12305E+00	1000260560	4.79805E+02	1000260560	4.79805E+02
2.86217E+00	1000260560	5.37638E+02	1000260560	5.37638E+02
4.28549E+00	1000260560	3.24754E+00	1000260560	3.24754E+00
1.15957E+00	1000260560	2.03892E+03	1000260560	2.03892E+03
3.87928E+00	1000260560	5.75211E+00	1000260560	5.75211E+00
1.56297E+00	1000260560	1.75485E+02	1000260560	1.75485E+02
8.95258E+00	1000260560	4.19057E+03	1000260560	4.19057E+03
8.61495E+00	1000260560	3.28529E+02	1000260560	3.28529E+02
2.41179E+00	1000260560	1.67254E+01	1000260560	1.67254E+01
5.57541E+00	1000260560	8.18052E+01	1000260560	8.18052E+01
9.55470E+00	1000260560	2.60918E+02	1000260560	2.60918E+02
3.24001E-01	1000260560	3.45421E+00	1000260560	3.45421E+00
3.16096E+00	1000260560	2.33583E+04	1000260560	2.33583E+04
9.53049E-01	1000260560	3.56998E+01	1000260560	3.56998E+01
4.03662E+00	1000260560	1.23099E+04	1000260560	1.23099E+04
5.42343E+00	1000260560	5.87007E+00	1000260560	5.87007E+00
4.29303E+00	1000260550	1.61425E+04	1000260560	1.64360E+04
4.29303E+00	1000010010	2.65760E+02	1000260560	1.64360E+04
7.66151E+00	1000260560	2.74630E+02	1000260560	2.74630E+02
6.36761E+00	1000260560	1.99752E+04	1000260560	1.99752E+04
5.35720E+00	1000260560	1.42908E+03	1000260560	1.42908E+03
9.45061E+00	1000260560	5.13247E+02	1000260560	5.13247E+02
1.47019E+00	1000260560	2.75404E+02	1000260560	2.75404E+02
2.44271E+00	1000260560	2.37766E+00	1000260560	2.37766E+00
4.09245E+00	1000260560	2.59345E+00	1000260560	2.59345E+00
5.49673E+00	1000260560	3.03911E+02	1000260560	3.03911E+02
5.33162E+00	1000260560	4.72053E+01	1000260560	4.72053E+01
1.08581E+00	1000260560	1.54013E+02	1000260560	1.54013E+02
9.76921E-01	1000260560	9.60623E+02	1000260560	9.60623E+02
4.25670E+00	1000260560	2.73089E+01	1000260560	2.73089E+01
4.43958E+00	1000260560	2.33130E+02	1000260560	2.33130E+02
8.38300E-01	1000260560	2.78620E+00	1000260560	2.78620E+00
8.01616E+00	1000260560	1.18251E+02	1000260560	1.18251E+02
8.02639E+00	1000260560	9.55272E+02	1000260560	9.55272E+02
5.80506E+00	1000260560	3.65389E+00	1000260560	3.65389E+00
8.51430E+00	1000260560	8.61729E+01	1000260560	8.61729E+01
1.66765E+00	1000260560	5.33437E+02	1000260560	5.33437E+02
8.53642E+00	1000260560	7.94807E+02	1000260560	7.94807E+02
1.00369E-01	1000260560	2.28582E+02	1000260560	2.28582E+02
8.47728E+00	1000260560	8.80029E+03	1000260560	8.80029E+03
2.27833E+00	1000260560	1.29080E+00	1000260560	1.29080E+00
2.24670E+00	1000260560	1.93851E+02	1000260560	1.93851E+02
4.45748E+00	1000260560	3.11028E+02	1000260560	3.11028E+02
8.20353E+00	1000260560	4.83691E+03	1000260560	4.83691E+03
5.07418E+00	1000260560	4.21902E+01	1000260560	4.21902E+01
8.13161E-01	1000260560	2.08325E+02	1000260560	2.08325E+02
2.64339E+00	1000260560	1.17647E+04	1000260560	1.17647E+04
2.65229E+00	1000260560	1.33252E+04	1000260560	1.33252E+04
4.67163E+00	1000260560	4.92135E+02	1000260560	4.92135E+02
2.18741E+00	1000260560	1.66091E+02	1000260560	1.66091E+02
4.50500E+00	1000260560	4.60576E+02	1000260560	4.60576E+02
8.91379E+00	1000260560	1.46591E+03	1000260560	1.46591E+03
8.93836E+00	1000260560	3.59595E+02	1000260560	3.59595E+02
2.27976E+00	1000260560	3.34091E+03	1000260560	3.34091E+03
3.14898E+00	1000260560	1.44068E+00	1000260560	1.44068E+00
1.81241E+00	1000260560	7.28711E+01	1000260560	7.28711E+01
1.28167E+00	1000260560	2.51741E+03	1000260560	2.51741E+03
4.48665E+00	1000260560	1.49599E+00	1000260560	1.49599E+00
2.64166E+00	1000260560	1.64834E+03	1000260560	1.64834E+03
7.75604E+00	1000260560	1.83709E+04	1000260560	1.83709E+04
8.67882E+00	1000260560	6.27088E+01	1000260560	6.27088E+01
4.02162E+00	1000260560	1.48457E+02	1000260560	1.48457E+02
4.90088E+00	1000260560	4.71517E+00	1000260560	4.71517E+00
6.46228E+00	1000260560	1.71240E+00	1000260560	1.71240E+00
6.45497E+00	1000260560	5.91981E+03	1000260560	5.91981E+03
8.49950E+00	1000260560	2.87767E+03	1000260560	2.87767E+03
7.55489E+00	1000260560	2.95356E+01	1000260560	2.95356E+01
2.43372E-01	1000260560	1.63367E+04	1000260560	1.63367E+04
5.31062E+00	1000260560	1.32483E+00	1000260560	1.32483E+00
5.81594E+00	1000260560	4.60720E+00	1000260560	4.60720E+00
4.15684E+00	1000260560	2.12016E+00	1000260560	2.12016E+00
6.93166E-03	1000260560	3.77051E+02	1000260560	3.77051E+02
4.40289E+00	1000260560	2.43010E+04	1000260560	2.43010E+04
4.34078E+00	1000260560	6.12988E+01	1000260560	6.12988E+01
5.65495E+00	1000260560	5.10951E+00	1000260560	5.10951E+00
3.21356E+00	1000260560	8.68492E+02	1000260560	8.68492E+02
5.52107E+00	1000260560	1.61649E+04	1000260560	1.61649E+04
7.20695E+00	1000260560	2.77995E+03	1000260560	2.77995E+03
2.68866E+00	1000260560	1.11723E+01	1000260560	1.11723E+01
2.37036E+00	1000250550	1.25139E+04	1000260560	1.27415E+04
9.11456E+00	1000260560	1.05670E+02	1000260560	1.05670E+02
2.37036E+00	1000010010	2.05251E+02	1000260560	1.27415E+04
6.17431E-01	1000260560	9.44805E+00	1000260560	9.44805E+00
6.74667E+00	1000260560	2.80098E+01	1000260560	2.80098E+01
6.57474E+00	1000260560	5.41524E+02	1000260560	5.41524E+02
5.66019E+00	1000260560	5.33049E+01	1000260560	5.33049E+01
7.93797E+00	1000260560	1.87785E+03	1000260560	1.87785E+03
9.35661E+00	1000260560	8.98341E+02	1000260560	8.98341E+02
7.31456E+00	1000260560	2.27774E+03	1000260560	2.27774E+03
1.37233E+00	1000260560	7.02080E+01	1000260560	7.02080E+01
9.36890E+00	1000260560	4.93085E+01	1000260560	4.93085E+01
3.82246E+00	1000260560	2.03233E+01	1000260560	2.03233E+01
1.00072E+00	1000260560	1.16441E+00	1000260560	1.16441E+00
3.62954E+00	1000260560	1.84965E+01	1000260560	1.84965E+01
9.89016E-01	1000260560	1.75017E+04	1000260560	1.75017E+04
3.34396E+00	1000260560	1.93862E+03	1000260560	1.93862E+03
1.24834E+00	1000260560	1.89276E+03	1000260560	1.89276E+03
2.07553E+00	1000260560	6.51417E+03	1000260560	6.51417E+03
5.21087E+00	1000260560	3.26159E+00	1000260560	3.26159E+00
1.17045E+00	1000260560	1.27489E+04	1000260560	1.27489E+04
4.75419E+00	1000260560	1.07071E+04	1000260560	1.07071E+04
7.51944E+00	1000260560	1.04461E+03	1000260560	1.04461E+03
9.35963E+00	1000260560	2.05123E+01	1000260560	2.05123E+01
4.59292E+00	1000260560	1.31197E+00	1000260560	1.31197E+00
4.27671E+00	1000260560	2.71064E+00	1000260560	2.71064E+00
2.58736E+00	1000260560	6.52945E+03	1000260560	6.52945E+03
5.85167E+00	1000260560	4.49487E+03	1000260560	4.49487E+03
1.57701E+00	1000260560	4.02449E+00	1000260560	4.02449E+00
2.17866E+00	1000260560	2.23472E+00	1000260560	2.23472E+00
2.08919E+00	1000260560	3.38211E+03	1000260560	3.38211E+03
3.31984E+00	1000260560	5.92874E+02	1000260560	5.92874E+02
7.13982E+00	1000260560	4.03137E+03	1000260560	4.03137E+03
6.55850E+00	1000260560	2.05963E+01	1000260560	2.05963E+01
3.53634E+00	1000260560	5.18022E+01	1000260560	5.18022E+01
6.91606E+00	1000260560	2.83049E+01	1000260560	2.83049E+01
1.67211E+00	1000260560	2.83370E+01	1000260560	2.83370E+01
8.51065E+00	1000260560	2.40612E+02	1000260560	2.40612E+02
1.87533E+00	1000260560	1.35125E+01	1000260560	1.35125E+01
5.28573E+00	1000260560	4.89489E+00	1000260560	4.89489E+00
2.85278E+00	1000260560	1.89538E+01	1000260560	1.89538E+01
4.85590E+00	1000260560	1.26821E+00	1000260560	1.26821E+00
9.72106E+00	1000260550	2.08495E+03	1000260560	2.12286E+03
3.17774E+00	1000260560	2.92691E+03	1000260560	2.92691E+03
9.72106E+00	1000010010	2.99960E+01	1000260560	2.12286E+03
7.38991E+00	1000260560	1.37822E+00	1000260560	1.37822E+00
2.57707E+00	1000260560	7.43051E+01	1000260560	7.43051E+01
2.53381E+00	1000260560	1.78516E+03	1000260560	1.78516E+03
9.18629E+00	1000260560	9.35098E+01	1000260560	9.35098E+01
9.50198E+00	1000260560	1.76592E+00	1000260560	1.76592E+00
1.77203E+00	1000260560	2.14836E+04	1000260560	2.14836E+04
6.74425E+00	1000260560	3.24364E+01	1000260560	3.24364E+01
8.93378E-01	1000260560	1.26328E+00	1000260560	1.26328E+00
7.09017E-02	1000260560	4.35044E+02	1000260560	4.35044E+02
7.61344E+00	1000260550	4.91567E+03	1000260560	5.00505E+03
6.56438E+00	1000260560	4.92688E+03	1000260560	4.92688E+03
7.61344E+00	1000010010	4.85304E+01	1000260560	5.00505E+03
7.29775E+00	1000260560	9.83025E+03	1000260560	9.83025E+03
1.55150E-01	1000260560	1.05069E+00	1000260560	1.05069E+00
8.25841E+00	1000260560	2.60625E+01	1000260560	2.60625E+01
5.45700E+00	1000260560	4.00166E+03	1000260560	4.00166E+03
3.69765E+00	1000260560	1.92283E+01	1000260560	1.92283E+01
3.22012E+00	1000260560	1.57686E+00	1000260560	1.57686E+00
3.86831E+00	1000260560	1.29914E+00	1000260560	1.29914E+00
1.86074E+00	1000260560	1.40480E+04	1000260560	1.40480E+04
4.89543E+00	1000260560	1.03504E+01	1000260560	1.03504E+01
4.55576E+00	1000260560	2.00861E+04	1000260560	2.00861E+04
7.06746E+00	1000260560	7.29791E+00	1000260560	7.29791E+00
4.77988E+00	1000260560	2.18035E+01	1000260560	2.18035E+01
2.80818E+00	1000260560	1.20091E+02	1000260560	1.20091E+02
1.21310E+00	1000260560	1.55075E+01	1000260560	1.55075E+01
5.67293E+00	1000260560	3.43017E+00	1000260560	3.43017E+00
7.39369E+00	1000260560	4.56883E+03	1000260560	4.56883E+03
4.28367E+00	1000260550	4.27536E+03	1000260560	4.35309E+03
4.28367E+00	1000010010	6.34669E+01	1000260560	4.35309E+03
3.45751E+00	1000250550	1.04298E+04	1000260560	1.06195E+04
3.74280E+00	1000260560	2.76914E+01	1000260560	2.76914E+01
3.45751E+00	1000010010	1.34936E+02	1000260560	1.06195E+04
5.56717E+00	1000260560	1.57810E+02	1000260560	1.57810E+02
1.36596E+00	1000260560	9.00825E+01	1000260560	9.00825E+01
5.74001E+00	1000260560	3.14732E+03	1000260560	3.14732E+03
5.14686E+00	1000260560	5.83889E+01	1000260560	5.83889E+01
1.44269E+00	1000260560	1.45800E+02	1000260560	1.45800E+02
9.68494E+00	1000260560	2.92282E+02	1000260560	2.92282E+02
7.33594E+00	1000260560	1.01871E+03	1000260560	1.01871E+03
7.72866E+00	1000260560	7.02339E+02	1000260560	7.02339E+02
4.25595E+00	1000260560	1.12715E+01	1000260560	1.12715E+01
1.59159E+00	1000260560	6.59775E+00	1000260560	6.59775E+00
6.56382E-01	1000260560	1.93661E+01	1000260560	1.93661E+01
5.08997E+00	1000260560	9.26359E+02	1000260560	9.26359E+02
8.45984E+00	1000260560	1.26566E+00	1000260560	1.26566E+00
2.13052E+00	1000260560	5.37963E+01	1000260560	5.37963E+01
4.30500E+00	1000260560	6.27716E+00	1000260560	6.27716E+00
8.35518E+00	1000250550	2.35678E+04	1000260560	2.39964E+04
8.35518E+00	1000010010	4.11257E+02	1000260560	2.39964E+04
6.82396E+00	1000260560	1.94906E+03	1000260560	1.94906E+03
3.98487E+00	1000260560	9.56929E+01	1000260560	9.56929E+01
7.27905E+00	1000260560	1.06460E+00	1000260560	1.06460E+00
5.70242E-01	1000260560	1.70849E+03	1000260560	1.70849E+03
5.33277E+00	1000260560	1.94974E+02	1000260560	1.94974E+02
7.33511E+00	1000260560	5.39381E+00	1000260560	5.39381E+00
7.03403E+00	1000260560	1.82586E+00	1000260560	1.82586E+00
3.45956E+00	1000260560	2.57118E+00	1000260560	2.57118E+00
2.31074E+00	1000260560	8.51222E+01	1000260560	8.51222E+01
6.46102E+00	1000260560	5.95740E+02	1000260560	5.95740E+02
6.52960E+00	1000260560	2.85471E+00	1000260560	2.85471E+00
1.41828E+00	1000260560	5.45143E+01	1000260560	5.45143E+01
9.52404E+00	1000260560	8.28770E+02	1000260560	8.28770E+02
8.17054E+00	1000260560	3.89967E+03	1000260560	3.89967E+03
4.03108E+00	1000260560	3.77956E+03	1000260560	3.77956E+03
5.10998E+00	1000260560	1.01092E+03	1000260560	1.01092E+03
7.23167E+00	1000260560	1.87451E+00	1000260560	1.87451E+00
7.64112E+00	1000260560	8.21059E+03	1000260560	8.21059E+03
4.38724E+00	1000260560	1.28779E+04	1000260560	1.28779E+04
5.76873E+00	1000260560	4.36989E+01	1000260560	4.36989E+01
2.54355E-01	1000260560	1.11208E+01	1000260560	1.11208E+01
6.17620E+00	1000260560	1.63656E+01	1000260560	1.63656E+01
6.35991E+00	1000260560	9.45304E+02	1000260560	9.45304E+02
1.16099E+00	1000260560	6.03403E+02	1000260560	6.03403E+02
7.40780E+00	1000260560	9.22067E+02	1000260560	9.22067E+02
8.94438E-01	1000260560	5.08854E+03	1000260560	5.08854E+03
2.20191E+00	1000260560	3.36976E+03	1000260560	3.36976E+03
4.92129E+00	1000260560	5.87272E+00	1000260560	5.87272E+00
6.86385E+00	1000260560	2.58158E+02	1000260560	2.58158E+02
2.36001E+00	1000260560	7.44665E+02	1000260560	7.44665E+02
4.84397E+00	1000260560	6.68554E+02	1000260560	6.68554E+02
9.37420E+00	1000260560	9.06220E+03	1000260560	9.06220E+03
8.03646E+00	1000260560	1.03458E+01	1000260560	1.03458E+01
3.03270E+00	1000260560	2.58518E+04	1000260560	2.58518E+04
9.65907E+00	1000260560	3.81092E+00	1000260560	3.81092E+00
7.09449E+00	1000260560	4.16778E+00	1000260560	4.16778E+00
6.85738E+00	1000260560	1.58554E+00	1000260560	1.58554E+00
9.71464E+00	1000260560	3.80419E+02	1000260560	3.80419E+02
2.13944E+00	1000260560	1.24673E+01	1000260560	1.24673E+01
1.78600E+00	1000260560	1.66631E+01	1000260560	1.66631E+01
1.99752E+00	1000260560	8.64508E+02	1000260560	8.64508E+02
3.26808E+00	1000260560	2.06647E+03	1000260560	2.06647E+03
5.76301E+00	1000260560	1.56866E+00	1000260560	1.56866E+00
4.60376E+00	1000260560	8.72227E+02	1000260560	8.72227E+02
2.14852E-01	1000260560	5.59767E+01	1000260560	5.59767E+01
6.92640E+00	1000260560	2.09155E+00	1000260560	2.09155E+00
5.49744E+00	1000260560	1.78953E+00	1000260560	1.78953E+00
9.57216E+00	1000260560	5.93768E+00	1000260560	5.93768E+00
4.89083E+00	1000260560	1.31839E+03	1000260560	1.31839E+03
1.14683E-01	1000260560	7.54253E+02	1000260560	7.54253E+02
9.14409E+00	1000260560	3.11742E+00	1000260560	3.11742E+00
7.59286E+00	1000260560	1.07483E+00	1000260560	1.07483E+00
5.10389E+00	1000260560	1.00542E+00	1000260560	1.00542E+00
3.96328E+00	1000260560	2.79086E+02	1000260560	2.79086E+02
9.49975E+00	1000260560	6.21400E+03	1000260560	6.21400E+03
8.39279E+00	1000260560	4.17589E+03	1000260560	4.17589E+03
8.96286E+00	1000260560	1.42889E+03	1000260560	1.42889E+03
5.49464E+00	1000260560	1.12559E+00	1000260560	1.12559E+00
1.45008E+00	1000260560	5.58101E+02	1000260560	5.58101E+02
2.72820E+00	1000260560	2.21905E+03	1000260560	2.21905E+03
3.01545E+00	1000260560	1.71656E+04	1000260560	1.71656E+04
5.66781E+00	1000260560	9.03102E+00	1000260560	9.03102E+00
1.74703E+00	1000260560	2.38684E+01	1000260560	2.38684E+01
6.55837E+00	1000260560	1.08940E+01	1000260560	1.08940E+01
9.20113E-01	1000260560	9.38772E+03	1000260560	9.38772E+03
1.31177E+00	1000260560	2.46733E+03	1000260560	2.46733E+03
3.35208E+00	1000260560	7.14715E+01	1000260560	7.14715E+01
8.07454E+00	1000260560	1.65862E+01	1000260560	1.65862E+01
3.75649E+00	1000260560	1.25717E+02	1000260560	1.25717E+02
1.00548E+00	1000260560	7.50588E+02	1000260560	7.50588E+02
4.11555E+00	1000260560	2.41581E+03	1000260560	2.41581E+03
2.35256E+00	1000260560	3.11282E+01	1000260560	3.11282E+01
2.45792E+00	1000260560	5.30708E+03	1000260560	5.30708E+03
9.56315E+00	1000260560	4.09722E+02	1000260560	4.09722E+02
6.55318E+00	1000260560	6.07366E+01	1000260560	6.07366E+01
5.91307E+00	1000260560	2.27230E+01	1000260560	2.27230E+01
5.75727E+00	1000250550	2.27871E+03	1000260560	2.32014E+03
9.52989E+00	1000260560	6.50671E+00	1000260560	6.50671E+00
9.46185E-01	1000260560	1.77539E+04	1000260560	1.77539E+04
5.80306E-01	1000260560	8.40164E+01	1000260560	8.40164E+01
5.75727E+00	1000010010	3.22093E+01	1000260560	2.32014E+03
7.06143E+00	1000260560	1.19776E+00	1000260560	1.19776E+00
7.01075E+00	1000260560	1.58574E+00	1000260560	1.58574E+00
7.43636E+00	1000260560	3.49057E+00	1000260560	3.49057E+00
8.06572E+00	1000260560	1.07013E+03	1000260560	1.07013E+03
3.12319E+00	1000260560	2.15216E+01	1000260560	2.15216E+01
1.83134E+00	1000260560	6.48490E+00	1000260560	6.48490E+00
2.58210E+00	1000260560	2.33717E+02	1000260560	2.33717E+02
3.23202E-01	1000260560	8.88746E+01	1000260560	8.88746E+01
5.58650E+00	1000260560	4.35470E+02	1000260560	4.35470E+02
6.58289E+00	1000250550	1.41891E+04	1000260560	1.44471E+04
6.58289E+00	1000010010	1.48060E+02	1000260560	1.44471E+04
4.26618E+00	1000260560	2.39729E+01	1000260560	2.39729E+01
1.38420E+00	1000260560	1.37096E+02	1000260560	1.37096E+02
4.05711E+00	1000250550	6.14434E+03	1000260560	6.25605E+03
8.78400E+00	1000260560	2.68596E+00	1000260560	2.68596E+00
8.44425E+00	1000260560	3.43491E+00	1000260560	3.43491E+00
1.80380E+00	1000260560	1.06270E+04	1000260560	1.06270E+04
4.05711E+00	1000010010	1.01898E+02	1000260560	6.25605E+03
9.13408E+00	1000260560	1.09568E+00	1000260560	1.09568E+00
3.24750E+00	1000260560	4.23757E+01	1000260560	4.23757E+01
7.84104E+00	1000260560	4.78379E+00	1000260560	4.78379E+00
3.37848E+00	1000260560	3.52784E+01	1000260560	3.52784E+01
1.29849E+00	1000260560	2.77894E+03	1000260560	2.77894E+03
3.33909E+00	1000260560	3.24243E+02	1000260560	3.24243E+02
7.06937E-01	1000260560	1.79385E+00	1000260560	1.79385E+00
5.32394E+00	1000250550	4.09284E+03	1000260560	4.16726E+03
1.48272E+00	1000260560	3.39665E+03	1000260560	3.39665E+03
5.32394E+00	1000000010	5.30017E+01	1000260560	4.16726E+03
3.86049E+00	1000260560	3.82379E+01	1000260560	3.82379E+01
7.94517E+00	1000260560	1.38740E+03	1000260560	1.38740E+03
3.55071E+00	1000260560	4.37712E+03	1000260560	4.37712E+03
7.77616E+00	1000260560	1.28530E+02	1000260560	1.28530E+02
4.39927E+00	1000260560	4.05177E+00	1000260560	4.05177E+00
7.19328E+00	1000260560	7.50295E+02	1000260560	7.50295E+02
5.11496E+00	1000260560	1.27579E+01	1000260560	1.27579E+01
3.13519E-01	1000260560	2.64691E+00	1000260560	2.64691E+00
3.79048E+00	1000260560	1.39511E+03	1000260560	1.39511E+03
9.52528E+00	1000260560	1.25090E+03	1000260560	1.25090E+03
4.82555E+00	1000260560	5.39403E+00	1000260560	5.39403E+00
3.58485E+00	1000260560	1.99519E+00	1000260560	1.99519E+00
9.92485E+00	1000260560	1.66960E+02	1000260560	1.66960E+02
1.11653E+00	1000260560	5.37165E+01	1000260560	5.37165E+01
5.03124E+00	1000260560	3.42384E+02	1000260560	3.42384E+02
3.90992E+00	1000260560	1.32391E+03	1000260560	1.32391E+03
6.13254E+00	1000260560	4.23943E+00	1000260560	4.23943E+00
8.56485E+00	1000260560	3.25985E+00	1000260560	3.25985E+00
5.83322E+00	1000260560	9.47561E+01	1000260560	9.47561E+01
5.69059E+00	1000260560	7.28654E+00	1000260560	7.28654E+00
4.75865E+00	1000260560	7.11892E+01	1000260560	7.11892E+01
9.43793E+00	1000260560	1.58364E+00	1000260560	1.58364E+00
3.32091E+00	1000260560	5.62340E+02	1000260560	5.62340E+02
4.82899E+00	1000260560	2.72455E+00	1000260560	2.72455E+00
7.12071E+00	1000260560	5.97808E+00	1000260560	5.97808E+00
5.76209E+00	1000260560	3.19885E+00	1000260560	3.19885E+00
6.01689E+00	1000260560	3.11115E+01	1000260560	3.11115E+01
3.60621E+00	1000260560	2.63099E+03	1000260560	2.63099E+03
5.01164E-02	1000260560	5.75526E+03	1000260560	5.75526E+03
8.61624E+00	1000260560	1.86184E+02	1000260560	1.86184E+02
8.81824E+00	1000260560	1.26013E+04	1000260560	1.26013E+04
5.13868E+00	1000260560	3.73470E+03	1000260560	3.73470E+03
8.53356E+00	1000260560	2.32350E+00	1000260560	2.32350E+00
1.14443E+00	1000260560	3.25634E+03	1000260560	3.25634E+03
9.26835E+00	1000260560	1.02790E+03	1000260560	1.02790E+03
1.58078E-01	1000260560	4.83175E+00	1000260560	4.83175E+00
1.14142E+00	1000260560	1.98105E+00	1000260560	1.98105E+00
9.16393E+00	1000260560	4.77992E+02	1000260560	4.77992E+02
9.21602E+00	1000260560	3.46019E+03	1000260560	3.46019E+03
5.70074E-01	1000260560	9.84267E+01	1000260560	9.84267E+01
6.93674E+00	1000260560	2.59465E+03	1000260560	2.59465E+03
4.07675E+00	1000260560	1.00399E+00	1000260560	1.00399E+00
5.37574E+00	1000260560	3.89765E+03	1000260560	3.89765E+03
9.48681E+00	1000260560	1.53518E+02	1000260560	1.53518E+02
1.57731E+00	1000260560	1.51794E+02	1000260560	1.51794E+02
4.17663E+00	1000260560	4.03122E+03	1000260560	4.03122E+03
9.95204E+00	1000260550	4.65103E+03	1000260560	4.73560E+03
3.71984E+00	1000260560	1.68655E+00	1000260560	1.68655E+00
9.48013E+00	1000260560	2.26115E+00	1000260560	2.26115E+00
9.95204E+00	1000010010	7.87723E+01	1000260560	4.73560E+03
6.50145E+00	1000260560	5.22913E+02	1000260560	5.22913E+02
6.43922E+00	1000260560	3.82089E+02	1000260560	3.82089E+02
4.33350E-02	1000260560	1.38829E+00	1000260560	1.38829E+00
2.58146E+00	1000260560	6.54927E+01	1000260560	6.54927E+01
2.26222E+00	1000260560	1.53525E+03	1000260560	1.53525E+03
4.99541E+00	1000260560	6.98896E+00	1000260560	6.98896E+00
8.06757E+00	1000260560	6.71403E+00	1000260560	6.71403E+00
7.09475E+00	1000260560	4.01115E+02	1000260560	4.01115E+02
7.78740E+00	1000260560	6.77376E+01	1000260560	6.77376E+01
7.01435E-01	1000260560	2.72116E+03	1000260560	2.72116E+03
9.04102E-01	1000260560	3.84959E+02	1000260560	3.84959E+02
9.99274E+00	1000260560	3.31143E+03	1000260560	3.31143E+03
7.06180E+00	1000260560	5.68170E+01	1000260560	5.68170E+01
6.61195E+00	1000260560	3.01571E+02	1000260560	3.01571E+02
3.74460E-01	1000260560	3.75229E+00	1000260560	3.75229E+00
2.12680E+00	1000260560	1.83091E+00	1000260560	1.83091E+00
2.66129E+00	1000260560	4.34080E+00	1000260560	4.34080E+00
8.64367E+00	1000260560	1.26656E+01	1000260560	1.26656E+01
4.71378E+00	1000260560	3.15074E+01	1000260560	3.15074E+01
5.59804E+00	1000260560	1.10718E+02	1000260560	1.10718E+02
4.22516E+00	1000260560	4.94380E+00	1000260560	4.94380E+00
6.99449E+00	1000260560	8.78320E+02	1000260560	8.78320E+02
9.59946E+00	1000260560	8.31196E+01	1000260560	8.31196E+01
2.40981E+00	1000260560	1.77353E+02	1000260560	1.77353E+02
1.10757E+00	1000260560	1.54774E+02	1000260560	1.54774E+02
2.67661E+00	1000260560	5.04909E+00	1000260560	5.04909E+00
7.14039E+00	1000260560	1.90776E+03	1000260560	1.90776E+03
6.76265E+00	1000260560	1.01015E+01	1000260560	1.01015E+01
4.23751E+00	1000260560	1.06586E+00	1000260560	1.06586E+00
2.84345E+00	1000260560	1.83880E+02	1000260560	1.83880E+02
9.67172E+00	1000260560	5.91554E+00	1000260560	5.91554E+00
8.56566E-01	1000260560	2.72690E+01	1000260560	2.72690E+01
7.41979E+00	1000260560	4.23016E+00	1000260560	4.23016E+00
1.11884E+00	1000260560	3.37099E+01	1000260560	3.37099E+01
7.84559E+00	1000260560	3.51379E+02	1000260560	3.51379E+02
6.91042E+00	1000260560	1.65704E+00	1000260560	1.65704E+00
5.37918E+00	1000260560	1.31755E+01	1000260560	1.31755E+01
5.72785E+00	1000250550	7.35774E+03	1000260560	7.49151E+03
5.72785E+00	1000010010	6.31145E+01	1000260560	7.49151E+03
8.29546E+00	1000260560	1.26424E+00	1000260560	1.26424E+00
1.07422E+00	1000260560	1.26834E+00	1000260560	1.26834E+00
1.79088E+00	1000260560	1.18496E+03	1000260560	1.18496E+03
9.12590E+00	1000260560	2.55266E+00	1000260560	2.55266E+00
4.56249E+00	1000260560	1.90277E+02	1000260560	1.90277E+02
2.91524E+00	1000260560	5.54541E+00	1000260560	5.54541E+00
8.24302E+00	1000260560	4.04776E+03	1000260560	4.04776E+03
5.59579E+00	1000260560	1.11791E+00	1000260560	1.11791E+00
3.28948E+00	1000260560	8.51890E+03	1000260560	8.51890E+03
6.29654E-01	1000260560	1.19927E+03	1000260560	1.19927E+03
3.52244E+00	1000260560	8.10360E+01	1000260560	8.10360E+01
4.83451E+00	1000260560	5.63905E+03	1000260560	5.63905E+03
5.55800E+00	1000260560	1.28757E+01	1000260560	1.28757E+01
7.56463E+00	1000260560	1.49002E+02	1000260560	1.49002E+02
7.17311E+00	1000260560	1.36131E+02	1000260560	1.36131E+02
3.63672E+00	1000260560	1.12277E+03	1000260560	1.12277E+03
8.72188E-01	1000260560	4.25058E+02	1000260560	4.25058E+02
6.04912E+00	1000260560	4.34494E+02	1000260560	4.34494E+02
9.50044E-01	1000260560	1.98627E+04	1000260560	1.98627E+04
4.11513E+00	1000260560	2.75550E+00	1000260560	2.75550E+00
4.53012E+00	1000260560	5.72307E+02	1000260560	5.72307E+02
3.60280E+00	1000260560	2.70629E+01	1000260560	2.70629E+01
7.29628E+00	1000260560	2.86318E+00	1000260560	2.86318E+00
1.95833E-01	1000260560	4.81221E+02	1000260560	4.81221E+02
8.72914E+00	1000260560	1.27097E+02	1000260560	1.27097E+02
2.59268E+00	1000260560	1.85784E+03	1000260560	1.85784E+03
2.33576E+00	1000260560	1.90268E+03	1000260560	1.90268E+03
3.73154E+00	1000260560	9.98810E+01	1000260560	9.98810E+01
5.69280E+00	1000260560	4.23639E+00	1000260560	4.23639E+00
5.95555E-01	1000260560	2.32068E+04	1000260560	2.32068E+04
5.84476E+00	1000260550	1.63067E+04	1000260560	1.66032E+04
4.72278E+00	1000260560	5.04930E+03	1000260560	5.04930E+03
5.84476E+00	1000000010	1.73171E+02	1000260560	1.66032E+04
3.26793E+00	1000260560	2.16316E+02	1000260560	2.16316E+02
5.61428E+00	1000250550	3.44595E+03	1000260560	3.50860E+03
8.87830E+00	1000260560	1.82058E+04	1000260560	1.82058E+04
5.61428E+00	1000010010	5.09019E+01	1000260560	3.50860E+03
8.63490E-01	1000260560	2.35042E+02	1000260560	2.35042E+02
1.17719E+00	1000260560	4.03071E+03	1000260560	4.03071E+03
2.82200E+00	1000260560	2.67945E+00	1000260560	2.67945E+00
6.45050E+00	1000260560	1.15364E+01	1000260560	1.15364E+01
2.13495E-02	1000260560	4.89662E+03	1000260560	4.89662E+03
4.73618E+00	1000260560	2.45306E+01	1000260560	2.45306E+01
8.27279E+00	1000250550	5.10921E+03	1000260560	5.20211E+03
2.27058E-01	1000260560	3.41885E+01	1000260560	3.41885E+01
8.27279E+00	1000010010	5.74339E+01	1000260560	5.20211E+03
1.45823E+00	1000260560	1.73188E+01	1000260560	1.73188E+01
3.12289E+00	1000260560	9.95378E+03	1000260560	9.95378E+03
8.31449E+00	1000260560	5.27329E+02	1000260560	5.27329E+02
9.19283E+00	1000260560	2.74668E+01	1000260560	2.74668E+01
5.69741E+00	1000260560	1.93416E+03	1000260560	1.93416E+03
7.04314E+00	1000260560	8.82406E+01	1000260560	8.82406E+01
9.78379E+00	1000260560	7.18661E+03	1000260560	7.18661E+03
6.74696E-01	1000260560	7.33780E+00	1000260560	7.33780E+00
5.39636E+00	1000260560	1.54994E+00	1000260560	1.54994E+00
6.37581E+00	1000250550	8.74260E+03	1000260560	8.90155E+03
5.50793E+00	1000260560	5.67332E+03	1000260560	5.67332E+03
6.37581E+00	1000010010	9.14110E+01	1000260560	8.90155E+03
5.24325E+00	1000260560	1.95835E+03	1000260560	1.95835E+03
2.13660E-01	1000260560	1.07660E+03	1000260560	1.07660E+03
6.36277E+00	1000260560	1.09742E+00	1000260560	1.09742E+00
1.06208E+00	1000260560	6.79238E+03	1000260560	6.79238E+03
3.03534E+00	1000260560	1.82387E+02	1000260560	1.82387E+02
1.31570E+00	1000260560	1.47663E+02	1000260560	1.47663E+02
7.91973E+00	1000260560	2.39795E+03	1000260560	2.39795E+03
1.16455E+00	1000260560	3.23298E+00	1000260560	3.23298E+00
2.03218E+00	1000260560	7.14928E+03	1000260560	7.14928E+03
4.77783E+00	1000260560	2.49142E+04	1000260560	2.49142E+04
3.02381E+00	1000260560	9.80913E+00	1000260560	9.80913E+00
3.07866E+00	1000260560	5.39626E+02	1000260560	5.39626E+02
9.38131E+00	1000260560	1.17206E+02	1000260560	1.17206E+02
4.92510E+00	1000250550	1.04605E+04	1000260560	1.06507E+04
4.92510E+00	1000010010	1.49922E+02	1000260560	1.06507E+04
3.81223E+00	1000260560	1.17342E+03	1000260560	1.17342E+03
5.03401E+00	1000260560	5.46091E+03	1000260560	5.46091E+03
2.02568E+00	1000260560	5.28057E+01	1000260560	5.28057E+01
3.45123E+00	1000260560	4.00799E+02	1000260560	4.00799E+02
4.11929E+00	1000260560	4.58466E+03	1000260560	4.58466E+03
9.49676E+00	1000260560	3.31665E+03	1000260560	3.31665E+03
8.06378E+00	1000260560	2.14683E+00	1000260560	2.14683E+00
5.08074E+00	1000260560	1.99566E+01	1000260560	1.99566E+01
1.62119E-01	1000260560	3.18819E+03	1000260560	3.18819E+03
2.24628E+00	1000260560	8.16255E+02	1000260560	8.16255E+02
4.92905E+00	1000260560	2.51749E+03	1000260560	2.51749E+03
7.99997E+00	1000260560	8.97012E+03	1000260560	8.97012E+03
7.63033E+00	1000260560	2.43882E+01	1000260560	2.43882E+01
3.75951E+00	1000260560	2.08859E+00	1000260560	2.08859E+00
3.09629E+00	1000260560	1.03379E+03	1000260560	1.03379E+03
3.14918E+00	1000260560	6.67089E+02	1000260560	6.67089E+02
4.02851E+00	1000260560	4.35399E+01	1000260560	4.35399E+01
4.35113E+00	1000260560	1.20590E+00	1000260560	1.20590E+00
9.48678E+00	1000260560	4.76450E+02	1000260560	4.76450E+02
8.20818E-01	1000250550	1.94927E+03	1000260560	1.98471E+03
7.95466E+00	1000260560	3.54460E+00	1000260560	3.54460E+00
8.20818E-01	1000010010	3.00761E+01	1000260560	1.98471E+03
6.29761E+00	1000260560	9.76146E+01	1000260560	9.76146E+01
7.63927E+00	1000260560	1.67893E+01	1000260560	1.67893E+01
6.54016E+00	1000260560	2.06668E+01	1000260560	2.06668E+01
2.83866E+00	1000260560	2.52048E+01	1000260560	2.52048E+01
2.29544E+00	1000260560	1.34969E+04	1000260560	1.34969E+04
3.06317E+00	1000260560	1.15696E+00	1000260560	1.15696E+00
4.90962E+00	1000260560	1.54140E+03	1000260560	1.54140E+03
4.60030E+00	1000260560	7.45270E+02	1000260560	7.45270E+02
7.97100E+00	1000260560	3.80368E+01	1000260560	3.80368E+01
4.18565E+00	1000260560	9.27250E+03	1000260560	9.27250E+03
1.51203E+00	1000260560	9.41820E+00	1000260560	9.41820E+00
4.24717E-03	1000260560	9.08493E+00	1000260560	9.08493E+00
2.55596E+00	1000260560	4.62103E+00	1000260560	4.62103E+00
1.63493E+00	1000260560	9.28179E+00	1000260560	9.28179E+00
7.51564E+00	1000260560	9.35729E+00	1000260560	9.35729E+00
8.41562E+00	1000260560	9.83494E+02	1000260560	9.83494E+02
7.96835E+00	1000260560	2.17055E+03	1000260560	2.17055E+03
9.88630E+00	1000260560	3.05866E+03	1000260560	3.05866E+03
8.72993E+00	1000260560	1.21839E+00	1000260560	1.21839E+00
7.42424E+00	1000260560	1.23060E+00	1000260560	1.23060E+00
2.01930E+00	1000260560	1.07463E+02	1000260560	1.07463E+02
7.55080E+00	1000260560	4.74589E+01	1000260560	4.74589E+01
5.45957E+00	1000260560	1.98018E+03	1000260560	1.98018E+03
4.24352E+00	1000260560	1.26941E+02	1000260560	1.26941E+02
2.06582E+00	1000260560	6.60328E+03	1000260560	6.60328E+03
6.89301E-01	1000260560	2.32880E+01	1000260560	2.32880E+01
7.87595E-01	1000260560	2.35949E+02	1000260560	2.35949E+02
1.43402E+00	1000260560	1.57700E+01	1000260560	1.57700E+01
4.68310E+00	1000260560	5.93369E+02	1000260560	5.93369E+02
3.14643E+00	1000260560	6.64757E+01	1000260560	6.64757E+01
3.94777E+00	1000260560	5.77752E+01	1000260560	5.77752E+01
5.74420E+00	1000260560	3.42809E+01	1000260560	3.42809E+01
1.66822E+00	1000260560	7.77159E+01	1000260560	7.77159E+01
5.76332E+00	1000260560	2.90428E+00	1000260560	2.90428E+00
1.52387E+00	1000260560	7.50614E+00	1000260560	7.50614E+00
3.06830E+00	1000260560	2.53847E+04	1000260560	2.53847E+04
9.25848E-01	1000260560	1.23572E+04	1000260560	1.23572E+04
7.68523E-01	1000260560	1.45105E+02	1000260560	1.45105E+02
9.79886E+00	1000260560	1.94910E+01	1000260560	1.94910E+01
2.43833E+00	1000260560	1.98577E+04	1000260560	1.98577E+04
3.71507E+00	1000260560	1.04726E+03	1000260560	1.04726E+03
4.64801E+00	1000260560	2.39073E+04	1000260560	2.39073E+04
1.34643E+00	1000260560	1.97115E+00	1000260560	1.97115E+00
5.48969E+00	1000260560	3.09778E+02	1000260560	3.09778E+02
6.86168E+00	1000260560	2.01842E+01	1000260560	2.01842E+01
8.06600E-01	1000260560	1.70676E+04	1000260560	1.70676E+04
4.88365E+00	1000260560	5.18105E+01	1000260560	5.18105E+01
2.77884E+00	1000260560	1.02832E+02	1000260560	1.02832E+02
5.09048E+00	1000260560	9.99706E+02	1000260560	9.99706E+02
3.02033E+00	1000260560	2.16560E+03	1000260560	2.16560E+03
9.61902E+00	1000260560	2.81607E+01	1000260560	2.81607E+01
1.16000E-02	1000260560	1.76397E+04	1000260560	1.76397E+04
8.89474E+00	1000260550	3.48072E+03	1000260560	3.54401E+03
4.60480E+00	1000260560	2.24135E+01	1000260560	2.24135E+01
8.89474E+00	1000010010	2.09673E+01	1000260560	3.54401E+03
5.52806E+00	1000260560	1.68412E+02	1000260560	1.68412E+02
6.69675E+00	1000260560	1.11857E+00	1000260560	1.11857E+00
4.99753E-01	1000260560	6.46124E+00	1000260560	6.46124E+00
9.31119E+00	1000260560	2.35691E+03	1000260560	2.35691E+03
9.35937E+00	1000260560	5.49015E+00	1000260560	5.49015E+00
1.15565E+00	1000260560	2.84953E+00	1000260560	2.84953E+00
7.93930E+00	1000260560	1.73970E+01	1000260560	1.73970E+01
1.76143E+00	1000260560	1.58142E+04	1000260560	1.58142E+04
5.12653E+00	1000260560	1.67425E+03	1000260560	1.67425E+03
1.29123E+00	1000260560	1.61116E+00	1000260560	1.61116E+00
1.49849E+00	1000260560	1.09314E+00	1000260560	1.09314E+00
6.00712E+00	1000260560	9.81484E+02	1000260560	9.81484E+02
6.35385E+00	1000260560	2.43586E+04	1000260560	2.43586E+04
4.34711E+00	1000260560	6.51174E+03	1000260560	6.51174E+03
3.79251E+00	1000260560	1.53557E+02	1000260560	1.53557E+02
3.61073E+00	1000260560	1.19010E+03	1000260560	1.19010E+03
2.03233E+00	1000260560	4.86775E+02	1000260560	4.86775E+02
5.24800E+00	1000250550	1.25701E+03	1000260560	1.27986E+03
8.02710E+00	1000260560	3.97758E+01	1000260560	3.97758E+01
5.24800E+00	1000010010	1.98948E+01	1000260560	1.27986E+03
9.30150E+00	1000260560	7.74847E+00	1000260560	7.74847E+00
8.14906E+00	1000260560	1.13728E+01	1000260560	1.13728E+01
2.48602E+00	1000260560	1.18907E+03	1000260560	1.18907E+03
4.28944E+00	1000260560	7.00085E+01	1000260560	7.00085E+01
4.11540E+00	1000260560	1.02027E+04	1000260560	1.02027E+04
2.55887E+00	1000260560	7.60333E+02	1000260560	7.60333E+02
7.35227E+00	1000260560	1.33025E+00	1000260560	1.33025E+00
9.73909E+00	1000260560	3.58145E+01	1000260560	3.58145E+01
8.73501E-01	1000260560	1.32302E+03	1000260560	1.32302E+03
3.68694E+00	1000260560	4.28025E+00	1000260560	4.28025E+00
3.01315E+00	1000260560	6.22350E+03	1000260560	6.22350E+03
3.65317E-01	1000260560	2.32611E+04	1000260560	2.32611E+04
5.75087E+00	1000260560	1.99814E+02	1000260560	1.99814E+02
8.70251E+00	1000260560	5.73460E+02	1000260560	5.73460E+02
5.60610E+00	1000260560	1.22759E+00	1000260560	1.22759E+00
3.62762E+00	1000260560	4.75994E+02	1000260560	4.75994E+02
6.08723E+00	1000260560	2.52555E+01	1000260560	2.52555E+01
4.03687E+00	1000260560	2.14335E+04	1000260560	2.14335E+04
5.94813E+00	1000260560	2.88385E+02	1000260560	2.88385E+02
3.98243E+00	1000260560	9.72707E+01	1000260560	9.72707E+01
8.80674E-01	1000260560	1.43118E+03	1000260560	1.43118E+03
8.98698E+00	1000260560	1.10205E+00	1000260560	1.10205E+00
5.88969E+00	1000260560	2.16848E+04	1000260560	2.16848E+04
5.32744E+00	1000260560	1.95892E+03	1000260560	1.95892E+03
5.89201E-03	1000260560	1.95458E+01	1000260560	1.95458E+01
4.43522E+00	1000260560	3.38475E+00	1000260560	3.38475E+00
9.52299E-01	1000260560	3.17345E+03	1000260560	3.17345E+03
3.51847E-01	1000260560	1.23066E+00	1000260560	1.23066E+00
9.36033E+00	1000260560	1.93317E+00	1000260560	1.93317E+00
3.54848E+00	1000260560	3.57992E+00	1000260560	3.57992E+00
6.53254E+00	1000260560	3.53390E+03	1000260560	3.53390E+03
7.70489E+00	1000260560	1.34925E+00	1000260560	1.34925E+00
8.42796E+00	1000260560	3.04274E+02	1000260560	3.04274E+02
5.09420E+00	1000260560	2.10432E+01	1000260560	2.10432E+01
6.58937E+00	1000260560	2.80190E+02	1000260560	2.80190E+02
5.77331E+00	1000260560	2.99173E+01	1000260560	2.99173E+01
7.07356E+00	1000260560	2.04626E+00	1000260560	2.04626E+00
8.45991E-01	1000260560	1.70232E+04	1000260560	1.70232E+04
8.45947E+00	1000260560	5.03508E+00	1000260560	5.03508E+00
9.29339E+00	1000260560	1.48866E+02	1000260560	1.48866E+02
3.52569E+00	1000260560	5.53625E+02	1000260560	5.53625E+02
7.01361E+00	1000260560	9.83312E+00	1000260560	9.83312E+00
1.42499E+00	1000260560	5.17635E+02	1000260560	5.17635E+02
4.82368E+00	1000260560	7.17549E+03	1000260560	7.17549E+03
8.43034E+00	1000260560	1.26446E+01	1000260560	1.26446E+01
5.99256E+00	1000260560	6.10272E+02	1000260560	6.10272E+02
5.24211E+00	1000260560	8.73928E+03	1000260560	8.73928E+03
7.12068E+00	1000260560	3.69996E+03	1000260560	3.69996E+03
6.70379E+00	1000250550	1.22277E+04	1000260560	1.24500E+04
3.51259E+00	1000260560	1.91697E+03	1000260560	1.91697E+03
8.76858E+00	1000260560	5.62096E+01	1000260560	5.62096E+01
5.97924E+00	1000260560	7.62218E+00	1000260560	7.62218E+00
9.67576E+00	1000260560	1.46007E+03	1000260560	1.46007E+03
8.22585E+00	1000260560	2.73603E+01	1000260560	2.73603E+01
9.90989E+00	1000260560	1.13596E+01	1000260560	1.13596E+01
6.70379E+00	1000010010	1.00923E+02	1000260560	1.24500E+04
4.68516E-01	1000260560	1.67865E+03	1000260560	1.67865E+03
5.12505E+00	1000260550	2.90727E+03	1000260560	2.96013E+03
5.13429E+00	1000260560	1.07616E+03	1000260560	1.07616E+03
5.12505E+00	1000010010	4.18378E+01	1000260560	2.96013E+03
6.78690E+00	1000250540	2.08824E+03	1000260560	2.16558E+03
8.21973E+00	1000260550	1.18161E+03	1000260560	1.20309E+03
8.21973E+00	1000010010	1.86248E+01	1000260560	1.20309E+03
5.13483E+00	1000260560	4.70685E+03	1000260560	4.70685E+03
5.91599E+00	1000260560	1.38182E+04	1000260560	1.38182E+04
1.77579E-01	1000260560	1.44866E+02	1000260560	1.44866E+02
6.78690E+00	1000010010	3.56882E+01	1000260560	2.16558E+03
4.77382E+00	1000260560	5.25892E+01	1000260560	5.25892E+01
4.36544E+00	1000260560	1.84972E+00	1000260560	1.84972E+00
6.78690E+00	1000010010	2.92405E+01	1000260560	2.16558E+03
7.43848E+00	1000260560	1.24669E+01	1000260560	1.24669E+01
3.42526E+00	1000260560	1.64392E+04	1000260560	1.64392E+04
1.48392E+00	1000260560	1.36975E+03	1000260560	1.36975E+03
3.80102E+00	1000260560	5.67167E+00	1000260560	5.67167E+00
1.79657E+00	1000260560	2.19120E+01	1000260560	2.19120E+01
9.87644E+00	1000260560	8.86851E+00	1000260560	8.86851E+00
8.29768E+00	1000260560	1.03939E+01	1000260560	1.03939E+01
8.58652E+00	1000260560	2.45136E+02	1000260560	2.45136E+02
6.39608E+00	1000260560	6.75402E+01	1000260560	6.75402E+01
3.12352E+00	1000260560	1.38656E+04	1000260560	1.38656E+04
7.88132E+00	1000260560	6.73902E+01	1000260560	6.73902E+01
1.75536E+00	1000260560	9.63287E+03	1000260560	9.63287E+03
9.42749E+00	1000260560	2.36986E+02	1000260560	2.36986E+02
6.90573E+00	1000260560	1.54362E+03	1000260560	1.54362E+03
6.80564E+00	1000260560	4.26904E+02	1000260560	4.26904E+02
9.91855E+00	1000260560	1.14535E+01	1000260560	1.14535E+01
7.57898E+00	1000260560	1.12583E+03	1000260560	1.12583E+03
1.39220E+00	1000260560	1.24834E+03	1000260560	1.24834E+03
6.44531E+00	1000260560	3.35096E+03	1000260560	3.35096E+03
1.21713E+00	1000260560	1.01567E+00	1000260560	1.01567E+00
2.88491E+00	1000260560	1.20360E+04	1000260560	1.20360E+04
2.32635E+00	1000260560	4.29537E+01	1000260560	4.29537E+01
4.96312E-01	1000260560	5.40188E+01	1000260560	5.40188E+01
2.15915E+00	1000260560	5.84673E+03	1000260560	5.84673E+03
9.77455E+00	1000260560	1.76211E+04	1000260560	1.76211E+04
9.38731E+00	1000260560	4.15226E+02	1000260560	4.15226E+02
4.06906E+00	1000260560	4.05041E+01	1000260560	4.05041E+01
4.73990E+00	1000260560	1.70081E+03	1000260560	1.70081E+03
5.08416E+00	1000260560	2.25875E+01	1000260560	2.25875E+01
2.26758E+00	1000260560	5.12200E+02	1000260560	5.12200E+02
2.00329E+00	1000260560	4.49584E+02	1000260560	4.49584E+02
7.63407E-01	1000260560	4.29280E+00	1000260560	4.29280E+00
1.48622E+00	1000260560	1.16644E+01	1000260560	1.16644E+01
1.02980E+00	1000260560	5.21667E+03	1000260560	5.21667E+03
5.73285E+00	1000260560	3.75410E+02	1000260560	3.75410E+02
2.11966E+00	1000260560	9.64051E+01	1000260560	9.64051E+01
3.03270E+00	1000260560	4.32340E+02	1000260560	4.32340E+02
1.36802E+00	1000260560	1.66519E+04	1000260560	1.66519E+04
8.28211E+00	1000260560	4.79857E+02	1000260560	4.79857E+02
2.08493E+00	1000260560	1.91445E+04	1000260560	1.91445E+04
6.67693E+00	1000260560	2.48437E+04	1000260560	2.48437E+04
1.36115E+00	1000260560	1.01209E+01	1000260560	1.01209E+01
9.09497E+00	1000260560	1.57246E+03	1000260560	1.57246E+03
5.79947E-01	1000260560	4.09913E+01	1000260560	4.09913E+01
8.09434E+00	1000260560	2.98509E+03	1000260560	2.98509E+03
1.10146E+00	1000260560	2.14857E+00	1000260560	2.14857E+00
3.20711E+00	1000260560	1.46525E+03	1000260560	1.46525E+03
1.38925E+00	1000260560	1.22271E+01	1000260560	1.22271E+01
1.59377E+00	1000260560	9.43109E+00	1000260560	9.43109E+00
3.02633E+00	1000260560	8.65024E+02	1000260560	8.65024E+02
5.95259E+00	1000260560	2.44586E+01	1000260560	2.44586E+01
6.87442E+00	1000260560	1.31348E+00	1000260560	1.31348E+00
6.27385E-01	1000260560	9.52336E+03	1000260560	9.52336E+03
6.45113E+00	1000260550	5.52123E+03	1000260560	5.62161E+03
8.02521E+00	1000260560	3.47639E+00	1000260560	3.47639E+00
6.45113E+00	1000010010	6.75960E+01	1000260560	5.62161E+03
7.55653E+00	1000260560	2.43816E+01	1000260560	2.43816E+01
2.75663E+00	1000260560	6.91141E+02	1000260560	6.91141E+02
7.61165E+00	1000260560	2.32002E+01	1000260560	2.32002E+01
4.72735E+00	1000260560	1.55839E+00	1000260560	1.55839E+00
5.83332E+00	1000260560	8.77909E+03	1000260560	8.77909E+03
8.62263E+00	1000260560	4.02897E+03	1000260560	4.02897E+03
5.80917E+00	1000260560	8.22493E+03	1000260560	8.22493E+03
6.84825E+00	1000250550	1.54550E+04	1000260560	1.57360E+04
2.98436E+00	1000260560	1.55449E+00	1000260560	1.55449E+00
5.83325E+00	1000260560	1.40163E+02	1000260560	1.40163E+02
6.94177E-01	1000260560	3.73327E+03	1000260560	3.73327E+03
6.84825E+00	1000010010	1.31247E+02	1000260560	1.57360E+04
6.81878E+00	1000260560	9.95962E+02	1000260560	9.95962E+02
4.91742E+00	1000260560	3.41652E+00	1000260560	3.41652E+00
6.36950E-01	1000260560	1.96166E+00	1000260560	1.96166E+00
8.71465E+00	1000260560	1.51896E+00	1000260560	1.51896E+00
6.93626E+00	1000260560	4.67000E+00	1000260560	4.67000E+00
3.36175E+00	1000260560	2.55015E+03	1000260560	2.55015E+03
1.08681E+00	1000260560	4.04944E+01	1000260560	4.04944E+01
6.27733E+00	1000260560	1.39905E+04	1000260560	1.39905E+04
4.21446E+00	1000260560	1.28280E+04	1000260560	1.28280E+04
3.49722E+00	1000260560	1.90415E+01	1000260560	1.90415E+01
4.83151E+00	1000260560	2.26508E+00	1000260560	2.26508E+00
4.07153E+00	1000260560	1.54115E+01	1000260560	1.54115E+01
2.72691E+00	1000260560	5.74115E+02	1000260560	5.74115E+02
2.79788E+00	1000260560	1.53753E+03	1000260560	1.53753E+03
7.63843E+00	1000260560	1.13689E+02	1000260560	1.13689E+02
7.99812E+00	1000260560	1.22068E+02	1000260560	1.22068E+02
9.10715E+00	1000260560	5.13769E+02	1000260560	5.13769E+02
8.51868E-01	1000260560	5.83330E+01	1000260560	5.83330E+01
8.92679E+00	1000260560	2.03059E+01	1000260560	2.03059E+01
2.86500E+00	1000260560	1.58725E+00	1000260560	1.58725E+00
1.16298E+00	1000260560	2.56555E+04	1000260560	2.56555E+04
6.75275E+00	1000260560	4.34418E+02	1000260560	4.34418E+02
3.84403E+00	1000260560	6.98434E+03	1000260560	6.98434E+03
8.60340E+00	1000260560	1.90870E+04	1000260560	1.90870E+04
5.20541E+00	1000260560	1.18990E+00	1000260560	1.18990E+00
6.98274E+00	1000260560	3.09660E+02	1000260560	3.09660E+02
7.42783E+00	1000260560	6.62936E+00	1000260560	6.62936E+00
8.80185E+00	1000260560	1.31727E+02	1000260560	1.31727E+02
7.94412E-01	1000260560	3.18007E+02	1000260560	3.18007E+02
1.78028E+00	1000260560	3.11884E+00	1000260560	3.11884E+00
1.19045E+00	1000260560	3.27933E+03	1000260560	3.27933E+03
2.89757E+00	1000260560	9.05475E+02	1000260560	9.05475E+02
2.19842E+00	1000260560	1.48351E+03	1000260560	1.48351E+03
3.57951E+00	1000260560	2.68656E+00	1000260560	2.68656E+00
8.91096E+00	1000260560	1.15997E+02	1000260560	1.15997E+02
4.67573E+00	1000260560	1.52170E+03	1000260560	1.52170E+03
9.01778E+00	1000260560	4.78765E+02	1000260560	4.78765E+02
8.60920E+00	1000260560	6.71232E+02	1000260560	6.71232E+02
3.36563E+00	1000260560	4.60654E+03	1000260560	4.60654E+03
2.90300E+00	1000260560	4.06123E+00	1000260560	4.06123E+00
1.06085E+00	1000260560	7.22996E+01	1000260560	7.22996E+01
5.25094E+00	1000260560	1.04131E+04	1000260560	1.04131E+04
2.60516E+00	1000260560	3.32441E+02	1000260560	3.32441E+02
4.44569E+00	1000260560	2.68570E+00	1000260560	2.68570E+00
6.26870E+00	1000260560	4.28448E+02	1000260560	4.28448E+02
1.58301E+00	1000260560	1.80850E+01	1000260560	1.80850E+01
7.41304E+00	1000260560	8.13500E+03	1000260560	8.13500E+03
2.51209E+00	1000260560	7.64572E+03	1000260560	7.64572E+03
9.31966E+00	1000260560	7.73056E+01	1000260560	7.73056E+01
6.20120E+00	1000260560	4.96913E+02	1000260560	4.96913E+02
7.64914E+00	1000260560	1.52166E+02	1000260560	1.52166E+02
1.00318E-01	1000260560	3.51080E+02	1000260560	3.51080E+02
5.16876E+00	1000260560	1.77941E+04	1000260560	1.77941E+04
3.98463E+00	1000250550	2.75908E+03	1000260560	2.80924E+03
3.98463E+00	1000010010	3.58190E+01	1000260560	2.80924E+03
2.52846E+00	1000260560	9.42197E+02	1000260560	9.42197E+02
9.01898E+00	1000260560	1.84259E+01	1000260560	1.84259E+01
5.03030E+00	1000260560	1.91522E+02	1000260560	1.91522E+02
1.91262E+00	1000260560	1.50560E+02	1000260560	1.50560E+02
2.56629E+00	1000250550	5.54288E+03	1000260560	5.64366E+03
2.56629E+00	1000010010	4.94478E+01	1000260560	5.64366E+03
9.44562E+00	1000260560	6.76488E+01	1000260560	6.76488E+01
6.94630E+00	1000260560	2.01136E+02	1000260560	2.01136E+02
1.18264E+00	1000260560	1.48958E+00	1000260560	1.48958E+00
8.83871E+00	1000260560	1.99869E+00	1000260560	1.99869E+00
3.15563E+00	1000260560	2.21299E+01	1000260560	2.21299E+01
7.75977E+00	1000260550	1.74909E+03	1000260560	1.78089E+03
7.75977E+00	1000010010	2.64356E+01	1000260560	1.78089E+03
3.90672E+00	1000260560	1.30066E+01	1000260560	1.30066E+01
6.11135E+00	1000260560	1.14751E+04	1000260560	1.14751E+04
1.00664E+00	1000260560	1.39496E+00	1000260560	1.39496E+00
7.87891E-01	1000260560	5.83730E+00	1000260560	5.83730E+00
5.25650E+00	1000260560	1.79323E+04	1000260560	1.79323E+04
3.66496E+00	1000260560	4.19633E+02	1000260560	4.19633E+02
2.28848E+00	1000260560	4.31584E+00	1000260560	4.31584E+00
8.80170E+00	1000260560	4.58594E+00	1000260560	4.58594E+00
8.70934E+00	1000260560	1.65408E+00	1000260560	1.65408E+00
6.67397E+00	1000260560	4.55539E+03	1000260560	4.55539E+03
9.85408E+00	1000260560	9.46844E+02	1000260560	9.46844E+02
3.67682E+00	1000260560	7.13410E+03	1000260560	7.13410E+03
9.81179E+00	1000260560	7.14428E+03	1000260560	7.14428E+03
6.10583E+00	1000260550	5.80860E+03	1000260560	5.91421E+03
6.10583E+00	1000000010	9.50791E+01	1000260560	5.91421E+03
4.25362E+00	1000260560	4.37033E+02	1000260560	4.37033E+02
2.01448E+00	1000260560	1.74983E+03	1000260560	1.74983E+03
9.12243E+00	1000260560	2.22928E+01	1000260560	2.22928E+01
5.83923E+00	1000260560	3.82250E+00	1000260560	3.82250E+00
8.87671E+00	1000260560	8.31210E+01	1000260560	8.31210E+01
3.18402E+00	1000260560	1.75590E+04	1000260560	1.75590E+04
5.91938E-01	1000260560	3.57217E+01	1000260560	3.57217E+01
7.00104E+00	1000260560	9.07813E+00	1000260560	9.07813E+00
7.79145E+00	1000260560	6.42042E+00	1000260560	6.42042E+00
3.80121E+00	1000260560	7.66286E+02	1000260560	7.66286E+02
6.31617E+00	1000260560	6.93229E+02	1000260560	6.93229E+02
1.50044E+00	1000260560	7.81762E+00	1000260560	7.81762E+00
4.81740E+00	1000260560	1.85758E+02	1000260560	1.85758E+02
9.28051E+00	1000260560	2.33072E+04	1000260560	2.33072E+04
