#	D	ID	E	ID0	E0
#
# D             Trajectory length [1 Mpc]
# ID/ID0/ID1    Particle type (PDG MC numbering scheme)
# E/E0/E1       Energy [1 EeV]
# no index = current, 0 = at source, 1 = at point of creation
#
# CRPropa version: -128-NOTFOUND
#
6.70746E+00	1000010010	1.00676E+01	1000010010	1.00676E+01
9.03759E-01	1000010010	3.16260E+00	1000010010	3.16260E+00
6.34647E+00	1000010010	1.17946E+01	1000010010	1.17946E+01
3.87154E+00	1000010010	2.62010E+01	1000010010	2.62010E+01
9.62930E+00	1000010010	3.32191E+00	1000010010	3.32191E+00
7.16330E+00	1000010010	1.21695E+02	1000010010	1.21695E+02
3.55499E-01	1000010010	1.96101E+01	1000010010	1.96101E+01
1.46123E-01	1000010010	3.87760E+00	1000010010	3.87760E+00
8.50435E+00	1000010010	2.98512E+02	1000010010	2.98512E+02
9.09105E+00	1000010010	1.12510E+01	1000010010	1.12510E+01
9.61146E+00	1000010010	2.60830E+00	1000010010	2.60830E+00
3.02163E+00	1000010010	5.27502E+01	1000010010	5.27502E+01
8.22752E-01	1000010010	7.81574E+01	1000010010	7.81574E+01
4.30599E+00	1000010010	5.29280E+01	1000010010	5.29280E+01
4.53291E+00	1000010010	3.63559E+02	1000010010	3.63559E+02
8.97311E+00	1000010010	2.14933E+00	1000010010	2.14933E+00
8.70299E+00	1000010010	3.95180E+01	1000010010	3.95180E+01
6.52785E+00	1000010010	2.57396E+02	1000010010	2.57396E+02
8.11116E+00	1000010010	4.69823E+01	1000010010	4.69823E+01
9.41445E+00	1000010010	1.63999E+02	1000010010	1.63999E+02
5.91724E+00	1000010010	6.18855E+02	1000010010	6.18855E+02
5.65283E+00	1000010010	1.79379E+02	1000010010	1.79379E+02
6.24463E+00	1000010010	1.11202E+02	1000010010	1.11202E+02
7.18443E+00	1000010010	3.59742E+01	1000010010	3.59742E+01
5.35625E+00	1000010010	2.32240E+00	1000010010	2.32240E+00
7.40638E+00	1000010010	2.77199E+00	1000010010	2.77199E+00
6.63642E+00	1000010010	2.32416E+00	1000010010	2.32416E+00
2.89464E+00	1000010010	5.28832E+02	1000010010	5.28832E+02
6.67231E+00	1000010010	3.00704E+00	1000010010	3.00704E+00
2.39725E+00	1000010010	5.80798E+02	1000010010	5.80798E+02
3.89730E+00	1000010010	2.26980E+00	1000010010	2.26980E+00
6.03382E+00	1000010010	3.60281E+02	1000010010	3.60281E+02
1.06837E+00	1000010010	7.60008E+01	1000010010	7.60008E+01
5.91813E+00	1000010010	2.71345E+01	1000010010	2.71345E+01
8.45376E+00	1000010010	1.18821E+02	1000010010	1.18821E+02
3.56189E+00	1000010010	7.42836E+00	1000010010	7.42836E+00
6.84347E+00	1000010010	4.13658E+01	1000010010	4.13658E+01
5.93336E+00	1000010010	3.61878E+00	1000010010	3.61878E+00
3.77533E+00	1000010010	7.26783E+01	1000010010	7.26783E+01
1.87536E+00	1000010010	1.90070E+02	1000010010	1.90070E+02
4.09701E+00	1000010010	1.63019E+00	1000010010	1.63019E+00
6.90662E+00	1000010010	4.95234E+02	1000010010	4.95234E+02
5.02790E+00	1000010010	2.37982E+02	1000010010	2.37982E+02
8.69613E-01	1000010010	1.35706E+02	1000010010	1.35706E+02
2.54621E+00	1000010010	5.77627E+01	1000010010	5.77627E+01
4.68065E+00	1000010010	2.69978E+02	1000010010	2.69978E+02
3.69130E+00	1000010010	2.17384E+01	1000010010	2.17384E+01
3.51234E+00	1000010010	2.77126E+00	1000010010	2.77126E+00
4.41070E+00	1000010010	1.39123E+00	1000010010	1.39123E+00
9.76486E+00	1000010010	1.84077E+01	1000010010	1.84077E+01
2.70972E+00	1000010010	1.14492E+02	1000010010	1.14492E+02
3.35120E+00	1000010010	3.76378E+00	1000010010	3.76378E+00
7.90368E+00	1000010010	3.49839E+00	1000010010	3.49839E+00
6.56830E+00	1000010010	4.95375E+01	1000010010	4.95375E+01
6.43676E+00	1000010010	1.01869E+01	1000010010	1.01869E+01
7.53473E+00	1000010010	7.23275E+00	1000010010	7.23275E+00
5.75142E+00	1000010010	1.40351E+01	1000010010	1.40351E+01
1.00741E+00	1000010010	1.04362E+01	1000010010	1.04362E+01
6.18816E+00	1000010010	1.17830E+02	1000010010	1.17830E+02
9.36239E+00	1000010010	3.73956E+01	1000010010	3.73956E+01
4.23391E-01	1000010010	1.77178E+02	1000010010	1.77178E+02
1.07041E+00	1000010010	2.14766E+02	1000010010	2.14766E+02
3.23308E-01	1000010010	1.19746E+00	1000010010	1.19746E+00
8.16856E+00	1000010010	6.48566E+01	1000010010	6.48566E+01
6.37622E+00	1000010010	3.16004E+01	1000010010	3.16004E+01
2.82254E+00	1000010010	4.04022E+02	1000010010	4.04022E+02
4.23547E+00	1000010010	1.10980E+00	1000010010	1.10980E+00
4.61770E+00	1000010010	2.11824E+01	1000010010	2.11824E+01
4.20075E+00	1000010010	7.61292E+01	1000010010	7.61292E+01
8.19778E+00	1000010010	6.17914E+00	1000010010	6.17914E+00
8.78608E+00	1000010010	5.70546E+00	1000010010	5.70546E+00
9.21576E+00	1000010010	1.92364E+01	1000010010	1.92364E+01
1.92005E+00	1000010010	2.60028E+02	1000010010	2.60028E+02
6.21658E+00	1000010010	1.14428E+02	1000010010	1.14428E+02
1.02305E+00	1000010010	3.78482E+02	1000010010	3.78482E+02
8.93445E+00	1000010010	3.32996E+01	1000010010	3.32996E+01
2.03502E+00	1000010010	4.26014E+01	1000010010	4.26014E+01
5.02100E-01	1000010010	2.39628E+00	1000010010	2.39628E+00
5.79138E+00	1000010010	8.66695E+01	1000010010	8.66695E+01
8.59461E+00	1000010010	1.83769E+01	1000010010	1.83769E+01
8.22462E+00	1000010010	4.32147E+02	1000010010	4.32147E+02
8.80022E+00	1000010010	1.39384E+02	1000010010	1.39384E+02
2.51697E+00	1000010010	8.76106E+02	1000010010	8.76106E+02
2.93663E+00	1000010010	7.30056E+02	1000010010	7.30056E+02
3.66638E+00	1000010010	9.10385E+02	1000010010	9.10385E+02
3.75096E-01	1000010010	2.45517E+01	1000010010	2.45517E+01
5.39664E+00	1000010010	1.63499E+02	1000010010	1.63499E+02
9.58970E+00	1000010010	1.64381E+02	1000010010	1.64381E+02
3.98205E+00	1000010010	1.01753E+00	1000010010	1.01753E+00
6.57100E+00	1000010010	3.54994E+02	1000010010	3.54994E+02
7.72297E+00	1000010010	1.04460E+02	1000010010	1.04460E+02
4.52046E+00	1000010010	7.79427E+02	1000010010	7.79427E+02
8.36216E+00	1000010010	1.04879E+00	1000010010	1.04879E+00
1.27273E+00	1000010010	1.69297E+01	1000010010	1.69297E+01
2.34780E+00	1000010010	7.64852E+01	1000010010	7.64852E+01
6.00355E+00	1000010010	2.95771E+02	1000010010	2.95771E+02
1.16227E+00	1000010010	1.57268E+02	1000010010	1.57268E+02
2.09946E+00	1000010010	8.52583E+02	1000010010	8.52583E+02
5.15126E+00	1000010010	7.32146E+02	1000010010	7.32146E+02
3.95257E+00	1000010010	5.71221E+02	1000010010	5.71221E+02
1.26577E+00	1000010010	8.10612E+00	1000010010	8.10612E+00
8.78701E+00	1000010010	2.79736E+00	1000010010	2.79736E+00
7.70222E+00	1000010010	2.50802E+01	1000010010	2.50802E+01
2.69205E+00	1000010010	2.32753E+00	1000010010	2.32753E+00
1.97617E+00	1000010010	6.09036E+00	1000010010	6.09036E+00
6.05960E+00	1000010010	3.14518E+01	1000010010	3.14518E+01
6.46063E+00	1000010010	1.34557E+02	1000010010	1.34557E+02
3.22182E+00	1000010010	2.40657E+02	1000010010	2.40657E+02
6.22445E+00	1000010010	1.09788E+00	1000010010	1.09788E+00
7.12190E+00	1000010010	1.60378E+02	1000010010	1.60378E+02
1.77433E+00	1000010010	4.49500E+00	1000010010	4.49500E+00
2.94795E+00	1000010010	6.81495E+00	1000010010	6.81495E+00
9.23685E+00	1000010010	2.77609E+02	1000010010	2.77609E+02
4.87385E+00	1000010010	3.98501E+01	1000010010	3.98501E+01
5.48285E+00	1000010010	3.37848E+01	1000010010	3.37848E+01
6.65057E+00	1000010010	4.41611E+02	1000010010	4.41611E+02
3.94688E+00	1000010010	2.21519E+01	1000010010	2.21519E+01
7.42017E+00	1000010010	7.52056E+00	1000010010	7.52056E+00
7.81075E+00	1000010010	1.04981E+02	1000010010	1.04981E+02
3.88243E+00	1000010010	1.49809E+01	1000010010	1.49809E+01
7.44509E+00	1000010010	4.40657E+00	1000010010	4.40657E+00
9.19743E+00	1000010010	3.51265E+02	1000010010	3.51265E+02
2.57452E+00	1000010010	9.28068E+01	1000010010	9.28068E+01
1.33615E+00	1000010010	8.37966E+02	1000010010	8.37966E+02
9.37524E+00	1000010010	6.23161E+00	1000010010	6.23161E+00
1.98918E+00	1000010010	1.22862E+02	1000010010	1.22862E+02
9.51048E+00	1000010010	9.23409E+02	1000010010	9.23409E+02
9.75851E+00	1000010010	1.02505E+01	1000010010	1.02505E+01
2.17951E+00	1000010010	2.58434E+01	1000010010	2.58434E+01
2.63146E+00	1000010010	6.33002E+01	1000010010	6.33002E+01
3.55802E+00	1000010010	2.75210E+00	1000010010	2.75210E+00
5.04113E+00	1000010010	1.35418E+02	1000010010	1.35418E+02
5.38843E+00	1000010010	1.26463E+01	1000010010	1.26463E+01
8.62536E+00	1000010010	1.49713E+02	1000010010	1.49713E+02
9.49323E+00	1000010010	1.56485E+01	1000010010	1.56485E+01
4.01223E+00	1000010010	2.70663E+01	1000010010	2.70663E+01
2.93635E+00	1000010010	8.61204E+00	1000010010	8.61204E+00
5.54998E+00	1000010010	1.98610E+00	1000010010	1.98610E+00
7.68961E-01	1000010010	4.30123E+00	1000010010	4.30123E+00
3.00313E+00	1000010010	7.46415E+02	1000010010	7.46415E+02
3.42080E+00	1000010010	1.37924E+01	1000010010	1.37924E+01
2.03509E+00	1000010010	1.09720E+01	1000010010	1.09720E+01
7.74608E+00	1000010010	1.30076E+02	1000010010	1.30076E+02
2.58731E-01	1000010010	8.41685E+00	1000010010	8.41685E+00
6.26677E+00	1000010010	4.27589E+00	1000010010	4.27589E+00
3.82826E+00	1000010010	1.76870E+01	1000010010	1.76870E+01
3.69241E+00	1000010010	6.30279E+01	1000010010	6.30279E+01
7.81995E+00	1000010010	1.82234E+00	1000010010	1.82234E+00
2.08585E+00	1000010010	1.95394E+02	1000010010	1.95394E+02
2.64527E+00	1000010010	3.50164E+01	1000010010	3.50164E+01
6.64424E+00	1000010010	3.36541E+00	1000010010	3.36541E+00
8.07919E+00	1000010010	5.67698E+01	1000010010	5.67698E+01
8.98742E+00	1000010010	3.29074E+01	1000010010	3.29074E+01
4.99919E-01	1000010010	6.31987E+01	1000010010	6.31987E+01
5.74755E+00	1000010010	5.09431E+02	1000010010	5.09431E+02
9.57810E+00	1000010010	2.95216E+00	1000010010	2.95216E+00
2.68642E+00	1000010010	8.36352E+01	1000010010	8.36352E+01
7.60136E+00	1000010010	7.73463E+01	1000010010	7.73463E+01
3.07663E+00	1000010010	3.34828E+01	1000010010	3.34828E+01
9.23457E+00	1000010010	4.74091E+00	1000010010	4.74091E+00
2.88864E+00	1000010010	7.41951E+01	1000010010	7.41951E+01
5.96161E+00	1000010010	1.08134E+00	1000010010	1.08134E+00
9.41946E+00	1000010010	2.82220E+02	1000010010	2.82220E+02
6.01677E+00	1000010010	5.41959E+01	1000010010	5.41959E+01
4.75515E+00	1000010010	1.43699E+01	1000010010	1.43699E+01
3.59424E+00	1000010010	3.91603E+01	1000010010	3.91603E+01
6.35707E+00	1000010010	3.43763E+02	1000010010	3.43763E+02
6.36675E+00	1000010010	7.43406E+02	1000010010	7.43406E+02
7.83299E+00	1000010010	2.04336E+00	1000010010	2.04336E+00
5.43152E+00	1000010010	2.94919E+00	1000010010	2.94919E+00
3.49936E+00	1000010010	3.33566E+00	1000010010	3.33566E+00
8.02900E+00	1000010010	4.45694E+01	1000010010	4.45694E+01
2.48300E+00	1000010010	5.88921E+01	1000010010	5.88921E+01
7.22365E+00	1000010010	4.18658E+01	1000010010	4.18658E+01
8.93114E-02	1000010010	3.87560E+00	1000010010	3.87560E+00
7.74798E+00	1000010010	2.81558E+02	1000010010	2.81558E+02
6.18912E+00	1000010010	7.18319E+01	1000010010	7.18319E+01
1.28804E+00	1000010010	4.54049E+01	1000010010	4.54049E+01
5.62954E+00	1000010010	4.86931E+01	1000010010	4.86931E+01
1.53702E+00	1000010010	7.98703E+01	1000010010	7.98703E+01
3.03281E+00	1000010010	7.70725E+00	1000010010	7.70725E+00
7.72881E+00	1000010010	8.99480E+02	1000010010	8.99480E+02
6.17638E+00	1000010010	4.59457E+00	1000010010	4.59457E+00
4.27213E+00	1000010010	1.83631E+01	1000010010	1.83631E+01
7.41216E+00	1000010010	2.92615E+02	1000010010	2.92615E+02
6.60286E+00	1000010010	2.20893E+01	1000010010	2.20893E+01
7.45951E+00	1000010010	1.30194E+02	1000010010	1.30194E+02
1.00840E-01	1000010010	1.62128E+02	1000010010	1.62128E+02
3.88395E+00	1000010010	6.76958E+00	1000010010	6.76958E+00
6.96210E+00	1000010010	4.69726E+01	1000010010	4.69726E+01
4.65270E+00	1000010010	1.78258E+02	1000010010	1.78258E+02
8.97906E+00	1000010010	2.19185E+01	1000010010	2.19185E+01
6.04182E+00	1000010010	4.60526E+02	1000010010	4.60526E+02
2.09696E+00	1000010010	9.51259E+02	1000010010	9.51259E+02
6.82463E+00	1000010010	1.15022E+00	1000010010	1.15022E+00
5.16136E+00	1000010010	2.05951E+00	1000010010	2.05951E+00
5.15572E+00	1000010010	1.17321E+02	1000010010	1.17321E+02
5.52098E+00	1000010010	3.62517E+00	1000010010	3.62517E+00
4.41936E-01	1000010010	8.36820E+00	1000010010	8.36820E+00
3.73520E+00	1000010010	8.77312E+02	1000010010	8.77312E+02
1.50659E-01	1000010010	4.90063E+01	1000010010	4.90063E+01
3.11823E+00	1000010010	4.05755E+02	1000010010	4.05755E+02
5.20635E+00	1000010010	3.46835E+01	1000010010	3.46835E+01
9.21276E+00	1000010010	2.60242E+02	1000010010	2.60242E+02
9.16222E+00	1000010010	1.74956E+01	1000010010	1.74956E+01
4.24855E+00	1000010010	2.78556E+01	1000010010	2.78556E+01
1.84906E+00	1000010010	3.29792E+02	1000010010	3.29792E+02
7.70207E-01	1000010010	8.38532E+00	1000010010	8.38532E+00
8.02261E+00	1000010010	4.08242E+01	1000010010	4.08242E+01
7.63610E+00	1000010010	4.80166E+02	1000010010	4.80166E+02
5.81109E+00	1000010010	1.38174E+02	1000010010	1.38174E+02
6.08039E-01	1000010010	6.03631E+02	1000010010	6.03631E+02
4.81278E-02	1000010010	1.87984E+01	1000010010	1.87984E+01
9.39938E+00	1000010010	4.79570E+00	1000010010	4.79570E+00
7.35934E+00	1000010010	6.57418E+00	1000010010	6.57418E+00
1.99259E+00	1000010010	5.83693E+01	1000010010	5.83693E+01
8.22944E+00	1000010010	3.57152E+01	1000010010	3.57152E+01
2.29137E+00	1000010010	3.35514E+02	1000010010	3.35514E+02
7.55024E+00	1000010010	4.58567E+00	1000010010	4.58567E+00
1.34515E+00	1000010010	5.20055E+00	1000010010	5.20055E+00
9.33864E+00	1000010010	3.05632E+00	1000010010	3.05632E+00
5.81046E+00	1000010010	2.47822E+01	1000010010	2.47822E+01
8.77052E+00	1000010010	1.56528E+01	1000010010	1.56528E+01
5.40293E+00	1000010010	5.91057E+00	1000010010	5.91057E+00
7.68959E+00	1000010010	3.57035E+00	1000010010	3.57035E+00
3.40150E+00	1000010010	4.33148E+00	1000010010	4.33148E+00
5.21640E+00	1000010010	4.22542E+00	1000010010	4.22542E+00
2.45726E+00	1000010010	3.01562E+00	1000010010	3.01562E+00
6.20791E+00	1000010010	2.72008E+00	1000010010	2.72008E+00
7.56484E+00	1000010010	3.44450E+00	1000010010	3.44450E+00
8.16516E+00	1000010010	2.34757E+02	1000010010	2.34757E+02
4.25000E-01	1000010010	5.01290E+01	1000010010	5.01290E+01
9.94878E+00	1000010010	6.93954E+00	1000010010	6.93954E+00
7.31912E+00	1000010010	2.00443E+01	1000010010	2.00443E+01
6.05505E+00	1000010010	6.07176E+00	1000010010	6.07176E+00
5.97332E+00	1000010010	2.78161E+01	1000010010	2.78161E+01
3.21904E+00	1000010010	7.40010E+01	1000010010	7.40010E+01
7.04479E+00	1000010010	2.35718E+00	1000010010	2.35718E+00
4.44371E-01	1000010010	2.19012E+01	1000010010	2.19012E+01
9.57743E+00	1000010010	3.03897E+01	1000010010	3.03897E+01
1.97756E+00	1000010010	3.31250E+02	1000010010	3.31250E+02
1.07042E+00	1000010010	4.73871E+01	1000010010	4.73871E+01
1.60792E+00	1000010010	2.81013E+01	1000010010	2.81013E+01
3.77972E+00	1000010010	1.80947E+02	1000010010	1.80947E+02
4.13769E+00	1000010010	2.97332E+00	1000010010	2.97332E+00
4.26987E+00	1000010010	5.36593E+02	1000010010	5.36593E+02
8.12271E+00	1000010010	2.07304E+02	1000010010	2.07304E+02
9.71489E+00	1000010010	6.57771E+01	1000010010	6.57771E+01
6.32241E+00	1000010010	3.51030E+00	1000010010	3.51030E+00
7.87655E+00	1000010010	2.50215E+00	1000010010	2.50215E+00
2.28160E+00	1000010010	9.06257E+00	1000010010	9.06257E+00
2.38281E+00	1000010010	1.69918E+00	1000010010	1.69918E+00
2.18680E-01	1000010010	1.74578E+02	1000010010	1.74578E+02
6.02461E+00	1000010010	1.58741E+01	1000010010	1.58741E+01
2.80352E+00	1000010010	6.09866E+02	1000010010	6.09866E+02
1.47858E+00	1000010010	1.60931E+00	1000010010	1.60931E+00
4.14566E+00	1000010010	1.37171E+00	1000010010	1.37171E+00
2.14301E-01	1000010010	1.77296E+01	1000010010	1.77296E+01
4.18898E+00	1000010010	2.04164E+02	1000010010	2.04164E+02
2.97902E-02	1000010010	1.88329E+00	1000010010	1.88329E+00
1.44426E+00	1000010010	1.41407E+02	1000010010	1.41407E+02
4.27789E+00	1000010010	2.62407E+00	1000010010	2.62407E+00
4.13132E+00	1000010010	1.64084E+00	1000010010	1.64084E+00
5.10632E+00	1000010010	6.07426E+00	1000010010	6.07426E+00
7.57006E+00	1000010010	1.52832E+00	1000010010	1.52832E+00
7.60469E+00	1000010010	1.09679E+00	1000010010	1.09679E+00
4.52756E+00	1000010010	4.59433E+02	1000010010	4.59433E+02
4.40192E+00	1000010010	2.81311E+02	1000010010	2.81311E+02
7.55638E+00	1000010010	3.92256E+00	1000010010	3.92256E+00
4.28006E+00	1000010010	1.60965E+00	1000010010	1.60965E+00
6.45829E+00	1000010010	4.60404E+02	1000010010	4.60404E+02
4.57615E+00	1000010010	1.63442E+01	1000010010	1.63442E+01
2.26359E+00	1000010010	5.25408E+02	1000010010	5.25408E+02
1.05004E+00	1000010010	4.77105E+02	1000010010	4.77105E+02
9.10316E+00	1000010010	4.23675E+00	1000010010	4.23675E+00
4.82858E+00	1000010010	7.84243E+02	1000010010	7.84243E+02
7.39226E+00	1000010010	2.93170E+02	1000010010	2.93170E+02
5.04067E+00	1000010010	2.46367E+02	1000010010	2.46367E+02
9.04050E+00	1000010010	1.41475E+00	1000010010	1.41475E+00
9.71585E+00	1000010010	3.72965E+01	1000010010	3.72965E+01
6.99918E+00	1000010010	9.52442E+02	1000010010	9.52442E+02
8.87979E+00	1000010010	8.58489E+00	1000010010	8.58489E+00
3.72819E+00	1000010010	2.23936E+00	1000010010	2.23936E+00
5.84401E+00	1000010010	1.20046E+01	1000010010	1.20046E+01
8.58629E+00	1000010010	6.74759E+02	1000010010	6.74759E+02
4.28718E+00	1000010010	1.93292E+02	1000010010	1.93292E+02
5.85684E+00	1000010010	2.84865E+00	1000010010	2.84865E+00
1.54766E+00	1000010010	3.15224E+02	1000010010	3.15224E+02
9.18494E+00	1000010010	2.13869E+02	1000010010	2.13869E+02
3.20825E+00	1000010010	2.53024E+01	1000010010	2.53024E+01
4.35423E+00	1000010010	2.65992E+02	1000010010	2.65992E+02
9.65337E+00	1000010010	7.61276E+01	1000010010	7.61276E+01
2.82023E+00	1000010010	2.41475E+00	1000010010	2.41475E+00
2.95961E-02	1000010010	1.02344E+00	1000010010	1.02344E+00
5.07840E+00	1000010010	1.50062E+02	1000010010	1.50062E+02
9.08167E+00	1000010010	3.76751E+00	1000010010	3.76751E+00
8.64634E+00	1000010010	1.27791E+01	1000010010	1.27791E+01
7.99306E-01	1000010010	5.89203E+00	1000010010	5.89203E+00
5.26290E+00	1000010010	5.25239E+01	1000010010	5.25239E+01
2.22145E+00	1000010010	2.59724E+02	1000010010	2.59724E+02
5.81764E+00	1000010010	3.61231E+00	1000010010	3.61231E+00
9.38905E+00	1000010010	2.83221E+02	1000010010	2.83221E+02
9.76495E+00	1000010010	1.63463E+00	1000010010	1.63463E+00
9.86593E+00	1000010010	3.24209E+00	1000010010	3.24209E+00
7.83499E+00	1000010010	1.51311E+01	1000010010	1.51311E+01
2.23293E+00	1000010010	2.14588E+01	1000010010	2.14588E+01
1.21455E-01	1000010010	1.33536E+02	1000010010	1.33536E+02
7.58138E-01	1000010010	1.37337E+01	1000010010	1.37337E+01
5.12520E+00	1000010010	1.07725E+02	1000010010	1.07725E+02
7.84254E+00	1000010010	1.86248E+00	1000010010	1.86248E+00
3.15257E+00	1000010010	9.15106E+02	1000010010	9.15106E+02
5.64646E+00	1000010010	4.44363E+00	1000010010	4.44363E+00
1.45057E+00	1000010010	3.48281E+00	1000010010	3.48281E+00
1.09589E+00	1000010010	3.48356E+02	1000010010	3.48356E+02
4.23916E+00	1000010010	1.33266E+01	1000010010	1.33266E+01
8.62755E+00	1000010010	1.47379E+02	1000010010	1.47379E+02
4.57904E+00	1000010010	1.68366E+00	1000010010	1.68366E+00
1.18548E+00	1000010010	8.56208E+00	1000010010	8.56208E+00
1.31535E+00	1000010010	6.51758E+00	1000010010	6.51758E+00
6.69892E+00	1000010010	2.02444E+01	1000010010	2.02444E+01
3.14607E+00	1000010010	1.16044E+02	1000010010	1.16044E+02
8.66362E+00	1000010010	1.23884E+02	1000010010	1.23884E+02
5.11321E-01	1000010010	5.86620E+00	1000010010	5.86620E+00
2.69326E+00	1000010010	1.78250E+02	1000010010	1.78250E+02
7.73816E-01	1000010010	2.71342E+02	1000010010	2.71342E+02
1.65865E+00	1000010010	1.76190E+01	1000010010	1.76190E+01
1.69437E+00	1000010010	1.04986E+00	1000010010	1.04986E+00
6.65291E+00	1000010010	4.11744E+00	1000010010	4.11744E+00
3.37504E+00	1000010010	4.87561E+00	1000010010	4.87561E+00
7.98880E+00	1000010010	2.26153E+01	1000010010	2.26153E+01
7.84798E+00	1000010010	3.71363E+00	1000010010	3.71363E+00
3.00314E+00	1000010010	7.93100E+02	1000010010	7.93100E+02
9.45168E+00	1000010010	3.97113E+00	1000010010	3.97113E+00
7.74822E-01	1000010010	4.66810E+00	1000010010	4.66810E+00
3.43879E+00	1000010010	4.03544E+02	1000010010	4.03544E+02
3.70705E+00	1000010010	1.75468E+00	1000010010	1.75468E+00
7.67990E+00	1000010010	2.86701E+02	1000010010	2.86701E+02
6.96566E+00	1000010010	6.74335E+01	1000010010	6.74335E+01
3.25332E+00	1000010010	7.81120E+00	1000010010	7.81120E+00
9.11677E+00	1000010010	9.64720E+00	1000010010	9.64720E+00
5.68780E+00	1000010010	5.64984E+00	1000010010	5.64984E+00
2.06032E+00	1000010010	1.18295E+00	1000010010	1.18295E+00
9.95928E+00	1000010010	5.92296E+02	1000010010	5.92296E+02
9.50043E+00	1000010010	3.38710E+02	1000010010	3.38710E+02
6.08028E+00	1000010010	2.21611E+00	1000010010	2.21611E+00
4.52655E+00	1000010010	9.31086E+02	1000010010	9.31086E+02
9.94818E+00	1000010010	2.55798E+02	1000010010	2.55798E+02
3.63545E+00	1000010010	1.59942E+00	1000010010	1.59942E+00
2.56460E-01	1000010010	2.86743E+00	1000010010	2.86743E+00
8.98865E+00	1000010010	1.15309E+02	1000010010	1.15309E+02
2.42502E+00	1000010010	2.81114E+01	1000010010	2.81114E+01
2.33114E-01	1000010010	5.46542E+02	1000010010	5.46542E+02
6.48238E+00	1000010010	1.16295E+01	1000010010	1.16295E+01
2.64702E+00	1000010010	9.15858E+00	1000010010	9.15858E+00
5.86824E+00	1000010010	5.08917E+02	1000010010	5.08917E+02
6.46383E+00	1000010010	2.15310E+01	1000010010	2.15310E+01
5.41284E+00	1000010010	4.31836E+00	1000010010	4.31836E+00
8.79287E+00	1000010010	2.69052E+01	1000010010	2.69052E+01
8.60652E+00	1000010010	7.42216E+01	1000010010	7.42216E+01
6.46380E+00	1000010010	3.78290E+01	1000010010	3.78290E+01
1.43192E+00	1000010010	3.02864E+01	1000010010	3.02864E+01
5.05065E+00	1000010010	9.61116E+01	1000010010	9.61116E+01
2.56572E+00	1000010010	9.53217E+00	1000010010	9.53217E+00
3.51258E+00	1000010010	2.78308E+00	1000010010	2.78308E+00
6.99807E+00	1000010010	1.51298E+02	1000010010	1.51298E+02
7.20001E+00	1000010010	3.03567E+01	1000010010	3.03567E+01
2.63246E+00	1000010010	2.90692E+01	1000010010	2.90692E+01
9.23127E+00	1000010010	9.24264E+02	1000010010	9.24264E+02
6.49942E+00	1000010010	1.98102E+02	1000010010	1.98102E+02
6.73566E+00	1000010010	1.86148E+01	1000010010	1.86148E+01
5.58342E+00	1000010010	7.41626E+02	1000010010	7.41626E+02
1.91334E-01	1000010010	2.12291E+02	1000010010	2.12291E+02
9.87764E+00	1000010010	2.23515E+01	1000010010	2.23515E+01
9.57948E+00	1000010010	1.18372E+02	1000010010	1.18372E+02
3.36110E+00	1000010010	4.15574E+00	1000010010	4.15574E+00
1.61678E+00	1000010010	5.35105E+01	1000010010	5.35105E+01
2.89272E+00	1000010010	1.26732E+00	1000010010	1.26732E+00
3.02424E+00	1000010010	1.47755E+01	1000010010	1.47755E+01
5.50949E-01	1000010010	2.77102E+00	1000010010	2.77102E+00
3.15736E+00	1000010010	1.10605E+00	1000010010	1.10605E+00
6.54720E+00	1000010010	4.19148E+02	1000010010	4.19148E+02
1.97723E+00	1000010010	1.78870E+01	1000010010	1.78870E+01
8.12533E+00	1000010010	1.32396E+01	1000010010	1.32396E+01
3.70538E+00	1000010010	2.39732E+02	1000010010	2.39732E+02
3.23877E+00	1000010010	8.15006E+00	1000010010	8.15006E+00
4.56101E+00	1000010010	8.06556E+01	1000010010	8.06556E+01
1.35723E-01	1000010010	4.28731E+01	1000010010	4.28731E+01
2.43308E+00	1000010010	3.60495E+02	1000010010	3.60495E+02
7.17137E+00	1000010010	6.16547E+01	1000010010	6.16547E+01
7.30089E+00	1000010010	9.97453E+01	1000010010	9.97453E+01
1.07801E+00	1000010010	6.57278E+00	1000010010	6.57278E+00
3.69766E+00	1000010010	4.31279E+00	1000010010	4.31279E+00
3.17998E+00	1000010010	9.60515E+00	1000010010	9.60515E+00
1.73208E-01	1000010010	1.04795E+00	1000010010	1.04795E+00
6.32621E+00	1000010010	7.05285E+01	1000010010	7.05285E+01
7.73386E+00	1000010010	2.98715E+01	1000010010	2.98715E+01
8.28930E-02	1000010010	1.35183E+01	1000010010	1.35183E+01
3.02784E+00	1000010010	9.35303E+00	1000010010	9.35303E+00
8.71299E+00	1000010010	4.82419E+01	1000010010	4.82419E+01
8.35194E+00	1000010010	1.12578E+00	1000010010	1.12578E+00
5.48611E+00	1000010010	9.07855E+02	1000010010	9.07855E+02
5.26644E+00	1000010010	3.22873E+02	1000010010	3.22873E+02
7.51444E+00	1000010010	3.92953E+01	1000010010	3.92953E+01
5.03626E+00	1000010010	1.62952E+00	1000010010	1.62952E+00
9.77740E+00	1000010010	9.90863E+02	1000010010	9.90863E+02
2.57916E+00	1000010010	1.51050E+01	1000010010	1.51050E+01
4.11726E+00	1000010010	1.16988E+00	1000010010	1.16988E+00
3.12907E+00	1000010010	2.40121E+00	1000010010	2.40121E+00
1.42834E+00	1000010010	1.15567E+00	1000010010	1.15567E+00
2.18616E+00	1000010010	7.10398E+01	1000010010	7.10398E+01
2.78834E+00	1000010010	3.00539E+02	1000010010	3.00539E+02
8.40527E+00	1000010010	4.69798E+00	1000010010	4.69798E+00
7.81271E+00	1000010010	1.61501E+02	1000010010	1.61501E+02
7.41970E+00	1000010010	1.44696E+01	1000010010	1.44696E+01
7.12430E-03	1000010010	1.36308E+00	1000010010	1.36308E+00
6.54417E+00	1000010010	1.26576E+02	1000010010	1.26576E+02
4.59660E+00	1000010010	3.45490E+00	1000010010	3.45490E+00
4.59693E+00	1000010010	3.17850E+02	1000010010	3.17850E+02
1.15860E+00	1000010010	1.77350E+02	1000010010	1.77350E+02
1.53485E+00	1000010010	4.35195E+02	1000010010	4.35195E+02
2.54319E+00	1000010010	1.76115E+02	1000010010	1.76115E+02
2.19262E+00	1000010010	7.58155E+02	1000010010	7.58155E+02
5.36547E+00	1000010010	4.15075E+01	1000010010	4.15075E+01
8.89679E+00	1000010010	3.93750E+01	1000010010	3.93750E+01
6.55747E-01	1000010010	1.95118E+00	1000010010	1.95118E+00
7.71607E+00	1000010010	1.12702E+02	1000010010	1.12702E+02
3.87754E-01	1000010010	1.33195E+01	1000010010	1.33195E+01
1.69171E+00	1000010010	1.09666E+00	1000010010	1.09666E+00
4.93598E+00	1000010010	2.27719E+00	1000010010	2.27719E+00
5.69743E+00	1000010010	1.53743E+02	1000010010	1.53743E+02
7.38859E+00	1000010010	5.85427E+02	1000010010	5.85427E+02
9.01973E+00	1000010010	5.58058E+02	1000010010	5.58058E+02
1.86076E+00	1000010010	8.36778E+02	1000010010	8.36778E+02
4.42820E-01	1000010010	3.22093E+01	1000010010	3.22093E+01
7.75227E+00	1000010010	6.83250E+02	1000010010	6.83250E+02
9.44201E+00	1000010010	5.61919E+00	1000010010	5.61919E+00
6.98981E+00	1000010010	1.27931E+00	1000010010	1.27931E+00
7.29408E+00	1000010010	6.40340E+01	1000010010	6.40340E+01
4.94250E+00	1000010010	1.53562E+02	1000010010	1.53562E+02
2.81877E+00	1000010010	1.96302E+02	1000010010	1.96302E+02
5.70937E+00	1000010010	2.02264E+00	1000010010	2.02264E+00
6.64401E+00	1000010010	7.97003E+01	1000010010	7.97003E+01
9.12262E+00	1000010010	1.41357E+00	1000010010	1.41357E+00
3.46507E+00	1000010010	6.35662E+02	1000010010	6.35662E+02
5.69870E+00	1000010010	2.41214E+00	1000010010	2.41214E+00
1.21413E+00	1000010010	4.00023E+01	1000010010	4.00023E+01
5.16474E+00	1000010010	2.67735E+00	1000010010	2.67735E+00
9.98033E+00	1000010010	7.66413E+02	1000010010	7.66413E+02
2.61151E-01	1000010010	1.62299E+02	1000010010	1.62299E+02
5.00471E+00	1000010010	2.21902E+00	1000010010	2.21902E+00
3.89657E+00	1000010010	9.65318E+01	1000010010	9.65318E+01
7.41945E+00	1000010010	4.16987E+00	1000010010	4.16987E+00
7.87421E+00	1000010010	3.68144E+01	1000010010	3.68144E+01
6.82912E-02	1000010010	2.49306E+02	1000010010	2.49306E+02
3.42143E+00	1000010010	6.74439E+02	1000010010	6.74439E+02
7.34964E+00	1000010010	9.33124E+00	1000010010	9.33124E+00
8.73301E+00	1000010010	2.55750E+01	1000010010	2.55750E+01
4.83839E+00	1000010010	8.69184E+02	1000010010	8.69184E+02
1.28584E-01	1000010010	1.17041E+02	1000010010	1.17041E+02
5.12091E+00	1000010010	1.39432E+00	1000010010	1.39432E+00
1.41621E+00	1000010010	5.75350E+00	1000010010	5.75350E+00
3.02769E+00	1000010010	5.71420E+02	1000010010	5.71420E+02
3.95062E+00	1000010010	2.10328E+02	1000010010	2.10328E+02
3.93411E-01	1000010010	1.96401E+00	1000010010	1.96401E+00
2.66113E+00	1000010010	9.93792E+01	1000010010	9.93792E+01
9.20659E+00	1000010010	2.46930E+02	1000010010	2.46930E+02
5.66763E+00	1000010010	5.59160E+00	1000010010	5.59160E+00
2.83608E+00	1000010010	1.69251E+00	1000010010	1.69251E+00
3.97671E+00	1000010010	5.56317E+01	1000010010	5.56317E+01
1.10141E+00	1000010010	1.26135E+01	1000010010	1.26135E+01
9.76572E+00	1000010010	4.30676E+01	1000010010	4.30676E+01
9.43111E+00	1000010010	2.88666E+01	1000010010	2.88666E+01
2.05926E+00	1000010010	1.01491E+01	1000010010	1.01491E+01
8.86045E+00	1000010010	9.75643E+01	1000010010	9.75643E+01
4.09276E+00	1000010010	5.46739E+02	1000010010	5.46739E+02
2.99147E+00	1000010010	3.26066E+02	1000010010	3.26066E+02
4.15972E+00	1000010010	4.10162E+00	1000010010	4.10162E+00
5.75201E+00	1000010010	1.06860E+00	1000010010	1.06860E+00
4.02613E+00	1000010010	1.29256E+00	1000010010	1.29256E+00
1.53053E+00	1000010010	1.01477E+01	1000010010	1.01477E+01
5.44460E+00	1000010010	3.40285E+00	1000010010	3.40285E+00
9.18844E+00	1000010010	4.81449E+02	1000010010	4.81449E+02
3.72866E+00	1000010010	1.81673E+00	1000010010	1.81673E+00
4.29741E+00	1000010010	2.89100E+01	1000010010	2.89100E+01
6.29171E-01	1000010010	4.23499E+00	1000010010	4.23499E+00
6.06340E+00	1000010010	1.80079E+00	1000010010	1.80079E+00
9.42882E+00	1000010010	4.61656E+02	1000010010	4.61656E+02
3.61917E+00	1000010010	1.96318E+00	1000010010	1.96318E+00
8.68225E+00	1000010010	3.88990E+02	1000010010	3.88990E+02
9.61908E+00	1000010010	2.27853E+01	1000010010	2.27853E+01
7.67526E+00	1000010010	8.96993E+02	1000010010	8.96993E+02
1.52896E+00	1000010010	1.93587E+02	1000010010	1.93587E+02
9.58271E+00	1000010010	2.34951E+01	1000010010	2.34951E+01
3.23013E+00	1000010010	1.98580E+01	1000010010	1.98580E+01
6.14563E+00	1000010010	7.17717E+00	1000010010	7.17717E+00
3.57275E-01	1000010010	2.02049E+01	1000010010	2.02049E+01
8.30332E-01	1000010010	2.01849E+00	1000010010	2.01849E+00
7.50685E+00	1000010010	4.06229E+00	1000010010	4.06229E+00
9.76215E-02	1000010010	3.19903E+00	1000010010	3.19903E+00
9.05381E+00	1000010010	9.93037E+02	1000010010	9.93037E+02
4.00014E+00	1000010010	4.25412E+02	1000010010	4.25412E+02
9.44252E+00	1000010010	8.60020E+02	1000010010	8.60020E+02
7.77910E+00	1000010010	3.01824E+02	1000010010	3.01824E+02
1.04396E+00	1000010010	3.84393E+00	1000010010	3.84393E+00
1.92632E+00	1000010010	4.92587E+02	1000010010	4.92587E+02
1.58034E+00	1000010010	2.87607E+00	1000010010	2.87607E+00
3.73962E+00	1000010010	4.69915E+00	1000010010	4.69915E+00
2.01266E+00	1000010010	3.24134E+01	1000010010	3.24134E+01
1.71195E+00	1000010010	7.02397E+02	1000010010	7.02397E+02
8.39957E+00	1000010010	2.94356E+00	1000010010	2.94356E+00
9.73349E+00	1000010010	8.38244E+01	1000010010	8.38244E+01
5.04414E+00	1000010010	1.69800E+01	1000010010	1.69800E+01
8.35440E+00	1000010010	8.19604E+01	1000010010	8.19604E+01
8.13484E+00	1000010010	4.42940E+01	1000010010	4.42940E+01
1.80842E-01	1000010010	5.24125E+01	1000010010	5.24125E+01
3.72647E+00	1000010010	3.62074E+02	1000010010	3.62074E+02
6.89154E+00	1000010010	2.49499E+00	1000010010	2.49499E+00
3.41641E+00	1000010010	1.90353E+02	1000010010	1.90353E+02
2.47003E+00	1000010010	1.77819E+02	1000010010	1.77819E+02
2.36767E+00	1000010010	1.26000E+00	1000010010	1.26000E+00
8.71184E+00	1000010010	2.47635E+00	1000010010	2.47635E+00
7.51309E+00	1000010010	4.21118E+02	1000010010	4.21118E+02
8.91003E+00	1000010010	4.21653E+00	1000010010	4.21653E+00
7.21798E+00	1000010010	9.09941E+02	1000010010	9.09941E+02
8.69715E+00	1000010010	4.40980E+01	1000010010	4.40980E+01
5.28255E+00	1000010010	2.17078E+01	1000010010	2.17078E+01
4.64267E-01	1000010010	1.62928E+02	1000010010	1.62928E+02
3.75950E+00	1000010010	7.51671E+01	1000010010	7.51671E+01
9.05358E+00	1000010010	4.40654E+00	1000010010	4.40654E+00
7.79844E+00	1000010010	1.48680E+02	1000010010	1.48680E+02
5.52413E+00	1000010010	9.93577E+02	1000010010	9.93577E+02
7.61685E+00	1000010010	4.92447E+00	1000010010	4.92447E+00
7.62382E+00	1000010010	5.51133E+00	1000010010	5.51133E+00
4.42774E+00	1000010010	2.75192E+01	1000010010	2.75192E+01
3.58793E+00	1000010010	6.73577E+00	1000010010	6.73577E+00
9.54168E+00	1000010010	1.31037E+02	1000010010	1.31037E+02
5.52736E+00	1000010010	6.73518E+00	1000010010	6.73518E+00
3.17454E-01	1000010010	1.75506E+01	1000010010	1.75506E+01
3.95717E+00	1000010010	1.50445E+00	1000010010	1.50445E+00
3.79462E+00	1000010010	8.07254E+02	1000010010	8.07254E+02
5.62908E-01	1000010010	6.48954E+02	1000010010	6.48954E+02
9.36422E+00	1000010010	1.25574E+02	1000010010	1.25574E+02
1.22977E+00	1000010010	2.59549E+00	1000010010	2.59549E+00
8.80208E+00	1000010010	1.97851E+01	1000010010	1.97851E+01
9.13955E+00	1000010010	1.42108E+01	1000010010	1.42108E+01
2.66553E-01	1000010010	8.10970E+00	1000010010	8.10970E+00
1.80984E+00	1000010010	1.19801E+01	1000010010	1.19801E+01
5.27004E+00	1000010010	9.46570E+00	1000010010	9.46570E+00
9.32863E+00	1000010010	7.46587E+01	1000010010	7.46587E+01
9.50699E-01	1000010010	9.37176E+01	1000010010	9.37176E+01
7.36362E+00	1000010010	1.30257E+02	1000010010	1.30257E+02
2.55014E+00	1000010010	3.34797E+01	1000010010	3.34797E+01
4.96499E+00	1000010010	2.80660E+02	1000010010	2.80660E+02
7.10854E+00	1000010010	2.09216E+00	1000010010	2.09216E+00
1.76348E+00	1000010010	3.74759E+00	1000010010	3.74759E+00
7.33981E+00	1000010010	7.12905E+01	1000010010	7.12905E+01
9.79075E-01	1000010010	6.85878E+01	1000010010	6.85878E+01
7.16048E+00	1000010010	1.65134E+00	1000010010	1.65134E+00
2.12419E+00	1000010010	5.31546E+01	1000010010	5.31546E+01
1.69339E+00	1000010010	3.35383E+01	1000010010	3.35383E+01
4.23391E+00	1000010010	3.71264E+02	1000010010	3.71264E+02
9.90283E+00	1000010010	8.93285E+01	1000010010	8.93285E+01
5.22020E+00	1000010010	2.09337E+01	1000010010	2.09337E+01
8.45977E+00	1000010010	4.50261E+01	1000010010	4.50261E+01
1.61833E+00	1000010010	1.20388E+00	1000010010	1.20388E+00
4.47257E-01	1000010010	6.91723E+02	1000010010	6.91723E+02
8.65674E+00	1000010010	2.19933E+01	1000010010	2.19933E+01
8.69537E+00	1000010010	2.49756E+00	1000010010	2.49756E+00
4.27591E+00	1000010010	1.98271E+00	1000010010	1.98271E+00
2.76377E+00	1000010010	6.12617E+02	1000010010	6.12617E+02
3.45674E+00	1000010010	9.65513E+01	1000010010	9.65513E+01
5.91207E+00	1000010010	3.89386E+02	1000010010	3.89386E+02
5.45530E-01	1000010010	2.15166E+00	1000010010	2.15166E+00
9.83166E+00	1000010010	5.46330E+00	1000010010	5.46330E+00
9.71490E+00	1000010010	2.47337E+01	1000010010	2.47337E+01
8.57572E+00	1000010010	1.97877E+01	1000010010	1.97877E+01
2.94072E+00	1000010010	2.30919E+01	1000010010	2.30919E+01
9.70639E+00	1000010010	2.32832E+01	1000010010	2.32832E+01
5.76198E+00	1000010010	4.89932E+01	1000010010	4.89932E+01
2.39448E+00	1000010010	1.01091E+00	1000010010	1.01091E+00
8.97085E+00	1000010010	2.57255E+01	1000010010	2.57255E+01
6.82369E+00	1000010010	2.23568E+02	1000010010	2.23568E+02
9.80184E+00	1000010010	3.83422E+00	1000010010	3.83422E+00
5.22915E+00	1000010010	2.44613E+00	1000010010	2.44613E+00
8.73715E+00	1000010010	2.14407E+00	1000010010	2.14407E+00
7.42376E+00	1000010010	1.61558E+01	1000010010	1.61558E+01
1.89883E+00	1000010010	1.59900E+02	1000010010	1.59900E+02
6.06087E-01	1000010010	1.30401E+00	1000010010	1.30401E+00
5.92842E+00	1000010010	1.15326E+00	1000010010	1.15326E+00
8.06564E+00	1000010010	2.23487E+01	1000010010	2.23487E+01
4.95962E+00	1000010010	1.19865E+01	1000010010	1.19865E+01
6.51149E+00	1000010010	1.62718E+01	1000010010	1.62718E+01
5.29959E+00	1000010010	1.36336E+01	1000010010	1.36336E+01
6.26075E+00	1000010010	6.94072E+01	1000010010	6.94072E+01
9.77112E+00	1000010010	2.67853E+00	1000010010	2.67853E+00
1.68063E+00	1000010010	9.16335E+02	1000010010	9.16335E+02
5.98838E+00	1000010010	5.40097E+02	1000010010	5.40097E+02
4.39796E+00	1000010010	3.05795E+01	1000010010	3.05795E+01
1.14976E-01	1000010010	1.39451E+00	1000010010	1.39451E+00
2.37542E+00	1000010010	1.56720E+00	1000010010	1.56720E+00
3.16074E+00	1000010010	2.90213E+02	1000010010	2.90213E+02
9.33919E+00	1000010010	3.04719E+01	1000010010	3.04719E+01
6.89974E+00	1000010010	9.50425E+00	1000010010	9.50425E+00
8.71179E+00	1000010010	2.63733E+01	1000010010	2.63733E+01
5.24312E+00	1000010010	7.99547E+00	1000010010	7.99547E+00
7.65794E+00	1000010010	7.28039E+02	1000010010	7.28039E+02
2.14232E+00	1000010010	9.04147E+00	1000010010	9.04147E+00
2.91610E+00	1000010010	3.46298E+02	1000010010	3.46298E+02
7.21906E-01	1000010010	1.38488E+02	1000010010	1.38488E+02
6.81292E+00	1000010010	4.74483E+01	1000010010	4.74483E+01
2.56689E+00	1000010010	3.19758E+00	1000010010	3.19758E+00
1.43814E+00	1000010010	2.19148E+01	1000010010	2.19148E+01
1.66652E+00	1000010010	2.00181E+01	1000010010	2.00181E+01
1.22564E+00	1000010010	6.50935E+00	1000010010	6.50935E+00
9.78661E+00	1000010010	5.88814E+01	1000010010	5.88814E+01
8.10775E+00	1000010010	2.04580E+02	1000010010	2.04580E+02
1.55627E+00	1000010010	7.17273E+01	1000010010	7.17273E+01
8.21457E+00	1000010010	6.95378E+01	1000010010	6.95378E+01
9.86913E+00	1000010010	4.46100E+00	1000010010	4.46100E+00
3.99521E+00	1000010010	4.31154E+02	1000010010	4.31154E+02
2.36140E-01	1000010010	9.95317E+02	1000010010	9.95317E+02
8.22697E+00	1000010010	1.60767E+01	1000010010	1.60767E+01
2.93053E+00	1000010010	1.85522E+00	1000010010	1.85522E+00
7.61654E-01	1000010010	3.65306E+00	1000010010	3.65306E+00
1.46434E+00	1000010010	5.58242E+01	1000010010	5.58242E+01
5.86193E+00	1000010010	1.67185E+02	1000010010	1.67185E+02
4.62333E+00	1000010010	1.44335E+02	1000010010	1.44335E+02
2.40318E+00	1000010010	5.28821E+01	1000010010	5.28821E+01
3.06669E-02	1000010010	1.23203E+00	1000010010	1.23203E+00
3.14652E+00	1000010010	4.35788E+02	1000010010	4.35788E+02
6.90219E+00	1000010010	5.65750E+01	1000010010	5.65750E+01
7.85823E+00	1000010010	6.18350E+02	1000010010	6.18350E+02
3.00978E+00	1000010010	6.47878E+02	1000010010	6.47878E+02
5.44493E+00	1000010010	1.03474E+01	1000010010	1.03474E+01
8.07119E+00	1000010010	5.99068E+01	1000010010	5.99068E+01
8.84069E-01	1000010010	8.39760E+01	1000010010	8.39760E+01
4.00407E-01	1000010010	2.67144E+01	1000010010	2.67144E+01
9.89666E+00	1000010010	1.06231E+01	1000010010	1.06231E+01
4.67676E+00	1000010010	1.88181E+00	1000010010	1.88181E+00
2.66792E+00	1000010010	1.55062E+02	1000010010	1.55062E+02
4.00047E+00	1000010010	7.72601E+02	1000010010	7.72601E+02
9.77324E+00	1000010010	1.53492E+00	1000010010	1.53492E+00
3.39028E+00	1000010010	3.08256E+00	1000010010	3.08256E+00
3.80124E+00	1000010010	2.86204E+00	1000010010	2.86204E+00
8.07526E+00	1000010010	5.35505E+02	1000010010	5.35505E+02
8.82449E+00	1000010010	5.04103E+01	1000010010	5.04103E+01
4.77990E+00	1000010010	3.65226E+02	1000010010	3.65226E+02
8.88415E+00	1000010010	3.75130E+02	1000010010	3.75130E+02
8.03517E+00	1000010010	8.67973E+01	1000010010	8.67973E+01
1.30259E+00	1000010010	5.47667E+00	1000010010	5.47667E+00
2.27754E+00	1000010010	6.62792E+00	1000010010	6.62792E+00
2.60054E+00	1000010010	4.45426E+01	1000010010	4.45426E+01
2.95578E+00	1000010010	1.81699E+00	1000010010	1.81699E+00
2.96192E+00	1000010010	3.35719E+00	1000010010	3.35719E+00
1.96959E+00	1000010010	1.48699E+00	1000010010	1.48699E+00
1.83235E+00	1000010010	1.03972E+01	1000010010	1.03972E+01
1.46419E+00	1000010010	1.85258E+01	1000010010	1.85258E+01
2.72346E+00	1000010010	6.07495E+00	1000010010	6.07495E+00
4.58423E+00	1000010010	8.19429E+00	1000010010	8.19429E+00
7.27525E+00	1000010010	6.09278E+00	1000010010	6.09278E+00
9.95167E+00	1000010010	2.15171E+02	1000010010	2.15171E+02
3.87043E+00	1000010010	1.46061E+02	1000010010	1.46061E+02
8.60864E+00	1000010010	3.75880E+01	1000010010	3.75880E+01
4.25604E+00	1000010010	3.40757E+01	1000010010	3.40757E+01
1.59187E+00	1000010010	3.49867E+02	1000010010	3.49867E+02
4.52045E+00	1000010010	2.33388E+01	1000010010	2.33388E+01
9.44121E+00	1000010010	1.15651E+00	1000010010	1.15651E+00
1.18794E+00	1000010010	7.29066E+02	1000010010	7.29066E+02
5.84652E+00	1000010010	1.10430E+02	1000010010	1.10430E+02
1.29491E-01	1000010010	1.18739E+01	1000010010	1.18739E+01
1.87132E-01	1000010010	3.03336E+00	1000010010	3.03336E+00
5.07507E+00	1000010010	2.30986E+00	1000010010	2.30986E+00
1.67351E+00	1000010010	8.01884E+02	1000010010	8.01884E+02
2.88848E+00	1000010010	5.00743E+00	1000010010	5.00743E+00
1.54033E+00	1000010010	2.73881E+00	1000010010	2.73881E+00
6.08617E+00	1000010010	6.54144E+01	1000010010	6.54144E+01
6.21471E+00	1000010010	6.44191E+01	1000010010	6.44191E+01
5.36972E+00	1000010010	2.44910E+01	1000010010	2.44910E+01
8.85727E+00	1000010010	2.71646E+01	1000010010	2.71646E+01
1.27057E+00	1000010010	4.09633E+02	1000010010	4.09633E+02
6.45905E+00	1000010010	5.56513E+01	1000010010	5.56513E+01
4.17637E+00	1000010010	3.08481E+02	1000010010	3.08481E+02
1.35518E+00	1000010010	3.07823E+00	1000010010	3.07823E+00
6.65022E+00	1000010010	1.44555E+02	1000010010	1.44555E+02
3.24258E+00	1000010010	4.30477E+00	1000010010	4.30477E+00
9.81039E-01	1000010010	1.22931E+02	1000010010	1.22931E+02
5.93302E+00	1000010010	2.27718E+02	1000010010	2.27718E+02
7.06340E+00	1000010010	1.99652E+01	1000010010	1.99652E+01
6.03171E+00	1000010010	2.41393E+00	1000010010	2.41393E+00
5.00286E+00	1000010010	4.75083E+02	1000010010	4.75083E+02
2.92132E+00	1000010010	2.11146E+00	1000010010	2.11146E+00
7.61204E-02	1000010010	1.17690E+00	1000010010	1.17690E+00
3.51594E+00	1000010010	2.41698E+02	1000010010	2.41698E+02
3.18291E+00	1000010010	1.28537E+01	1000010010	1.28537E+01
3.27125E+00	1000010010	1.48308E+00	1000010010	1.48308E+00
3.12730E+00	1000010010	2.67055E+01	1000010010	2.67055E+01
3.07008E+00	1000010010	2.03076E+01	1000010010	2.03076E+01
9.81560E+00	1000010010	4.84499E+02	1000010010	4.84499E+02
9.99244E+00	1000010010	6.58352E+02	1000010010	6.58352E+02
9.95880E+00	1000010010	2.41671E+01	1000010010	2.41671E+01
6.81897E+00	1000010010	1.24716E+01	1000010010	1.24716E+01
8.68037E+00	1000010010	1.58645E+01	1000010010	1.58645E+01
4.78740E+00	1000010010	1.30610E+00	1000010010	1.30610E+00
9.87252E+00	1000010010	1.16100E+02	1000010010	1.16100E+02
3.57160E+00	1000010010	7.26689E+02	1000010010	7.26689E+02
5.76312E+00	1000010010	1.53296E+00	1000010010	1.53296E+00
2.39465E+00	1000010010	1.12439E+01	1000010010	1.12439E+01
5.64512E-01	1000010010	2.76725E+01	1000010010	2.76725E+01
5.64292E+00	1000010010	3.42332E+01	1000010010	3.42332E+01
6.52523E+00	1000010010	1.63106E+00	1000010010	1.63106E+00
8.11311E-01	1000010010	2.91399E+00	1000010010	2.91399E+00
2.54705E+00	1000010010	1.01622E+02	1000010010	1.01622E+02
7.69736E+00	1000010010	1.49168E+02	1000010010	1.49168E+02
4.23811E+00	1000010010	2.30402E+02	1000010010	2.30402E+02
7.35035E+00	1000010010	5.26369E+00	1000010010	5.26369E+00
8.45971E+00	1000010010	6.20347E+00	1000010010	6.20347E+00
9.00604E+00	1000010010	5.16188E+01	1000010010	5.16188E+01
3.27796E-01	1000010010	1.90873E+02	1000010010	1.90873E+02
6.58704E-01	1000010010	3.90637E+02	1000010010	3.90637E+02
6.54822E+00	1000010010	4.33098E+01	1000010010	4.33098E+01
3.96623E+00	1000010010	1.34545E+01	1000010010	1.34545E+01
3.65921E+00	1000010010	3.08011E+01	1000010010	3.08011E+01
2.41895E+00	1000010010	1.91326E+00	1000010010	1.91326E+00
2.34670E+00	1000010010	2.13593E+02	1000010010	2.13593E+02
7.65849E+00	1000010010	1.61053E+02	1000010010	1.61053E+02
3.27099E+00	1000010010	2.68389E+01	1000010010	2.68389E+01
7.02829E+00	1000010010	2.47969E+00	1000010010	2.47969E+00
3.61763E+00	1000010010	8.16819E+00	1000010010	8.16819E+00
1.36730E+00	1000010010	1.01412E+00	1000010010	1.01412E+00
5.49596E+00	1000010010	3.06286E+01	1000010010	3.06286E+01
8.90980E+00	1000010010	3.79986E+00	1000010010	3.79986E+00
8.53104E+00	1000010010	4.77546E+01	1000010010	4.77546E+01
1.60182E+00	1000010010	1.62177E+01	1000010010	1.62177E+01
4.66056E-01	1000010010	1.80537E+02	1000010010	1.80537E+02
6.57903E+00	1000010010	1.26517E+00	1000010010	1.26517E+00
6.90951E+00	1000010010	8.13310E+02	1000010010	8.13310E+02
3.79333E+00	1000010010	1.05303E+02	1000010010	1.05303E+02
9.84364E+00	1000010010	3.69991E+01	1000010010	3.69991E+01
5.21688E+00	1000010010	2.95293E+02	1000010010	2.95293E+02
6.77089E+00	1000010010	5.71049E+01	1000010010	5.71049E+01
3.30716E+00	1000010010	1.06965E+00	1000010010	1.06965E+00
3.44813E+00	1000010010	2.73781E+01	1000010010	2.73781E+01
8.83561E+00	1000010010	2.58432E+02	1000010010	2.58432E+02
5.15184E+00	1000010010	5.34739E+02	1000010010	5.34739E+02
3.48572E+00	1000010010	5.58091E+00	1000010010	5.58091E+00
7.51822E+00	1000010010	1.73423E+02	1000010010	1.73423E+02
4.85518E+00	1000010010	1.21270E+00	1000010010	1.21270E+00
4.43870E+00	1000010010	3.11655E+01	1000010010	3.11655E+01
3.28183E-02	1000010010	7.44906E+00	1000010010	7.44906E+00
8.66806E+00	1000010010	7.48759E+01	1000010010	7.48759E+01
8.54092E+00	1000010010	2.54767E+00	1000010010	2.54767E+00
5.52394E-01	1000010010	1.89415E+02	1000010010	1.89415E+02
3.95183E+00	1000010010	7.12226E+00	1000010010	7.12226E+00
6.22072E+00	1000010010	8.21387E+02	1000010010	8.21387E+02
9.69242E+00	1000010010	1.03399E+00	1000010010	1.03399E+00
3.94158E-01	1000010010	8.47002E+00	1000010010	8.47002E+00
9.23388E+00	1000010010	4.05029E+00	1000010010	4.05029E+00
1.37572E-01	1000010010	5.67335E+01	1000010010	5.67335E+01
5.94215E+00	1000010010	1.76899E+01	1000010010	1.76899E+01
7.74182E+00	1000010010	2.23299E+02	1000010010	2.23299E+02
7.31237E+00	1000010010	9.66529E+00	1000010010	9.66529E+00
1.59795E-01	1000010010	2.09034E+01	1000010010	2.09034E+01
3.32075E+00	1000010010	1.34064E+01	1000010010	1.34064E+01
7.50781E+00	1000010010	4.31685E+00	1000010010	4.31685E+00
8.71570E-01	1000010010	6.80452E+00	1000010010	6.80452E+00
7.05421E+00	1000010010	9.62693E+00	1000010010	9.62693E+00
3.73861E+00	1000010010	6.88682E+02	1000010010	6.88682E+02
2.63231E-01	1000010010	2.11568E+01	1000010010	2.11568E+01
2.51023E+00	1000010010	8.13663E+01	1000010010	8.13663E+01
7.07017E+00	1000010010	4.23832E+01	1000010010	4.23832E+01
3.89479E+00	1000010010	2.07242E+02	1000010010	2.07242E+02
9.98602E+00	1000010010	4.70561E+00	1000010010	4.70561E+00
9.73909E+00	1000010010	1.30451E+00	1000010010	1.30451E+00
9.40792E+00	1000010010	1.39993E+02	1000010010	1.39993E+02
6.37609E-01	1000010010	1.57607E+02	1000010010	1.57607E+02
2.71076E+00	1000010010	7.39288E+01	1000010010	7.39288E+01
2.35654E+00	1000010010	1.21193E+00	1000010010	1.21193E+00
9.96973E+00	1000010010	1.99447E+00	1000010010	1.99447E+00
5.34054E+00	1000010010	7.06785E+00	1000010010	7.06785E+00
6.75751E+00	1000010010	5.96427E+01	1000010010	5.96427E+01
8.74722E+00	1000010010	1.67363E+02	1000010010	1.67363E+02
4.63003E+00	1000010010	1.27458E+02	1000010010	1.27458E+02
4.33939E+00	1000010010	3.10562E+02	1000010010	3.10562E+02
2.89798E+00	1000010010	2.46079E+00	1000010010	2.46079E+00
3.85572E+00	1000010010	4.55768E+02	1000010010	4.55768E+02
8.35177E-01	1000010010	2.27663E+01	1000010010	2.27663E+01
2.03820E+00	1000010010	1.92908E+00	1000010010	1.92908E+00
8.87138E+00	1000010010	1.60438E+02	1000010010	1.60438E+02
1.41809E-01	1000010010	2.99318E+00	1000010010	2.99318E+00
5.45683E+00	1000010010	3.20253E+02	1000010010	3.20253E+02
3.52751E+00	1000010010	2.16280E+00	1000010010	2.16280E+00
9.52693E+00	1000010010	2.64116E+00	1000010010	2.64116E+00
4.01815E+00	1000010010	2.33823E+00	1000010010	2.33823E+00
6.59426E+00	1000010010	1.43176E+01	1000010010	1.43176E+01
3.29128E+00	1000010010	1.13588E+02	1000010010	1.13588E+02
9.49249E+00	1000010010	9.35691E+02	1000010010	9.35691E+02
4.64942E+00	1000010010	2.75022E+02	1000010010	2.75022E+02
8.19603E+00	1000010010	2.36289E+00	1000010010	2.36289E+00
9.40721E+00	1000010010	2.04848E+00	1000010010	2.04848E+00
4.09047E+00	1000010010	7.56937E+02	1000010010	7.56937E+02
2.63043E+00	1000010010	1.88624E+02	1000010010	1.88624E+02
4.83754E-01	1000010010	5.72296E+00	1000010010	5.72296E+00
4.65315E+00	1000010010	3.39279E+01	1000010010	3.39279E+01
2.75874E-01	1000010010	1.51428E+01	1000010010	1.51428E+01
2.62709E+00	1000010010	1.64198E+00	1000010010	1.64198E+00
1.06453E+00	1000010010	2.48646E+01	1000010010	2.48646E+01
8.26237E+00	1000010010	1.60464E+01	1000010010	1.60464E+01
1.75746E+00	1000010010	1.27299E+01	1000010010	1.27299E+01
1.85650E+00	1000010010	2.03859E+00	1000010010	2.03859E+00
3.51450E+00	1000010010	4.72015E+02	1000010010	4.72015E+02
6.52695E+00	1000010010	4.99054E+01	1000010010	4.99054E+01
8.53045E+00	1000010010	2.83094E+02	1000010010	2.83094E+02
2.90113E+00	1000010010	1.28246E+02	1000010010	1.28246E+02
2.48120E+00	1000010010	9.26425E+01	1000010010	9.26425E+01
4.61883E+00	1000010010	3.14618E+01	1000010010	3.14618E+01
1.59047E-01	1000010010	1.15291E+02	1000010010	1.15291E+02
8.67061E+00	1000010010	1.22438E+01	1000010010	1.22438E+01
7.44440E+00	1000010010	1.06851E+01	1000010010	1.06851E+01
1.49032E+00	1000010010	2.74504E+02	1000010010	2.74504E+02
6.78559E+00	1000010010	4.33041E+02	1000010010	4.33041E+02
4.04342E+00	1000010010	6.56479E+01	1000010010	6.56479E+01
2.61172E+00	1000010010	1.12267E+00	1000010010	1.12267E+00
5.92471E+00	1000010010	4.82720E+01	1000010010	4.82720E+01
8.27355E+00	1000010010	1.49720E+00	1000010010	1.49720E+00
7.99419E+00	1000010010	2.76971E+01	1000010010	2.76971E+01
4.45365E+00	1000010010	2.63633E+02	1000010010	2.63633E+02
1.85744E+00	1000010010	7.36145E+02	1000010010	7.36145E+02
6.39580E-01	1000010010	1.18252E+02	1000010010	1.18252E+02
4.20759E-01	1000010010	3.08474E+01	1000010010	3.08474E+01
8.72215E+00	1000010010	9.83321E+02	1000010010	9.83321E+02
8.95235E+00	1000010010	2.75451E+00	1000010010	2.75451E+00
5.17760E-01	1000010010	2.82291E+02	1000010010	2.82291E+02
2.66073E+00	1000010010	6.27346E+02	1000010010	6.27346E+02
9.58888E+00	1000010010	6.58292E+01	1000010010	6.58292E+01
6.22410E+00	1000010010	1.07397E+00	1000010010	1.07397E+00
8.50382E+00	1000010010	2.46123E+00	1000010010	2.46123E+00
6.04733E+00	1000010010	1.85372E+00	1000010010	1.85372E+00
1.73955E+00	1000010010	7.09119E+02	1000010010	7.09119E+02
3.77707E+00	1000010010	1.90640E+00	1000010010	1.90640E+00
2.41109E+00	1000010010	2.26313E+00	1000010010	2.26313E+00
6.26482E+00	1000010010	3.09604E+00	1000010010	3.09604E+00
1.23164E-01	1000010010	4.00853E+02	1000010010	4.00853E+02
9.37535E+00	1000010010	1.56831E+01	1000010010	1.56831E+01
3.92270E+00	1000010010	8.44778E+00	1000010010	8.44778E+00
9.83894E+00	1000010010	2.49180E+02	1000010010	2.49180E+02
1.02734E+00	1000010010	2.18781E+01	1000010010	2.18781E+01
8.67863E+00	1000010010	1.56984E+00	1000010010	1.56984E+00
2.32300E+00	1000010010	5.03259E+02	1000010010	5.03259E+02
3.47705E+00	1000010010	4.63997E+01	1000010010	4.63997E+01
6.67826E+00	1000010010	1.23998E+01	1000010010	1.23998E+01
6.57171E+00	1000010010	1.35492E+01	1000010010	1.35492E+01
2.66927E+00	1000010010	7.49648E+01	1000010010	7.49648E+01
3.77123E+00	1000010010	1.11302E+01	1000010010	1.11302E+01
6.13208E+00	1000010010	6.62135E+00	1000010010	6.62135E+00
4.08531E-01	1000010010	1.56155E+02	1000010010	1.56155E+02
2.68464E+00	1000010010	4.04106E+01	1000010010	4.04106E+01
7.47729E+00	1000010010	1.49971E+00	1000010010	1.49971E+00
3.12465E+00	1000010010	2.51495E+01	1000010010	2.51495E+01
7.40155E-02	1000010010	1.03020E+02	1000010010	1.03020E+02
6.94817E+00	1000010010	2.08916E+00	1000010010	2.08916E+00
1.61523E+00	1000010010	7.06290E+00	1000010010	7.06290E+00
7.09626E+00	1000010010	4.81457E+00	1000010010	4.81457E+00
9.97254E+00	1000010010	6.63934E+01	1000010010	6.63934E+01
6.51533E-01	1000010010	1.71028E+01	1000010010	1.71028E+01
4.18759E+00	1000010010	3.30879E+02	1000010010	3.30879E+02
6.11427E+00	1000010010	1.03468E+01	1000010010	1.03468E+01
6.70079E+00	1000010010	3.65260E+00	1000010010	3.65260E+00
3.90378E+00	1000010010	3.27539E+02	1000010010	3.27539E+02
9.36569E+00	1000010010	7.79643E+00	1000010010	7.79643E+00
8.40979E-01	1000010010	2.67280E+02	1000010010	2.67280E+02
7.91824E-02	1000010010	4.53566E+02	1000010010	4.53566E+02
4.85383E+00	1000010010	1.11351E+01	1000010010	1.11351E+01
7.28439E+00	1000010010	1.69664E+00	1000010010	1.69664E+00
6.29667E+00	1000010010	1.42877E+01	1000010010	1.42877E+01
6.39296E+00	1000010010	6.66879E+02	1000010010	6.66879E+02
5.05457E+00	1000010010	3.19279E+02	1000010010	3.19279E+02
7.29076E+00	1000010010	2.67534E+00	1000010010	2.67534E+00
2.56228E+00	1000010010	2.22671E+02	1000010010	2.22671E+02
8.93915E+00	1000010010	1.09530E+01	1000010010	1.09530E+01
6.82552E+00	1000010010	9.17667E+01	1000010010	9.17667E+01
6.12162E-01	1000010010	6.39057E+01	1000010010	6.39057E+01
7.39487E+00	1000010010	2.54723E+01	1000010010	2.54723E+01
3.64820E+00	1000010010	6.83465E+01	1000010010	6.83465E+01
8.02992E+00	1000010010	4.63472E+01	1000010010	4.63472E+01
6.62746E+00	1000010010	5.06919E+01	1000010010	5.06919E+01
9.92895E+00	1000010010	2.23859E+00	1000010010	2.23859E+00
5.55840E+00	1000010010	2.88835E+00	1000010010	2.88835E+00
6.34355E-02	1000010010	7.63799E+01	1000010010	7.63799E+01
8.65072E+00	1000010010	2.31643E+01	1000010010	2.31643E+01
4.03475E+00	1000010010	3.11300E+02	1000010010	3.11300E+02
7.83945E+00	1000010010	2.49437E+00	1000010010	2.49437E+00
7.09810E+00	1000010010	2.11263E+02	1000010010	2.11263E+02
3.06528E+00	1000010010	3.03968E+02	1000010010	3.03968E+02
4.04985E+00	1000010010	4.83428E+01	1000010010	4.83428E+01
2.59927E+00	1000010010	9.98734E+00	1000010010	9.98734E+00
6.28496E-01	1000010010	4.91313E+00	1000010010	4.91313E+00
1.46631E+00	1000010010	1.09019E+02	1000010010	1.09019E+02
4.26331E-01	1000010010	4.39303E+00	1000010010	4.39303E+00
4.23543E+00	1000010010	1.74508E+01	1000010010	1.74508E+01
2.22847E+00	1000010010	1.57038E+00	1000010010	1.57038E+00
8.98506E+00	1000010010	4.20695E+01	1000010010	4.20695E+01
8.01903E-01	1000010010	1.18914E+00	1000010010	1.18914E+00
2.43097E+00	1000010010	3.15875E+00	1000010010	3.15875E+00
4.44201E+00	1000010010	1.17113E+02	1000010010	1.17113E+02
3.14269E+00	1000010010	1.04997E+01	1000010010	1.04997E+01
9.16013E+00	1000010010	1.53721E+00	1000010010	1.53721E+00
5.74673E+00	1000010010	1.13370E+02	1000010010	1.13370E+02
8.47947E+00	1000010010	1.71307E+00	1000010010	1.71307E+00
5.56614E+00	1000010010	1.04036E+02	1000010010	1.04036E+02
8.77280E+00	1000010010	2.10452E+02	1000010010	2.10452E+02
3.20537E-01	1000010010	2.60630E+00	1000010010	2.60630E+00
4.34087E-01	1000010010	5.88351E+02	1000010010	5.88351E+02
2.87485E+00	1000010010	1.31559E+01	1000010010	1.31559E+01
8.76228E+00	1000010010	6.87874E+00	1000010010	6.87874E+00
6.53583E+00	1000010010	1.09035E+02	1000010010	1.09035E+02
9.61564E+00	1000010010	2.48441E+01	1000010010	2.48441E+01
8.25093E+00	1000010010	1.56803E+02	1000010010	1.56803E+02
9.70467E+00	1000010010	9.12545E+01	1000010010	9.12545E+01
9.72600E+00	1000010010	1.09741E+00	1000010010	1.09741E+00
3.72373E+00	1000010010	7.66785E+01	1000010010	7.66785E+01
8.32484E-01	1000010010	2.12500E+01	1000010010	2.12500E+01
6.05018E+00	1000010010	2.55791E+00	1000010010	2.55791E+00
3.66969E+00	1000010010	6.86658E+00	1000010010	6.86658E+00
8.03731E+00	1000010010	2.86030E+01	1000010010	2.86030E+01
6.28964E+00	1000010010	3.16973E+00	1000010010	3.16973E+00
9.29862E+00	1000010010	6.99741E+01	1000010010	6.99741E+01
5.72018E+00	1000010010	2.92365E+02	1000010010	2.92365E+02
7.01396E+00	1000010010	1.06957E+00	1000010010	1.06957E+00
7.68912E+00	1000010010	2.36358E+01	1000010010	2.36358E+01
2.11494E+00	1000010010	2.62292E+02	1000010010	2.62292E+02
7.67238E+00	1000010010	2.65699E+02	1000010010	2.65699E+02
1.39536E+00	1000010010	1.07098E+01	1000010010	1.07098E+01
6.23698E-01	1000010010	4.70163E+00	1000010010	4.70163E+00
7.81236E+00	1000010010	5.20836E+00	1000010010	5.20836E+00
6.62359E+00	1000010010	4.91991E+02	1000010010	4.91991E+02
4.63751E+00	1000010010	7.00043E+00	1000010010	7.00043E+00
1.73874E+00	1000010010	1.16011E+00	1000010010	1.16011E+00
4.63611E+00	1000010010	7.64739E+02	1000010010	7.64739E+02
4.29505E+00	1000010010	2.85522E+00	1000010010	2.85522E+00
9.67104E+00	1000010010	1.15924E+00	1000010010	1.15924E+00
6.97023E+00	1000010010	1.93267E+02	1000010010	1.93267E+02
8.97054E+00	1000010010	5.55579E+01	1000010010	5.55579E+01
1.57042E+00	1000010010	9.18263E+00	1000010010	9.18263E+00
6.86718E+00	1000010010	1.49862E+02	1000010010	1.49862E+02
6.92369E+00	1000010010	1.81066E+01	1000010010	1.81066E+01
8.13328E+00	1000010010	9.92504E+02	1000010010	9.92504E+02
8.55951E+00	1000010010	1.65460E+02	1000010010	1.65460E+02
2.01111E+00	1000010010	6.84716E+00	1000010010	6.84716E+00
7.63731E+00	1000010010	9.63335E+02	1000010010	9.63335E+02
8.82370E+00	1000010010	2.36879E+01	1000010010	2.36879E+01
5.34138E+00	1000010010	6.37005E+01	1000010010	6.37005E+01
7.01103E+00	1000010010	7.02033E+01	1000010010	7.02033E+01
9.89024E+00	1000010010	6.59221E+00	1000010010	6.59221E+00
9.29968E+00	1000010010	1.38709E+01	1000010010	1.38709E+01
5.11353E+00	1000010010	1.34109E+02	1000010010	1.34109E+02
9.24881E+00	1000010010	5.70861E+02	1000010010	5.70861E+02
7.30135E+00	1000010010	7.33064E+02	1000010010	7.33064E+02
5.24929E+00	1000010010	2.70719E+00	1000010010	2.70719E+00
8.76871E+00	1000010010	2.13967E+01	1000010010	2.13967E+01
9.19354E+00	1000010010	8.36222E+02	1000010010	8.36222E+02
8.59800E+00	1000010010	7.07295E+01	1000010010	7.07295E+01
1.22434E+00	1000010010	2.19850E+01	1000010010	2.19850E+01
1.88553E+00	1000010010	1.05835E+00	1000010010	1.05835E+00
3.76976E+00	1000010010	3.96861E+02	1000010010	3.96861E+02
5.11884E+00	1000010010	2.88036E+00	1000010010	2.88036E+00
7.05866E+00	1000010010	1.87578E+01	1000010010	1.87578E+01
5.90414E+00	1000010010	5.73656E+01	1000010010	5.73656E+01
1.79244E+00	1000010010	2.10388E+02	1000010010	2.10388E+02
4.24264E+00	1000010010	4.38795E+00	1000010010	4.38795E+00
6.09671E+00	1000010010	1.16645E+00	1000010010	1.16645E+00
4.83456E+00	1000010010	7.02718E+01	1000010010	7.02718E+01
8.76261E-02	1000010010	1.54365E+02	1000010010	1.54365E+02
3.25661E+00	1000010010	5.79589E+01	1000010010	5.79589E+01
8.99928E+00	1000010010	2.86999E+00	1000010010	2.86999E+00
8.27266E-01	1000010010	2.55053E+00	1000010010	2.55053E+00
3.10485E+00	1000010010	4.34342E+00	1000010010	4.34342E+00
2.88386E+00	1000010010	8.14644E+02	1000010010	8.14644E+02
5.53100E-01	1000010010	2.15336E+00	1000010010	2.15336E+00
4.10343E+00	1000010010	6.13960E+02	1000010010	6.13960E+02
3.41532E+00	1000010010	1.90110E+02	1000010010	1.90110E+02
6.33854E-01	1000010010	1.69163E+01	1000010010	1.69163E+01
9.97487E+00	1000010010	2.70569E+01	1000010010	2.70569E+01
4.81677E+00	1000010010	7.08697E+01	1000010010	7.08697E+01
4.70251E+00	1000010010	7.95240E+01	1000010010	7.95240E+01
3.38735E+00	1000010010	8.54152E+01	1000010010	8.54152E+01
7.97199E+00	1000010010	4.49898E+02	1000010010	4.49898E+02
6.15351E+00	1000010010	1.56543E+00	1000010010	1.56543E+00
8.21789E+00	1000010010	2.22070E+00	1000010010	2.22070E+00
1.54871E+00	1000010010	3.01831E+00	1000010010	3.01831E+00
7.91205E+00	1000010010	1.38178E+01	1000010010	1.38178E+01
2.89722E+00	1000010010	7.83158E+00	1000010010	7.83158E+00
1.03050E+00	1000010010	4.64708E+00	1000010010	4.64708E+00
7.48985E+00	1000010010	4.55718E+02	1000010010	4.55718E+02
9.59101E+00	1000010010	3.67683E+01	1000010010	3.67683E+01
2.72038E+00	1000010010	8.80288E+02	1000010010	8.80288E+02
5.33876E-01	1000010010	2.24408E+02	1000010010	2.24408E+02
4.87702E+00	1000010010	5.83447E+02	1000010010	5.83447E+02
6.23957E+00	1000010010	6.97856E+01	1000010010	6.97856E+01
2.33303E+00	1000010010	1.43734E+02	1000010010	1.43734E+02
8.14941E+00	1000010010	7.50585E+02	1000010010	7.50585E+02
