#	D	ID	E	ID0	E0
#
# D             Trajectory length [1 Mpc]
# ID/ID0/ID1    Particle type (PDG MC numbering scheme)
# E/E0/E1       Energy [1 EeV]
# no index = current, 0 = at source, 1 = at point of creation
#
# CRPropa version: -128-NOTFOUND
#
2.93979E+02	1000010010	2.39186E+20	1000010010	2.39186E+20
5.90942E+02	1000010010	8.65292E+20	1000010010	8.65292E+20
9.73625E+02	1000010010	6.86049E+20	1000010010	6.86049E+20
1.49880E+02	1000010010	1.80248E+21	1000010010	1.80248E+21
6.41076E+02	1000010010	2.05419E+20	1000010010	2.05419E+20
3.03315E+03	1000010010	1.52749E+21	1000010010	1.52749E+21
2.76668E+02	1000010010	3.43374E+20	1000010010	3.43374E+20
1.77475E+03	1000010010	4.98573E+21	1000010010	4.98573E+21
6.20416E+03	1000010010	2.59195E+20	1000010010	2.59195E+20
3.82205E+03	1000010010	4.64432E+21	1000010010	4.64432E+21
2.01881E+03	1000010010	6.70540E+20	1000010010	6.70540E+20
2.43868E+03	1000010010	6.41086E+18	1000010010	6.41086E+18
6.32964E+03	1000010010	6.43901E+19	1000010010	6.43901E+19
1.55495E+03	1000010010	1.35839E+20	1000010010	1.35839E+20
2.44184E+03	1000010010	3.95671E+20	1000010010	3.95671E+20
7.59270E+03	1000010010	5.32605E+20	1000010010	5.32605E+20
9.17035E+03	1000010010	1.16821E+21	1000010010	1.16821E+21
3.04019E+03	1000010010	2.72128E+20	1000010010	2.72128E+20
6.04166E+03	1000010010	6.26443E+19	1000010010	6.26443E+19
3.01170E+03	1000010010	2.59974E+20	1000010010	2.59974E+20
2.08649E+03	1000010010	1.46643E+21	1000010010	1.46643E+21
6.83427E+03	1000010010	2.44896E+20	1000010010	2.44896E+20
1.88758E+03	1000010010	2.40065E+20	1000010010	2.40065E+20
4.91041E+03	1000010010	5.92103E+20	1000010010	5.92103E+20
3.93335E+03	1000010010	7.76309E+19	1000010010	7.76309E+19
5.53788E+03	1000010010	3.34784E+21	1000010010	3.34784E+21
7.74217E+03	1000010010	8.67715E+20	1000010010	8.67715E+20
5.44573E+02	1000010010	6.50109E+20	1000010010	6.50109E+20
5.78233E+03	1000010010	5.60337E+21	1000010010	5.60337E+21
4.66256E+03	1000010010	5.52980E+19	1000010010	5.52980E+19
1.37286E+03	1000010010	6.90504E+18	1000010010	6.90504E+18
3.95747E+03	1000010010	2.31144E+21	1000010010	2.31144E+21
9.84710E+02	1000010010	6.66274E+20	1000010010	6.66274E+20
1.18600E+03	1000010010	1.94766E+20	1000010010	1.94766E+20
5.12627E+03	1000010010	1.21947E+19	1000010010	1.21947E+19
5.45881E+03	1000010010	3.14461E+19	1000010010	3.14461E+19
4.64930E+02	1000010010	7.76107E+18	1000010010	7.76107E+18
3.34351E+03	1000010010	5.20124E+21	1000010010	5.20124E+21
3.96022E+03	1000010010	7.30014E+19	1000010010	7.30014E+19
2.55691E+03	1000010010	1.91972E+19	1000010010	1.91972E+19
3.28547E+03	1000010010	5.00906E+20	1000010010	5.00906E+20
5.17647E+03	1000010010	8.57995E+20	1000010010	8.57995E+20
8.01974E+02	1000010010	2.11021E+19	1000010010	2.11021E+19
1.54673E+03	1000010010	1.03119E+19	1000010010	1.03119E+19
4.80791E+02	1000010010	5.67024E+21	1000010010	5.67024E+21
2.89742E+03	1000010010	3.76118E+20	1000010010	3.76118E+20
4.70062E+02	1000010010	7.77169E+20	1000010010	7.77169E+20
8.46023E+03	1000010010	1.72465E+19	1000010010	1.72465E+19
2.93306E+03	1000010010	2.48121E+19	1000010010	2.48121E+19
8.08934E+02	1000010010	2.80059E+20	1000010010	2.80059E+20
6.31247E+03	1000010010	1.08011E+21	1000010010	1.08011E+21
1.32815E+03	1000010010	2.22654E+20	1000010010	2.22654E+20
9.67541E+03	1000010010	1.10145E+19	1000010010	1.10145E+19
6.02941E+03	1000010010	4.00642E+20	1000010010	4.00642E+20
1.59412E+02	1000010010	6.98913E+18	1000010010	6.98913E+18
2.65355E+03	1000010010	1.81427E+20	1000010010	1.81427E+20
6.85644E+03	1000010010	1.21404E+20	1000010010	1.21404E+20
5.20659E+03	1000010010	1.17116E+19	1000010010	1.17116E+19
5.22564E+03	1000010010	1.61001E+20	1000010010	1.61001E+20
7.44458E+03	1000010010	2.45599E+19	1000010010	2.45599E+19
7.11130E+03	1000010010	2.61810E+19	1000010010	2.61810E+19
7.38329E+03	1000010010	3.19516E+21	1000010010	3.19516E+21
2.66291E+03	1000010010	3.72439E+19	1000010010	3.72439E+19
9.54907E+02	1000010010	1.61175E+19	1000010010	1.61175E+19
7.54283E+02	1000010010	8.49964E+18	1000010010	8.49964E+18
6.07301E+03	1000010010	4.83272E+21	1000010010	4.83272E+21
9.17167E+03	1000010010	3.79465E+20	1000010010	3.79465E+20
5.34580E+03	1000010010	5.72626E+21	1000010010	5.72626E+21
4.25754E+03	1000010010	2.92825E+21	1000010010	2.92825E+21
2.30588E+03	1000010010	5.80251E+20	1000010010	5.80251E+20
6.22797E+03	1000010010	3.66682E+19	1000010010	3.66682E+19
1.68246E+03	1000010010	1.74276E+19	1000010010	1.74276E+19
4.33690E+03	1000010010	2.94736E+20	1000010010	2.94736E+20
4.36626E+02	1000010010	5.53020E+21	1000010010	5.53020E+21
2.19520E+03	1000010010	1.44035E+19	1000010010	1.44035E+19
2.94436E+03	1000010010	2.57328E+21	1000010010	2.57328E+21
4.01346E+03	1000010010	8.19135E+20	1000010010	8.19135E+20
2.32929E+03	1000010010	2.22238E+20	1000010010	2.22238E+20
4.26858E+03	1000010010	2.63875E+21	1000010010	2.63875E+21
7.45225E+03	1000010010	1.68252E+20	1000010010	1.68252E+20
3.39673E+03	1000010010	4.23866E+21	1000010010	4.23866E+21
3.14440E+03	1000010010	2.78629E+21	1000010010	2.78629E+21
4.73797E+03	1000010010	1.53630E+21	1000010010	1.53630E+21
8.74246E+03	1000010010	1.63795E+21	1000010010	1.63795E+21
1.37606E+03	1000010010	5.90438E+20	1000010010	5.90438E+20
5.06131E+03	1000010010	3.06176E+21	1000010010	3.06176E+21
7.50225E+02	1000010010	1.24301E+19	1000010010	1.24301E+19
4.09637E+03	1000010010	3.68932E+19	1000010010	3.68932E+19
3.37149E+03	1000010010	1.62518E+21	1000010010	1.62518E+21
3.95898E+03	1000010010	4.85430E+19	1000010010	4.85430E+19
6.92183E+03	1000010010	1.90450E+19	1000010010	1.90450E+19
4.11238E+03	1000010010	3.31750E+21	1000010010	3.31750E+21
7.77595E+02	1000010010	1.38226E+19	1000010010	1.38226E+19
1.14543E+02	1000010010	1.27776E+19	1000010010	1.27776E+19
4.41793E+03	1000010010	2.13427E+20	1000010010	2.13427E+20
1.73115E+03	1000010010	6.86007E+19	1000010010	6.86007E+19
2.43168E+03	1000010010	6.86544E+18	1000010010	6.86544E+18
3.10379E+03	1000010010	8.69911E+18	1000010010	8.69911E+18
1.18616E+03	1000010010	4.73104E+21	1000010010	4.73104E+21
2.46143E+02	1000010010	9.60138E+19	1000010010	9.60138E+19
2.91480E+03	1000010010	2.11241E+21	1000010010	2.11241E+21
1.45991E+02	1000010010	1.95728E+20	1000010010	1.95728E+20
6.15362E+03	1000010010	2.24668E+19	1000010010	2.24668E+19
2.42089E+03	1000010010	7.46570E+18	1000010010	7.46570E+18
3.93164E+02	1000010010	8.87694E+19	1000010010	8.87694E+19
6.02948E+03	1000010010	3.21966E+21	1000010010	3.21966E+21
1.07319E+03	1000010010	7.27449E+18	1000010010	7.27449E+18
2.95173E+02	1000010010	5.84186E+19	1000010010	5.84186E+19
4.53859E+03	1000010010	2.13925E+21	1000010010	2.13925E+21
4.16267E+03	1000010010	4.40539E+20	1000010010	4.40539E+20
3.70025E+03	1000010010	1.42053E+19	1000010010	1.42053E+19
4.07886E+02	1000010010	1.01194E+21	1000010010	1.01194E+21
1.97991E+03	1000010010	2.07497E+20	1000010010	2.07497E+20
6.43998E+03	1000010010	6.38893E+18	1000010010	6.38893E+18
1.72807E+02	1000010010	1.92443E+20	1000010010	1.92443E+20
6.09445E+03	1000010010	1.09053E+19	1000010010	1.09053E+19
3.60859E+03	1000010010	6.31974E+20	1000010010	6.31974E+20
9.72836E+03	1000010010	4.28278E+19	1000010010	4.28278E+19
2.21673E+03	1000010010	1.51013E+19	1000010010	1.51013E+19
9.86746E+03	1000010010	4.05287E+21	1000010010	4.05287E+21
4.87474E+03	1000010010	7.75846E+20	1000010010	7.75846E+20
7.11277E+02	1000010010	1.56160E+20	1000010010	1.56160E+20
1.44769E+03	1000010010	3.03980E+21	1000010010	3.03980E+21
2.91465E+02	1000010010	2.98220E+21	1000010010	2.98220E+21
2.08141E+03	1000010010	2.79564E+20	1000010010	2.79564E+20
6.60466E+03	1000010010	1.24100E+21	1000010010	1.24100E+21
1.25843E+03	1000010010	1.30614E+20	1000010010	1.30614E+20
2.57497E+03	1000010010	4.04796E+19	1000010010	4.04796E+19
1.46092E+03	1000010010	1.28098E+19	1000010010	1.28098E+19
1.89760E+03	1000010010	9.72576E+19	1000010010	9.72576E+19
4.11307E+03	1000010010	3.57604E+19	1000010010	3.57604E+19
1.39719E+03	1000010010	5.54914E+21	1000010010	5.54914E+21
8.04370E+02	1000010010	6.30961E+19	1000010010	6.30961E+19
1.31740E+03	1000010010	6.02535E+19	1000010010	6.02535E+19
3.69413E+03	1000010010	1.34965E+19	1000010010	1.34965E+19
2.90134E+03	1000010010	3.41764E+21	1000010010	3.41764E+21
5.84204E+03	1000010010	1.92147E+20	1000010010	1.92147E+20
1.58828E+02	1000010010	1.58996E+20	1000010010	1.58996E+20
7.66321E+03	1000010010	2.66093E+21	1000010010	2.66093E+21
9.08543E+02	1000010010	1.88608E+19	1000010010	1.88608E+19
9.10276E+03	1000010010	1.25972E+21	1000010010	1.25972E+21
3.51553E+03	1000010010	1.40863E+20	1000010010	1.40863E+20
1.33325E+03	1000010010	1.05104E+20	1000010010	1.05104E+20
2.28104E+03	1000010010	3.75348E+20	1000010010	3.75348E+20
3.02342E+03	1000010010	8.62026E+18	1000010010	8.62026E+18
4.25423E+03	1000010010	1.98943E+20	1000010010	1.98943E+20
1.23942E+03	1000010010	9.97122E+18	1000010010	9.97122E+18
5.30921E+03	1000010010	1.26662E+21	1000010010	1.26662E+21
2.63948E+03	1000010010	2.35819E+19	1000010010	2.35819E+19
3.36290E+03	1000010010	2.18887E+21	1000010010	2.18887E+21
2.00466E+03	1000010010	1.19092E+21	1000010010	1.19092E+21
6.55032E+03	1000010010	6.39745E+20	1000010010	6.39745E+20
4.80112E+03	1000010010	1.70703E+19	1000010010	1.70703E+19
2.14619E+03	1000010010	1.31551E+19	1000010010	1.31551E+19
2.37831E+03	1000010010	8.81063E+18	1000010010	8.81063E+18
6.24577E+03	1000010010	1.91415E+19	1000010010	1.91415E+19
4.73676E+03	1000010010	1.02413E+21	1000010010	1.02413E+21
3.29241E+03	1000010010	2.13638E+20	1000010010	2.13638E+20
9.49395E+03	1000010010	7.85542E+19	1000010010	7.85542E+19
8.12026E+02	1000010010	2.26435E+19	1000010010	2.26435E+19
6.24891E+03	1000010010	7.19635E+20	1000010010	7.19635E+20
3.27788E+03	1000010010	2.32662E+21	1000010010	2.32662E+21
5.69673E+03	1000010010	2.05868E+19	1000010010	2.05868E+19
4.47560E+03	1000010010	1.29275E+21	1000010010	1.29275E+21
1.84819E+03	1000010010	8.78682E+18	1000010010	8.78682E+18
5.77214E+03	1000010010	1.06230E+20	1000010010	1.06230E+20
1.36842E+03	1000010010	3.67535E+21	1000010010	3.67535E+21
1.17072E+03	1000010010	2.77222E+21	1000010010	2.77222E+21
8.66456E+03	1000010010	1.09448E+20	1000010010	1.09448E+20
1.19282E+03	1000010010	1.46747E+20	1000010010	1.46747E+20
1.41414E+03	1000010010	4.61114E+21	1000010010	4.61114E+21
5.91360E+03	1000010010	5.00207E+21	1000010010	5.00207E+21
8.39511E+02	1000010010	2.37712E+20	1000010010	2.37712E+20
6.68615E+03	1000010010	4.19546E+20	1000010010	4.19546E+20
2.71360E+03	1000010010	9.68024E+18	1000010010	9.68024E+18
2.16362E+03	1000010010	2.75888E+20	1000010010	2.75888E+20
7.03142E+03	1000010010	2.87559E+19	1000010010	2.87559E+19
4.60518E+02	1000010010	1.98165E+21	1000010010	1.98165E+21
4.28650E+03	1000010010	2.08099E+20	1000010010	2.08099E+20
3.38127E+02	1000010010	3.33166E+20	1000010010	3.33166E+20
4.17353E+02	1000010010	1.83755E+19	1000010010	1.83755E+19
5.89648E+03	1000010010	2.71804E+20	1000010010	2.71804E+20
3.21824E+03	1000010010	2.13349E+19	1000010010	2.13349E+19
4.30390E+03	1000010010	4.53396E+20	1000010010	4.53396E+20
4.96184E+03	1000010010	4.12646E+20	1000010010	4.12646E+20
3.84491E+03	1000010010	4.49523E+20	1000010010	4.49523E+20
3.22123E+03	1000010010	2.93030E+19	1000010010	2.93030E+19
4.33751E+03	1000010010	9.60890E+19	1000010010	9.60890E+19
1.10617E+03	1000010010	1.64845E+21	1000010010	1.64845E+21
4.30621E+03	1000010010	4.45377E+20	1000010010	4.45377E+20
1.21334E+02	1000010010	2.01930E+19	1000010010	2.01930E+19
3.45878E+03	1000010010	7.67668E+19	1000010010	7.67668E+19
6.64210E+03	1000010010	1.27949E+19	1000010010	1.27949E+19
7.11437E+03	1000010010	1.72384E+19	1000010010	1.72384E+19
5.09976E+03	1000010010	9.44850E+19	1000010010	9.44850E+19
9.57604E+03	1000010010	4.45791E+21	1000010010	4.45791E+21
4.41783E+03	1000010010	4.08341E+19	1000010010	4.08341E+19
6.61559E+03	1000010010	2.01249E+20	1000010010	2.01249E+20
4.07033E+03	1000010010	1.67812E+20	1000010010	1.67812E+20
4.04157E+03	1000010010	2.55697E+19	1000010010	2.55697E+19
8.40188E+02	1000010010	7.68860E+20	1000010010	7.68860E+20
6.33520E+02	1000010010	5.03878E+21	1000010010	5.03878E+21
4.63824E+03	1000010010	4.15190E+21	1000010010	4.15190E+21
7.28609E+02	1000010010	8.48357E+18	1000010010	8.48357E+18
4.39976E+03	1000010010	2.86604E+20	1000010010	2.86604E+20
5.73081E+03	1000010010	2.73930E+21	1000010010	2.73930E+21
1.25616E+03	1000010010	4.59788E+20	1000010010	4.59788E+20
6.23294E+03	1000010010	2.20251E+21	1000010010	2.20251E+21
1.32187E+03	1000010010	3.18520E+19	1000010010	3.18520E+19
2.13425E+03	1000010010	9.02312E+20	1000010010	9.02312E+20
2.63243E+03	1000010010	3.75285E+21	1000010010	3.75285E+21
4.80526E+03	1000010010	9.30735E+18	1000010010	9.30735E+18
2.64852E+02	1000010010	5.35925E+19	1000010010	5.35925E+19
3.26332E+03	1000010010	4.15652E+21	1000010010	4.15652E+21
4.04750E+03	1000010010	6.83189E+18	1000010010	6.83189E+18
1.27301E+03	1000010010	3.14306E+19	1000010010	3.14306E+19
4.27018E+02	1000010010	1.51812E+20	1000010010	1.51812E+20
1.90085E+03	1000010010	1.06970E+20	1000010010	1.06970E+20
5.11593E+03	1000010010	6.68014E+19	1000010010	6.68014E+19
6.03453E+03	1000010010	5.21937E+19	1000010010	5.21937E+19
2.66763E+03	1000010010	1.61327E+19	1000010010	1.61327E+19
9.21542E+03	1000010010	2.58891E+19	1000010010	2.58891E+19
3.04084E+03	1000010010	3.90178E+20	1000010010	3.90178E+20
4.38368E+03	1000010010	1.24808E+19	1000010010	1.24808E+19
5.11653E+03	1000010010	6.27753E+20	1000010010	6.27753E+20
2.76604E+03	1000010010	7.37378E+19	1000010010	7.37378E+19
4.38633E+03	1000010010	3.73525E+19	1000010010	3.73525E+19
5.05043E+03	1000010010	8.95642E+19	1000010010	8.95642E+19
3.14798E+02	1000010010	1.87922E+21	1000010010	1.87922E+21
7.26154E+03	1000010010	1.54462E+19	1000010010	1.54462E+19
4.92848E+03	1000010010	5.41865E+21	1000010010	5.41865E+21
8.89265E+03	1000010010	8.08847E+18	1000010010	8.08847E+18
8.55485E+02	1000010010	6.18331E+21	1000010010	6.18331E+21
4.21277E+03	1000010010	6.21447E+19	1000010010	6.21447E+19
6.93375E+03	1000010010	9.33430E+20	1000010010	9.33430E+20
4.12535E+03	1000010010	1.82037E+19	1000010010	1.82037E+19
2.04008E+03	1000010010	1.05889E+21	1000010010	1.05889E+21
7.19652E+03	1000010010	3.73460E+21	1000010010	3.73460E+21
7.86565E+03	1000010010	1.71779E+21	1000010010	1.71779E+21
8.06509E+03	1000010010	1.42329E+21	1000010010	1.42329E+21
5.37586E+03	1000010010	1.11501E+19	1000010010	1.11501E+19
3.08166E+03	1000010010	6.62505E+19	1000010010	6.62505E+19
4.88105E+03	1000010010	5.48648E+21	1000010010	5.48648E+21
1.28976E+03	1000010010	2.65842E+19	1000010010	2.65842E+19
4.30341E+03	1000010010	1.10587E+19	1000010010	1.10587E+19
2.29425E+03	1000010010	1.21759E+19	1000010010	1.21759E+19
1.57517E+03	1000010010	1.26298E+19	1000010010	1.26298E+19
5.98640E+03	1000010010	3.78947E+20	1000010010	3.78947E+20
4.56243E+02	1000010010	1.64170E+19	1000010010	1.64170E+19
5.61811E+02	1000010010	2.00648E+20	1000010010	2.00648E+20
6.52976E+03	1000010010	8.08671E+20	1000010010	8.08671E+20
4.19112E+03	1000010010	1.15224E+21	1000010010	1.15224E+21
2.91841E+03	1000010010	2.87852E+19	1000010010	2.87852E+19
4.44278E+03	1000010010	1.29104E+19	1000010010	1.29104E+19
5.94901E+03	1000010010	6.57036E+20	1000010010	6.57036E+20
2.39393E+03	1000010010	2.59165E+21	1000010010	2.59165E+21
1.56680E+03	1000010010	1.37944E+19	1000010010	1.37944E+19
6.39424E+03	1000010010	8.58649E+19	1000010010	8.58649E+19
6.62772E+02	1000010010	1.92151E+19	1000010010	1.92151E+19
3.49515E+03	1000010010	2.40056E+21	1000010010	2.40056E+21
2.73590E+03	1000010010	2.57207E+21	1000010010	2.57207E+21
1.90568E+03	1000010010	8.99402E+20	1000010010	8.99402E+20
1.81185E+03	1000010010	3.30622E+19	1000010010	3.30622E+19
4.20216E+02	1000010010	7.44170E+20	1000010010	7.44170E+20
3.58135E+03	1000010010	6.07251E+21	1000010010	6.07251E+21
6.23545E+03	1000010010	3.27699E+19	1000010010	3.27699E+19
3.51202E+03	1000010010	1.96927E+19	1000010010	1.96927E+19
9.61409E+03	1000010010	2.34202E+19	1000010010	2.34202E+19
2.84149E+02	1000010010	1.86170E+21	1000010010	1.86170E+21
6.29747E+03	1000010010	7.53543E+19	1000010010	7.53543E+19
6.69279E+03	1000010010	7.66421E+20	1000010010	7.66421E+20
2.54748E+03	1000010010	9.74974E+20	1000010010	9.74974E+20
5.00127E+03	1000010010	1.76528E+21	1000010010	1.76528E+21
1.87293E+03	1000010010	1.40195E+19	1000010010	1.40195E+19
2.50075E+02	1000010010	7.37440E+20	1000010010	7.37440E+20
5.33394E+03	1000010010	1.40403E+20	1000010010	1.40403E+20
1.74879E+03	1000010010	2.83995E+20	1000010010	2.83995E+20
3.72330E+02	1000010010	9.88586E+19	1000010010	9.88586E+19
3.44523E+03	1000010010	3.96816E+20	1000010010	3.96816E+20
1.68618E+03	1000010010	1.54049E+19	1000010010	1.54049E+19
4.18336E+03	1000010010	4.00891E+21	1000010010	4.00891E+21
4.91325E+03	1000010010	1.04280E+20	1000010010	1.04280E+20
3.48315E+03	1000010010	7.03468E+18	1000010010	7.03468E+18
6.07646E+02	1000010010	6.06590E+21	1000010010	6.06590E+21
1.35783E+03	1000010010	3.59758E+20	1000010010	3.59758E+20
1.11827E+03	1000010010	3.08043E+21	1000010010	3.08043E+21
5.36742E+03	1000010010	4.70441E+20	1000010010	4.70441E+20
4.02284E+03	1000010010	3.22004E+21	1000010010	3.22004E+21
4.94145E+03	1000010010	1.73560E+20	1000010010	1.73560E+20
1.95579E+03	1000010010	3.74435E+21	1000010010	3.74435E+21
1.25523E+03	1000010010	2.48837E+19	1000010010	2.48837E+19
5.88575E+03	1000010010	2.17650E+20	1000010010	2.17650E+20
2.24632E+03	1000010010	3.25656E+20	1000010010	3.25656E+20
8.23153E+02	1000010010	1.69158E+20	1000010010	1.69158E+20
2.16969E+02	1000010010	3.45027E+19	1000010010	3.45027E+19
4.65146E+03	1000010010	5.51737E+20	1000010010	5.51737E+20
2.56300E+03	1000010010	9.51236E+20	1000010010	9.51236E+20
4.31343E+03	1000010010	1.70412E+20	1000010010	1.70412E+20
5.51074E+03	1000010010	2.07216E+21	1000010010	2.07216E+21
1.95803E+03	1000010010	1.54958E+20	1000010010	1.54958E+20
5.08805E+02	1000010010	6.59032E+19	1000010010	6.59032E+19
8.51288E+02	1000010010	4.22995E+20	1000010010	4.22995E+20
3.89480E+02	1000010010	3.77536E+19	1000010010	3.77536E+19
4.33730E+03	1000010010	1.45570E+20	1000010010	1.45570E+20
1.54182E+03	1000010010	5.64260E+20	1000010010	5.64260E+20
1.74101E+02	1000010010	2.12600E+21	1000010010	2.12600E+21
2.70421E+03	1000010010	2.18847E+20	1000010010	2.18847E+20
6.26807E+03	1000010010	3.09059E+20	1000010010	3.09059E+20
2.85095E+02	1000010010	3.32842E+21	1000010010	3.32842E+21
7.09045E+03	1000010010	1.59705E+19	1000010010	1.59705E+19
7.30116E+03	1000010010	1.41211E+21	1000010010	1.41211E+21
1.46806E+03	1000010010	9.13101E+20	1000010010	9.13101E+20
9.36790E+03	1000010010	3.17809E+21	1000010010	3.17809E+21
1.10955E+03	1000010010	1.41819E+21	1000010010	1.41819E+21
2.02880E+03	1000010010	7.47655E+20	1000010010	7.47655E+20
3.87793E+03	1000010010	8.41313E+18	1000010010	8.41313E+18
2.33940E+03	1000010010	8.61835E+20	1000010010	8.61835E+20
5.51025E+03	1000010010	9.84434E+20	1000010010	9.84434E+20
7.40930E+03	1000010010	2.49037E+19	1000010010	2.49037E+19
1.40733E+02	1000010010	4.61064E+19	1000010010	4.61064E+19
6.93571E+03	1000010010	6.35573E+18	1000010010	6.35573E+18
1.52449E+03	1000010010	3.34470E+20	1000010010	3.34470E+20
3.81631E+03	1000010010	1.89741E+21	1000010010	1.89741E+21
5.44377E+02	1000010010	1.04048E+20	1000010010	1.04048E+20
2.07549E+03	1000010010	3.29852E+19	1000010010	3.29852E+19
7.80509E+03	1000010010	2.29280E+19	1000010010	2.29280E+19
1.03108E+03	1000010010	7.88227E+19	1000010010	7.88227E+19
3.93093E+03	1000010010	1.17670E+20	1000010010	1.17670E+20
3.65903E+03	1000010010	2.77695E+19	1000010010	2.77695E+19
4.95981E+02	1000010010	5.84853E+21	1000010010	5.84853E+21
1.62873E+03	1000010010	5.28201E+21	1000010010	5.28201E+21
1.20923E+02	1000010010	3.50162E+21	1000010010	3.50162E+21
2.04731E+03	1000010010	1.28840E+20	1000010010	1.28840E+20
7.03250E+03	1000010010	1.42166E+20	1000010010	1.42166E+20
6.22000E+03	1000010010	1.06331E+19	1000010010	1.06331E+19
1.14516E+03	1000010010	3.93225E+20	1000010010	3.93225E+20
3.63496E+03	1000010010	8.58195E+18	1000010010	8.58195E+18
5.95032E+03	1000010010	5.26108E+21	1000010010	5.26108E+21
3.24123E+03	1000010010	8.91505E+19	1000010010	8.91505E+19
5.66544E+03	1000010010	3.30572E+20	1000010010	3.30572E+20
4.10303E+02	1000010010	3.50786E+20	1000010010	3.50786E+20
1.12189E+03	1000010010	2.30513E+21	1000010010	2.30513E+21
2.49583E+03	1000010010	1.50171E+19	1000010010	1.50171E+19
5.16741E+02	1000010010	2.46905E+21	1000010010	2.46905E+21
2.77876E+02	1000010010	2.04183E+21	1000010010	2.04183E+21
9.06093E+03	1000010010	4.99664E+19	1000010010	4.99664E+19
3.16240E+03	1000010010	1.67684E+21	1000010010	1.67684E+21
1.92812E+03	1000010010	1.15822E+20	1000010010	1.15822E+20
4.47865E+03	1000010010	2.89839E+19	1000010010	2.89839E+19
9.95753E+03	1000010010	1.05246E+21	1000010010	1.05246E+21
5.47840E+03	1000010010	1.76844E+21	1000010010	1.76844E+21
5.73884E+03	1000010010	1.18843E+21	1000010010	1.18843E+21
1.18590E+02	1000010010	2.12562E+20	1000010010	2.12562E+20
2.30997E+03	1000010010	6.44875E+19	1000010010	6.44875E+19
5.77864E+02	1000010010	2.18973E+19	1000010010	2.18973E+19
5.41146E+02	1000010010	6.04383E+21	1000010010	6.04383E+21
8.20686E+03	1000010010	1.26021E+19	1000010010	1.26021E+19
9.78093E+03	1000010010	4.72452E+21	1000010010	4.72452E+21
3.02695E+03	1000010010	7.30215E+20	1000010010	7.30215E+20
3.79251E+02	1000010010	6.88991E+20	1000010010	6.88991E+20
9.07569E+02	1000010010	7.88757E+18	1000010010	7.88757E+18
5.97145E+02	1000010010	8.78783E+18	1000010010	8.78783E+18
8.14126E+03	1000010010	5.20738E+20	1000010010	5.20738E+20
7.23307E+03	1000010010	1.98671E+21	1000010010	1.98671E+21
1.20502E+03	1000010010	1.62638E+21	1000010010	1.62638E+21
1.70749E+03	1000010010	1.92459E+20	1000010010	1.92459E+20
1.21454E+03	1000010010	7.38673E+18	1000010010	7.38673E+18
1.93096E+03	1000010010	6.38426E+18	1000010010	6.38426E+18
7.41700E+02	1000010010	2.72297E+19	1000010010	2.72297E+19
1.64534E+03	1000010010	1.69094E+21	1000010010	1.69094E+21
4.88346E+03	1000010010	1.32539E+20	1000010010	1.32539E+20
6.79749E+03	1000010010	1.91659E+19	1000010010	1.91659E+19
2.41361E+03	1000010010	1.19068E+20	1000010010	1.19068E+20
7.58240E+03	1000010010	1.84640E+21	1000010010	1.84640E+21
1.78578E+03	1000010010	7.99492E+19	1000010010	7.99492E+19
3.47077E+03	1000010010	6.49797E+18	1000010010	6.49797E+18
1.33576E+03	1000010010	5.65475E+21	1000010010	5.65475E+21
5.16031E+02	1000010010	5.53640E+21	1000010010	5.53640E+21
1.87977E+03	1000010010	1.39015E+19	1000010010	1.39015E+19
1.90721E+03	1000010010	2.03540E+20	1000010010	2.03540E+20
5.61360E+03	1000010010	2.09637E+21	1000010010	2.09637E+21
1.70340E+03	1000010010	3.20887E+21	1000010010	3.20887E+21
7.67504E+02	1000010010	3.74050E+20	1000010010	3.74050E+20
5.18736E+03	1000010010	2.44394E+20	1000010010	2.44394E+20
2.75244E+03	1000010010	5.30374E+20	1000010010	5.30374E+20
1.89018E+03	1000010010	8.41202E+20	1000010010	8.41202E+20
1.13513E+03	1000010010	1.05792E+19	1000010010	1.05792E+19
2.79048E+03	1000010010	5.97647E+19	1000010010	5.97647E+19
5.13781E+03	1000010010	4.24409E+21	1000010010	4.24409E+21
8.26571E+03	1000010010	2.79353E+21	1000010010	2.79353E+21
3.40231E+02	1000010010	7.11059E+19	1000010010	7.11059E+19
7.66539E+02	1000010010	1.45580E+19	1000010010	1.45580E+19
2.36511E+03	1000010010	4.32323E+21	1000010010	4.32323E+21
3.35677E+03	1000010010	2.49424E+19	1000010010	2.49424E+19
2.60516E+03	1000010010	1.50332E+21	1000010010	1.50332E+21
6.48305E+03	1000010010	2.42657E+19	1000010010	2.42657E+19
7.70137E+03	1000010010	1.13610E+20	1000010010	1.13610E+20
4.92253E+03	1000010010	3.10699E+21	1000010010	3.10699E+21
8.70173E+03	1000010010	1.21217E+20	1000010010	1.21217E+20
5.92504E+02	1000010010	1.68095E+21	1000010010	1.68095E+21
2.48344E+03	1000010010	3.55108E+20	1000010010	3.55108E+20
5.58226E+03	1000010010	7.48759E+19	1000010010	7.48759E+19
2.28872E+03	1000010010	3.79224E+20	1000010010	3.79224E+20
1.12665E+03	1000010010	1.89832E+19	1000010010	1.89832E+19
7.37613E+03	1000010010	1.16423E+19	1000010010	1.16423E+19
3.36618E+03	1000010010	8.86719E+19	1000010010	8.86719E+19
3.82406E+03	1000010010	2.36574E+20	1000010010	2.36574E+20
4.61211E+03	1000010010	1.41811E+21	1000010010	1.41811E+21
2.91687E+03	1000010010	1.44351E+21	1000010010	1.44351E+21
7.10626E+03	1000010010	1.44983E+21	1000010010	1.44983E+21
1.08322E+03	1000010010	1.40088E+20	1000010010	1.40088E+20
2.45070E+03	1000010010	8.35960E+18	1000010010	8.35960E+18
3.07216E+03	1000010010	1.04697E+20	1000010010	1.04697E+20
6.42028E+03	1000010010	1.22763E+20	1000010010	1.22763E+20
6.48761E+03	1000010010	3.16255E+20	1000010010	3.16255E+20
1.47737E+03	1000010010	1.87267E+20	1000010010	1.87267E+20
3.75428E+03	1000010010	2.82407E+19	1000010010	2.82407E+19
9.28672E+02	1000010010	2.90473E+21	1000010010	2.90473E+21
3.71456E+03	1000010010	1.40809E+19	1000010010	1.40809E+19
1.95993E+03	1000010010	1.57258E+19	1000010010	1.57258E+19
7.48101E+03	1000010010	1.64000E+20	1000010010	1.64000E+20
4.25169E+02	1000010010	4.08166E+21	1000010010	4.08166E+21
6.52041E+03	1000010010	1.49097E+21	1000010010	1.49097E+21
3.09412E+03	1000010010	7.79678E+18	1000010010	7.79678E+18
8.04305E+03	1000010010	2.92002E+21	1000010010	2.92002E+21
5.39607E+02	1000010010	2.14957E+21	1000010010	2.14957E+21
8.75022E+02	1000010010	6.90345E+19	1000010010	6.90345E+19
7.62884E+03	1000010010	1.92721E+21	1000010010	1.92721E+21
2.22577E+02	1000010010	3.51051E+21	1000010010	3.51051E+21
3.62806E+03	1000010010	9.05471E+20	1000010010	9.05471E+20
7.99386E+03	1000010010	7.52341E+19	1000010010	7.52341E+19
6.51436E+02	1000010010	7.00122E+20	1000010010	7.00122E+20
2.10046E+03	1000010010	7.58128E+19	1000010010	7.58128E+19
8.47909E+02	1000010010	2.07126E+19	1000010010	2.07126E+19
7.05621E+03	1000010010	8.21139E+19	1000010010	8.21139E+19
1.06695E+03	1000010010	3.09898E+19	1000010010	3.09898E+19
7.87863E+02	1000010010	1.40487E+20	1000010010	1.40487E+20
6.71302E+03	1000010010	7.36451E+20	1000010010	7.36451E+20
5.99961E+03	1000010010	1.00893E+20	1000010010	1.00893E+20
1.97192E+02	1000010010	6.52006E+20	1000010010	6.52006E+20
2.44132E+03	1000010010	8.45302E+19	1000010010	8.45302E+19
1.38200E+03	1000010010	5.79918E+21	1000010010	5.79918E+21
4.17010E+03	1000010010	2.05344E+21	1000010010	2.05344E+21
9.27528E+03	1000010010	2.66372E+20	1000010010	2.66372E+20
2.33045E+03	1000010010	1.55535E+19	1000010010	1.55535E+19
1.39082E+03	1000010010	2.08612E+19	1000010010	2.08612E+19
3.50062E+03	1000010010	2.14098E+19	1000010010	2.14098E+19
3.74887E+03	1000010010	1.13604E+20	1000010010	1.13604E+20
1.81850E+03	1000010010	6.22744E+21	1000010010	6.22744E+21
3.45045E+03	1000010010	6.66298E+20	1000010010	6.66298E+20
2.08027E+02	1000010010	1.67767E+20	1000010010	1.67767E+20
4.73706E+02	1000010010	7.91022E+20	1000010010	7.91022E+20
3.78630E+03	1000010010	7.38957E+18	1000010010	7.38957E+18
8.85307E+03	1000010010	2.62829E+20	1000010010	2.62829E+20
1.35202E+03	1000010010	2.66931E+19	1000010010	2.66931E+19
2.63470E+02	1000010010	4.97832E+21	1000010010	4.97832E+21
1.26977E+02	1000010010	1.54233E+20	1000010010	1.54233E+20
4.87963E+03	1000010010	1.03257E+19	1000010010	1.03257E+19
2.92797E+03	1000010010	7.50597E+20	1000010010	7.50597E+20
9.50925E+03	1000010010	7.37094E+19	1000010010	7.37094E+19
3.85623E+03	1000010010	3.35346E+20	1000010010	3.35346E+20
2.75091E+02	1000010010	3.32554E+19	1000010010	3.32554E+19
4.91441E+03	1000010010	9.40310E+18	1000010010	9.40310E+18
1.21743E+03	1000010010	9.05063E+19	1000010010	9.05063E+19
9.31744E+02	1000010010	1.44502E+21	1000010010	1.44502E+21
9.33039E+03	1000010010	9.18860E+18	1000010010	9.18860E+18
2.99793E+03	1000010010	1.96638E+20	1000010010	1.96638E+20
6.79653E+03	1000010010	4.68373E+21	1000010010	4.68373E+21
1.52366E+03	1000010010	2.52454E+19	1000010010	2.52454E+19
1.47937E+03	1000010010	2.95239E+20	1000010010	2.95239E+20
2.69319E+03	1000010010	5.06037E+21	1000010010	5.06037E+21
5.58819E+03	1000010010	1.18381E+21	1000010010	1.18381E+21
2.39327E+03	1000010010	2.16876E+20	1000010010	2.16876E+20
6.98555E+03	1000010010	5.02351E+19	1000010010	5.02351E+19
2.73711E+03	1000010010	6.64722E+20	1000010010	6.64722E+20
4.04312E+03	1000010010	1.26846E+21	1000010010	1.26846E+21
6.57436E+03	1000010010	9.59011E+19	1000010010	9.59011E+19
7.03516E+03	1000010010	6.33459E+20	1000010010	6.33459E+20
7.93119E+03	1000010010	2.36722E+20	1000010010	2.36722E+20
8.47145E+03	1000010010	2.49045E+20	1000010010	2.49045E+20
1.24652E+03	1000010010	1.36303E+20	1000010010	1.36303E+20
3.72802E+03	1000010010	1.30938E+19	1000010010	1.30938E+19
1.96744E+03	1000010010	9.19969E+18	1000010010	9.19969E+18
1.13031E+03	1000010010	4.94234E+21	1000010010	4.94234E+21
3.71719E+03	1000010010	5.53801E+19	1000010010	5.53801E+19
2.39648E+03	1000010010	2.37351E+19	1000010010	2.37351E+19
1.60968E+03	1000010010	7.89203E+18	1000010010	7.89203E+18
4.97481E+03	1000010010	2.20803E+19	1000010010	2.20803E+19
4.27071E+03	1000010010	3.48832E+21	1000010010	3.48832E+21
3.31312E+03	1000010010	8.15696E+19	1000010010	8.15696E+19
5.19492E+03	1000010010	2.05916E+19	1000010010	2.05916E+19
8.44593E+02	1000010010	2.48730E+20	1000010010	2.48730E+20
2.45869E+03	1000010010	1.51375E+19	1000010010	1.51375E+19
3.58137E+03	1000010010	4.63607E+20	1000010010	4.63607E+20
4.82626E+02	1000010010	1.39979E+20	1000010010	1.39979E+20
1.42596E+03	1000010010	8.17677E+20	1000010010	8.17677E+20
4.08858E+03	1000010010	7.88610E+19	1000010010	7.88610E+19
1.21530E+03	1000010010	5.86995E+20	1000010010	5.86995E+20
7.04564E+03	1000010010	9.16690E+18	1000010010	9.16690E+18
6.03226E+03	1000010010	1.07241E+19	1000010010	1.07241E+19
6.54553E+03	1000010010	3.77977E+19	1000010010	3.77977E+19
4.14573E+03	1000010010	4.40185E+19	1000010010	4.40185E+19
2.23379E+03	1000010010	5.50615E+21	1000010010	5.50615E+21
1.43917E+03	1000010010	1.27093E+21	1000010010	1.27093E+21
5.65838E+03	1000010010	8.20576E+19	1000010010	8.20576E+19
1.36505E+03	1000010010	4.64733E+19	1000010010	4.64733E+19
1.77544E+03	1000010010	5.51375E+21	1000010010	5.51375E+21
2.07159E+02	1000010010	2.27627E+21	1000010010	2.27627E+21
4.69842E+03	1000010010	1.16602E+21	1000010010	1.16602E+21
3.98007E+03	1000010010	2.57242E+21	1000010010	2.57242E+21
1.58318E+03	1000010010	2.59171E+21	1000010010	2.59171E+21
7.68672E+03	1000010010	2.06105E+21	1000010010	2.06105E+21
6.36479E+02	1000010010	1.37350E+19	1000010010	1.37350E+19
3.69975E+03	1000010010	6.66297E+18	1000010010	6.66297E+18
1.31878E+02	1000010010	3.39430E+21	1000010010	3.39430E+21
4.53413E+03	1000010010	2.39158E+21	1000010010	2.39158E+21
9.07863E+03	1000010010	6.95349E+19	1000010010	6.95349E+19
3.97298E+03	1000010010	1.83437E+19	1000010010	1.83437E+19
1.93403E+03	1000010010	7.24992E+18	1000010010	7.24992E+18
9.37167E+03	1000010010	5.07673E+20	1000010010	5.07673E+20
5.20461E+02	1000010010	5.05598E+19	1000010010	5.05598E+19
1.99246E+03	1000010010	1.10828E+21	1000010010	1.10828E+21
6.72792E+03	1000010010	2.53520E+21	1000010010	2.53520E+21
6.47201E+02	1000010010	2.32709E+21	1000010010	2.32709E+21
4.65117E+03	1000010010	8.20094E+20	1000010010	8.20094E+20
5.73598E+02	1000010010	7.08983E+18	1000010010	7.08983E+18
3.65246E+03	1000010010	2.55537E+20	1000010010	2.55537E+20
4.84487E+03	1000010010	2.07730E+19	1000010010	2.07730E+19
4.30676E+03	1000010010	1.92386E+21	1000010010	1.92386E+21
4.70299E+03	1000010010	5.55179E+20	1000010010	5.55179E+20
9.29903E+03	1000010010	4.04745E+19	1000010010	4.04745E+19
1.99978E+03	1000010010	1.51948E+19	1000010010	1.51948E+19
6.40601E+03	1000010010	1.32948E+19	1000010010	1.32948E+19
2.87078E+03	1000010010	6.00438E+21	1000010010	6.00438E+21
5.13191E+03	1000010010	3.17954E+21	1000010010	3.17954E+21
1.10952E+03	1000010010	4.13552E+19	1000010010	4.13552E+19
2.24466E+03	1000010010	6.99622E+18	1000010010	6.99622E+18
3.20518E+03	1000010010	3.22974E+19	1000010010	3.22974E+19
8.81430E+02	1000010010	6.07321E+19	1000010010	6.07321E+19
8.07755E+03	1000010010	9.06558E+18	1000010010	9.06558E+18
4.86527E+03	1000010010	2.24487E+21	1000010010	2.24487E+21
7.54754E+03	1000010010	5.10399E+20	1000010010	5.10399E+20
2.03183E+03	1000010010	1.88961E+21	1000010010	1.88961E+21
2.39525E+03	1000010010	6.13200E+20	1000010010	6.13200E+20
7.14992E+02	1000010010	1.25485E+21	1000010010	1.25485E+21
7.71319E+02	1000010010	1.03025E+21	1000010010	1.03025E+21
5.97782E+03	1000010010	1.29852E+19	1000010010	1.29852E+19
1.78471E+03	1000010010	6.25355E+20	1000010010	6.25355E+20
3.17578E+03	1000010010	1.43496E+21	1000010010	1.43496E+21
2.20951E+03	1000010010	7.93396E+18	1000010010	7.93396E+18
6.01254E+03	1000010010	1.05170E+20	1000010010	1.05170E+20
5.45928E+03	1000010010	1.96819E+20	1000010010	1.96819E+20
8.12612E+03	1000010010	5.71687E+20	1000010010	5.71687E+20
7.42227E+03	1000010010	8.65894E+20	1000010010	8.65894E+20
5.45159E+02	1000010010	7.66305E+20	1000010010	7.66305E+20
5.24846E+03	1000010010	1.50361E+20	1000010010	1.50361E+20
7.40967E+02	1000010010	3.87335E+19	1000010010	3.87335E+19
2.27537E+03	1000010010	2.10342E+19	1000010010	2.10342E+19
8.23786E+03	1000010010	4.00045E+20	1000010010	4.00045E+20
2.98711E+03	1000010010	2.71310E+20	1000010010	2.71310E+20
2.21066E+02	1000010010	2.14967E+19	1000010010	2.14967E+19
4.25247E+03	1000010010	3.11497E+20	1000010010	3.11497E+20
9.85282E+02	1000010010	1.71224E+19	1000010010	1.71224E+19
2.87635E+03	1000010010	2.43701E+20	1000010010	2.43701E+20
5.64704E+03	1000010010	1.77479E+19	1000010010	1.77479E+19
2.04126E+03	1000010010	1.37283E+21	1000010010	1.37283E+21
5.32613E+03	1000010010	2.37033E+20	1000010010	2.37033E+20
6.94490E+03	1000010010	2.54828E+20	1000010010	2.54828E+20
1.74806E+03	1000010010	5.60864E+21	1000010010	5.60864E+21
5.33908E+03	1000010010	1.35026E+21	1000010010	1.35026E+21
7.34095E+02	1000010010	1.48366E+20	1000010010	1.48366E+20
2.18505E+03	1000010010	6.01131E+21	1000010010	6.01131E+21
1.90709E+03	1000010010	1.90815E+20	1000010010	1.90815E+20
4.92976E+03	1000010010	3.57034E+21	1000010010	3.57034E+21
4.95685E+03	1000010010	2.08791E+19	1000010010	2.08791E+19
1.98755E+03	1000010010	5.10819E+20	1000010010	5.10819E+20
4.94198E+03	1000010010	1.01894E+20	1000010010	1.01894E+20
5.02462E+03	1000010010	5.45811E+19	1000010010	5.45811E+19
1.95999E+03	1000010010	6.78229E+18	1000010010	6.78229E+18
3.95777E+03	1000010010	5.18797E+20	1000010010	5.18797E+20
2.94515E+03	1000010010	1.38203E+19	1000010010	1.38203E+19
3.40781E+03	1000010010	4.17696E+21	1000010010	4.17696E+21
3.56562E+03	1000010010	9.40803E+19	1000010010	9.40803E+19
2.34671E+03	1000010010	9.32275E+18	1000010010	9.32275E+18
1.63875E+03	1000010010	4.50936E+21	1000010010	4.50936E+21
5.49454E+03	1000010010	6.02333E+19	1000010010	6.02333E+19
2.64344E+03	1000010010	1.04005E+20	1000010010	1.04005E+20
4.83928E+02	1000010010	1.84035E+20	1000010010	1.84035E+20
1.69970E+03	1000010010	7.06737E+20	1000010010	7.06737E+20
2.34924E+03	1000010010	1.19849E+19	1000010010	1.19849E+19
1.38989E+03	1000010010	3.05278E+19	1000010010	3.05278E+19
6.46699E+03	1000010010	2.10147E+19	1000010010	2.10147E+19
3.29956E+03	1000010010	1.51197E+20	1000010010	1.51197E+20
1.67991E+03	1000010010	2.25627E+21	1000010010	2.25627E+21
2.10563E+03	1000010010	6.02171E+19	1000010010	6.02171E+19
8.01704E+02	1000010010	2.88208E+21	1000010010	2.88208E+21
3.72197E+02	1000010010	2.54251E+21	1000010010	2.54251E+21
2.73167E+03	1000010010	6.33504E+19	1000010010	6.33504E+19
7.92182E+02	1000010010	3.14916E+21	1000010010	3.14916E+21
1.74776E+03	1000010010	1.71115E+21	1000010010	1.71115E+21
3.66037E+03	1000010010	1.07696E+20	1000010010	1.07696E+20
2.53982E+03	1000010010	5.33244E+20	1000010010	5.33244E+20
1.34897E+03	1000010010	2.06475E+19	1000010010	2.06475E+19
9.02161E+02	1000010010	1.56055E+19	1000010010	1.56055E+19
5.57527E+03	1000010010	9.60122E+19	1000010010	9.60122E+19
3.73268E+03	1000010010	1.37133E+19	1000010010	1.37133E+19
2.07547E+03	1000010010	3.26990E+20	1000010010	3.26990E+20
2.43957E+02	1000010010	1.28561E+21	1000010010	1.28561E+21
9.70995E+03	1000010010	2.53773E+20	1000010010	2.53773E+20
2.60559E+02	1000010010	1.42764E+19	1000010010	1.42764E+19
1.05112E+03	1000010010	3.23267E+21	1000010010	3.23267E+21
6.66675E+03	1000010010	9.03423E+19	1000010010	9.03423E+19
1.40118E+03	1000010010	4.47724E+21	1000010010	4.47724E+21
6.91661E+03	1000010010	4.48695E+19	1000010010	4.48695E+19
7.85786E+02	1000010010	2.84699E+19	1000010010	2.84699E+19
5.19189E+03	1000010010	5.54485E+21	1000010010	5.54485E+21
5.38414E+03	1000010010	1.95059E+19	1000010010	1.95059E+19
7.32197E+03	1000010010	2.10097E+19	1000010010	2.10097E+19
1.22150E+03	1000010010	1.35857E+20	1000010010	1.35857E+20
1.85269E+03	1000010010	1.66207E+20	1000010010	1.66207E+20
7.41988E+02	1000010010	5.30886E+21	1000010010	5.30886E+21
1.51430E+03	1000010010	8.67790E+20	1000010010	8.67790E+20
2.03254E+03	1000010010	8.89428E+19	1000010010	8.89428E+19
4.82012E+03	1000010010	6.06876E+20	1000010010	6.06876E+20
1.48739E+03	1000010010	2.93322E+20	1000010010	2.93322E+20
1.14353E+03	1000010010	7.17940E+20	1000010010	7.17940E+20
2.93930E+03	1000010010	6.17995E+19	1000010010	6.17995E+19
1.13762E+03	1000010010	1.34635E+19	1000010010	1.34635E+19
5.73000E+03	1000010010	2.25521E+19	1000010010	2.25521E+19
2.83226E+03	1000010010	1.20062E+21	1000010010	1.20062E+21
3.92943E+03	1000010010	1.84042E+20	1000010010	1.84042E+20
3.87842E+03	1000010010	1.34339E+19	1000010010	1.34339E+19
5.51977E+03	1000010010	7.12231E+19	1000010010	7.12231E+19
8.03480E+02	1000010010	6.81423E+18	1000010010	6.81423E+18
8.29247E+02	1000010010	1.39919E+20	1000010010	1.39919E+20
1.46576E+03	1000010010	2.20207E+19	1000010010	2.20207E+19
1.29549E+03	1000010010	2.99140E+19	1000010010	2.99140E+19
2.02392E+03	1000010010	5.18158E+21	1000010010	5.18158E+21
4.28951E+03	1000010010	2.42967E+21	1000010010	2.42967E+21
6.14789E+03	1000010010	3.26151E+19	1000010010	3.26151E+19
2.45720E+03	1000010010	3.73322E+20	1000010010	3.73322E+20
1.58807E+03	1000010010	1.35243E+19	1000010010	1.35243E+19
1.01729E+02	1000010010	4.94166E+21	1000010010	4.94166E+21
1.28779E+03	1000010010	1.43157E+20	1000010010	1.43157E+20
4.30199E+03	1000010010	1.04601E+20	1000010010	1.04601E+20
4.30072E+03	1000010010	4.97398E+21	1000010010	4.97398E+21
2.04719E+03	1000010010	3.01462E+20	1000010010	3.01462E+20
4.17017E+03	1000010010	3.06775E+20	1000010010	3.06775E+20
2.86231E+03	1000010010	2.19234E+19	1000010010	2.19234E+19
2.28464E+03	1000010010	2.55328E+19	1000010010	2.55328E+19
5.59226E+03	1000010010	3.97200E+21	1000010010	3.97200E+21
4.84125E+03	1000010010	3.89709E+19	1000010010	3.89709E+19
5.48985E+03	1000010010	6.85668E+19	1000010010	6.85668E+19
3.35171E+03	1000010010	1.13814E+19	1000010010	1.13814E+19
3.23332E+03	1000010010	1.69175E+19	1000010010	1.69175E+19
8.06811E+03	1000010010	5.03098E+19	1000010010	5.03098E+19
3.97960E+03	1000010010	9.48847E+18	1000010010	9.48847E+18
1.22136E+02	1000010010	1.27261E+19	1000010010	1.27261E+19
4.10891E+03	1000010010	1.07307E+21	1000010010	1.07307E+21
3.19113E+03	1000010010	3.02150E+21	1000010010	3.02150E+21
3.53473E+03	1000010010	9.41376E+19	1000010010	9.41376E+19
1.26701E+03	1000010010	6.33329E+20	1000010010	6.33329E+20
7.19822E+03	1000010010	8.14903E+20	1000010010	8.14903E+20
4.07979E+03	1000010010	1.45662E+19	1000010010	1.45662E+19
5.66275E+03	1000010010	1.83893E+20	1000010010	1.83893E+20
1.73503E+03	1000010010	1.87319E+20	1000010010	1.87319E+20
2.04877E+03	1000010010	2.72260E+19	1000010010	2.72260E+19
1.32986E+03	1000010010	7.56436E+19	1000010010	7.56436E+19
4.49507E+03	1000010010	2.99801E+21	1000010010	2.99801E+21
5.00426E+03	1000010010	6.28663E+19	1000010010	6.28663E+19
5.14917E+03	1000010010	1.26214E+20	1000010010	1.26214E+20
4.98248E+03	1000010010	3.46869E+21	1000010010	3.46869E+21
1.31664E+03	1000010010	1.18500E+19	1000010010	1.18500E+19
3.52065E+03	1000010010	5.90092E+20	1000010010	5.90092E+20
3.30313E+03	1000010010	1.01520E+20	1000010010	1.01520E+20
5.75527E+02	1000010010	5.69845E+21	1000010010	5.69845E+21
1.05420E+03	1000010010	9.75203E+20	1000010010	9.75203E+20
2.66345E+03	1000010010	3.23625E+21	1000010010	3.23625E+21
1.32161E+03	1000010010	2.55128E+21	1000010010	2.55128E+21
8.86041E+02	1000010010	4.46461E+20	1000010010	4.46461E+20
1.89788E+03	1000010010	4.44315E+19	1000010010	4.44315E+19
5.83502E+03	1000010010	6.82467E+18	1000010010	6.82467E+18
5.31294E+03	1000010010	1.35489E+19	1000010010	1.35489E+19
3.00233E+03	1000010010	1.57385E+21	1000010010	1.57385E+21
3.57635E+02	1000010010	3.81756E+21	1000010010	3.81756E+21
1.63131E+02	1000010010	4.70763E+21	1000010010	4.70763E+21
3.49135E+03	1000010010	1.73290E+19	1000010010	1.73290E+19
5.30109E+02	1000010010	2.12793E+19	1000010010	2.12793E+19
5.22910E+03	1000010010	5.40928E+19	1000010010	5.40928E+19
3.18962E+02	1000010010	8.68309E+20	1000010010	8.68309E+20
4.94716E+03	1000010010	8.00540E+20	1000010010	8.00540E+20
3.15396E+03	1000010010	1.16531E+21	1000010010	1.16531E+21
8.72640E+03	1000010010	1.25617E+20	1000010010	1.25617E+20
1.08862E+02	1000010010	6.33866E+20	1000010010	6.33866E+20
3.87383E+03	1000010010	8.58985E+20	1000010010	8.58985E+20
1.06757E+03	1000010010	2.15496E+21	1000010010	2.15496E+21
5.05851E+02	1000010010	5.67741E+20	1000010010	5.67741E+20
2.45422E+03	1000010010	3.70757E+21	1000010010	3.70757E+21
1.11239E+03	1000010010	1.10757E+20	1000010010	1.10757E+20
2.55406E+03	1000010010	2.05169E+19	1000010010	2.05169E+19
1.20539E+03	1000010010	3.99817E+19	1000010010	3.99817E+19
5.32137E+03	1000010010	2.61081E+19	1000010010	2.61081E+19
5.12252E+02	1000010010	1.88848E+20	1000010010	1.88848E+20
5.41893E+03	1000010010	3.00804E+21	1000010010	3.00804E+21
1.82586E+03	1000010010	6.65221E+20	1000010010	6.65221E+20
1.32471E+03	1000010010	1.77874E+21	1000010010	1.77874E+21
5.46477E+02	1000010010	7.52067E+18	1000010010	7.52067E+18
5.58277E+02	1000010010	6.56669E+20	1000010010	6.56669E+20
2.62773E+03	1000010010	1.04147E+21	1000010010	1.04147E+21
8.68487E+02	1000010010	4.50549E+19	1000010010	4.50549E+19
3.45178E+03	1000010010	2.48610E+19	1000010010	2.48610E+19
5.96132E+02	1000010010	6.10916E+20	1000010010	6.10916E+20
3.43251E+02	1000010010	1.18154E+20	1000010010	1.18154E+20
5.92648E+03	1000010010	7.55354E+20	1000010010	7.55354E+20
4.75713E+03	1000010010	2.26508E+21	1000010010	2.26508E+21
5.18704E+03	1000010010	2.96484E+20	1000010010	2.96484E+20
3.29055E+02	1000010010	1.29799E+20	1000010010	1.29799E+20
3.15506E+03	1000010010	7.93183E+19	1000010010	7.93183E+19
5.36092E+02	1000010010	3.56094E+21	1000010010	3.56094E+21
1.43383E+03	1000010010	1.60864E+21	1000010010	1.60864E+21
6.81218E+03	1000010010	7.91136E+20	1000010010	7.91136E+20
1.86056E+02	1000010010	6.32285E+18	1000010010	6.32285E+18
4.28984E+03	1000010010	1.29900E+19	1000010010	1.29900E+19
3.14171E+03	1000010010	2.80541E+20	1000010010	2.80541E+20
7.40627E+03	1000010010	1.54987E+21	1000010010	1.54987E+21
1.32027E+02	1000010010	8.99157E+19	1000010010	8.99157E+19
1.48553E+03	1000010010	6.86833E+18	1000010010	6.86833E+18
2.16478E+02	1000010010	3.29768E+19	1000010010	3.29768E+19
1.12423E+03	1000010010	1.57415E+19	1000010010	1.57415E+19
2.85034E+02	1000010010	7.78658E+18	1000010010	7.78658E+18
2.49964E+03	1000010010	6.65487E+18	1000010010	6.65487E+18
3.90298E+02	1000010010	1.71049E+20	1000010010	1.71049E+20
9.18119E+02	1000010010	2.79576E+19	1000010010	2.79576E+19
5.68783E+02	1000010010	3.40605E+21	1000010010	3.40605E+21
6.55980E+03	1000010010	9.20403E+19	1000010010	9.20403E+19
1.39564E+03	1000010010	1.60787E+20	1000010010	1.60787E+20
4.69169E+03	1000010010	2.43011E+20	1000010010	2.43011E+20
1.79791E+03	1000010010	2.05698E+20	1000010010	2.05698E+20
5.62979E+03	1000010010	6.36617E+20	1000010010	6.36617E+20
8.64311E+03	1000010010	3.99160E+21	1000010010	3.99160E+21
5.35043E+02	1000010010	3.16111E+19	1000010010	3.16111E+19
8.92133E+03	1000010010	2.80665E+21	1000010010	2.80665E+21
3.20736E+03	1000010010	2.94051E+21	1000010010	2.94051E+21
2.71194E+02	1000010010	4.74163E+19	1000010010	4.74163E+19
6.70899E+03	1000010010	1.04933E+19	1000010010	1.04933E+19
1.99388E+03	1000010010	1.62062E+19	1000010010	1.62062E+19
7.34136E+02	1000010010	8.62962E+18	1000010010	8.62962E+18
3.23569E+03	1000010010	1.02403E+19	1000010010	1.02403E+19
6.57732E+03	1000010010	5.23820E+20	1000010010	5.23820E+20
1.11098E+03	1000010010	1.57072E+19	1000010010	1.57072E+19
3.00924E+03	1000010010	1.10963E+19	1000010010	1.10963E+19
2.82855E+03	1000010010	7.00380E+19	1000010010	7.00380E+19
6.18772E+03	1000010010	4.60834E+19	1000010010	4.60834E+19
8.98582E+02	1000010010	3.01240E+19	1000010010	3.01240E+19
2.32819E+03	1000010010	5.18412E+21	1000010010	5.18412E+21
3.23313E+02	1000010010	1.06838E+19	1000010010	1.06838E+19
8.61711E+03	1000010010	1.18694E+21	1000010010	1.18694E+21
1.64590E+03	1000010010	3.71042E+19	1000010010	3.71042E+19
4.92087E+03	1000010010	1.44426E+19	1000010010	1.44426E+19
6.54068E+03	1000010010	2.66463E+20	1000010010	2.66463E+20
3.47063E+03	1000010010	7.32599E+19	1000010010	7.32599E+19
5.51789E+02	1000010010	3.64059E+19	1000010010	3.64059E+19
4.72199E+03	1000010010	3.21449E+19	1000010010	3.21449E+19
1.43085E+03	1000010010	2.74058E+20	1000010010	2.74058E+20
3.18539E+03	1000010010	1.32405E+21	1000010010	1.32405E+21
1.08674E+03	1000010010	6.21913E+21	1000010010	6.21913E+21
5.37827E+02	1000010010	1.56419E+20	1000010010	1.56419E+20
1.68780E+03	1000010010	6.77843E+20	1000010010	6.77843E+20
1.81543E+03	1000010010	5.09508E+19	1000010010	5.09508E+19
1.61738E+03	1000010010	4.97562E+21	1000010010	4.97562E+21
4.90101E+03	1000010010	2.62660E+21	1000010010	2.62660E+21
2.40403E+03	1000010010	4.23280E+20	1000010010	4.23280E+20
3.15372E+03	1000010010	1.68423E+19	1000010010	1.68423E+19
1.68559E+03	1000010010	2.15883E+20	1000010010	2.15883E+20
4.57869E+02	1000010010	1.31148E+19	1000010010	1.31148E+19
5.87807E+03	1000010010	3.50598E+20	1000010010	3.50598E+20
5.95164E+03	1000010010	2.27005E+21	1000010010	2.27005E+21
6.67631E+02	1000010010	1.92074E+19	1000010010	1.92074E+19
2.74361E+02	1000010010	2.92307E+19	1000010010	2.92307E+19
8.45928E+03	1000010010	1.29097E+19	1000010010	1.29097E+19
9.00885E+03	1000010010	2.94463E+21	1000010010	2.94463E+21
3.41242E+03	1000010010	5.36586E+19	1000010010	5.36586E+19
2.23482E+03	1000010010	2.88827E+21	1000010010	2.88827E+21
3.01986E+03	1000010010	4.63299E+19	1000010010	4.63299E+19
2.06393E+02	1000010010	1.75736E+19	1000010010	1.75736E+19
6.51463E+03	1000010010	2.70580E+21	1000010010	2.70580E+21
9.96167E+02	1000010010	1.75450E+21	1000010010	1.75450E+21
7.67389E+02	1000010010	5.34023E+21	1000010010	5.34023E+21
1.57831E+03	1000010010	9.51033E+20	1000010010	9.51033E+20
2.96871E+03	1000010010	3.48964E+20	1000010010	3.48964E+20
7.44674E+02	1000010010	1.04732E+21	1000010010	1.04732E+21
2.02212E+03	1000010010	5.28737E+20	1000010010	5.28737E+20
5.51394E+03	1000010010	3.34148E+19	1000010010	3.34148E+19
5.78520E+03	1000010010	1.83366E+21	1000010010	1.83366E+21
1.81689E+03	1000010010	5.85938E+19	1000010010	5.85938E+19
1.36515E+02	1000010010	1.67079E+21	1000010010	1.67079E+21
3.50476E+02	1000010010	7.31660E+20	1000010010	7.31660E+20
2.28496E+03	1000010010	3.52936E+20	1000010010	3.52936E+20
2.20578E+03	1000010010	4.76532E+20	1000010010	4.76532E+20
2.40683E+02	1000010010	1.68126E+20	1000010010	1.68126E+20
3.56149E+03	1000010010	2.93062E+20	1000010010	2.93062E+20
5.47206E+03	1000010010	1.12930E+20	1000010010	1.12930E+20
2.71355E+03	1000010010	5.61036E+21	1000010010	5.61036E+21
7.44881E+03	1000010010	2.24108E+19	1000010010	2.24108E+19
9.75727E+03	1000010010	5.70719E+21	1000010010	5.70719E+21
1.06938E+03	1000010010	1.16159E+19	1000010010	1.16159E+19
1.03659E+03	1000010010	4.98548E+20	1000010010	4.98548E+20
2.13378E+03	1000010010	1.12592E+20	1000010010	1.12592E+20
2.58669E+03	1000010010	3.34670E+20	1000010010	3.34670E+20
5.42016E+03	1000010010	6.63071E+20	1000010010	6.63071E+20
2.48478E+03	1000010010	1.46552E+19	1000010010	1.46552E+19
1.25059E+03	1000010010	1.36891E+20	1000010010	1.36891E+20
2.19650E+03	1000010010	2.57709E+19	1000010010	2.57709E+19
3.56644E+03	1000010010	3.74915E+21	1000010010	3.74915E+21
8.88167E+02	1000010010	3.04196E+21	1000010010	3.04196E+21
6.15586E+03	1000010010	2.49247E+20	1000010010	2.49247E+20
5.19944E+03	1000010010	4.90075E+19	1000010010	4.90075E+19
3.00267E+02	1000010010	3.66325E+21	1000010010	3.66325E+21
6.76539E+03	1000010010	4.54081E+21	1000010010	4.54081E+21
3.41531E+02	1000010010	6.36760E+18	1000010010	6.36760E+18
1.31631E+03	1000010010	2.99876E+19	1000010010	2.99876E+19
8.51849E+03	1000010010	1.63172E+21	1000010010	1.63172E+21
6.13866E+03	1000010010	4.81973E+21	1000010010	4.81973E+21
3.59138E+03	1000010010	4.51179E+20	1000010010	4.51179E+20
1.75005E+02	1000010010	1.15467E+21	1000010010	1.15467E+21
3.23975E+03	1000010010	2.85858E+19	1000010010	2.85858E+19
6.37692E+03	1000010010	7.28687E+20	1000010010	7.28687E+20
3.74497E+03	1000010010	2.00674E+19	1000010010	2.00674E+19
1.57425E+03	1000010010	1.23373E+20	1000010010	1.23373E+20
7.27331E+02	1000010010	2.60847E+19	1000010010	2.60847E+19
8.72258E+03	1000010010	5.84294E+21	1000010010	5.84294E+21
4.00897E+03	1000010010	1.55506E+19	1000010010	1.55506E+19
3.38521E+03	1000010010	1.27825E+19	1000010010	1.27825E+19
9.87137E+03	1000010010	1.43797E+20	1000010010	1.43797E+20
1.68384E+03	1000010010	1.00676E+21	1000010010	1.00676E+21
9.16288E+02	1000010010	1.75709E+20	1000010010	1.75709E+20
2.49822E+03	1000010010	1.12982E+20	1000010010	1.12982E+20
2.29235E+03	1000010010	1.21591E+20	1000010010	1.21591E+20
5.81371E+03	1000010010	2.36511E+19	1000010010	2.36511E+19
5.52069E+03	1000010010	6.63775E+18	1000010010	6.63775E+18
3.44765E+03	1000010010	7.80744E+20	1000010010	7.80744E+20
4.09947E+02	1000010010	2.95586E+21	1000010010	2.95586E+21
1.41504E+03	1000010010	3.32040E+20	1000010010	3.32040E+20
5.23231E+03	1000010010	7.32736E+18	1000010010	7.32736E+18
4.66434E+02	1000010010	2.67837E+19	1000010010	2.67837E+19
3.24585E+03	1000010010	7.07943E+18	1000010010	7.07943E+18
1.12944E+03	1000010010	1.07699E+21	1000010010	1.07699E+21
5.60565E+03	1000010010	6.18996E+21	1000010010	6.18996E+21
7.00792E+02	1000010010	1.33667E+20	1000010010	1.33667E+20
4.46644E+03	1000010010	1.74904E+19	1000010010	1.74904E+19
2.39371E+02	1000010010	8.79213E+18	1000010010	8.79213E+18
2.16809E+03	1000010010	1.47457E+20	1000010010	1.47457E+20
7.13668E+03	1000010010	1.02449E+19	1000010010	1.02449E+19
1.55743E+03	1000010010	3.51439E+20	1000010010	3.51439E+20
2.97947E+03	1000010010	1.09007E+19	1000010010	1.09007E+19
2.92888E+03	1000010010	2.01515E+21	1000010010	2.01515E+21
6.33729E+03	1000010010	3.33638E+19	1000010010	3.33638E+19
3.55606E+03	1000010010	4.96468E+21	1000010010	4.96468E+21
2.43208E+02	1000010010	5.11304E+21	1000010010	5.11304E+21
8.26764E+02	1000010010	3.73141E+20	1000010010	3.73141E+20
3.29341E+03	1000010010	1.02818E+20	1000010010	1.02818E+20
2.25553E+03	1000010010	7.76608E+20	1000010010	7.76608E+20
3.36289E+02	1000010010	1.50787E+20	1000010010	1.50787E+20
3.42455E+02	1000010010	7.24336E+19	1000010010	7.24336E+19
2.10916E+03	1000010010	1.16058E+21	1000010010	1.16058E+21
3.91007E+03	1000010010	8.68212E+20	1000010010	8.68212E+20
2.80442E+03	1000010010	3.82196E+20	1000010010	3.82196E+20
2.95870E+03	1000010010	3.29378E+21	1000010010	3.29378E+21
2.44280E+03	1000010010	2.99006E+19	1000010010	2.99006E+19
4.00283E+02	1000010010	9.58075E+18	1000010010	9.58075E+18
5.56840E+03	1000010010	8.69784E+18	1000010010	8.69784E+18
9.09668E+03	1000010010	1.53228E+20	1000010010	1.53228E+20
1.35732E+03	1000010010	3.31309E+21	1000010010	3.31309E+21
2.52125E+03	1000010010	8.98688E+19	1000010010	8.98688E+19
2.89863E+03	1000010010	4.33920E+19	1000010010	4.33920E+19
5.59344E+03	1000010010	3.00713E+20	1000010010	3.00713E+20
2.34959E+02	1000010010	8.57431E+18	1000010010	8.57431E+18
4.53840E+03	1000010010	2.78438E+19	1000010010	2.78438E+19
1.21020E+03	1000010010	1.88508E+21	1000010010	1.88508E+21
5.12697E+02	1000010010	4.10058E+21	1000010010	4.10058E+21
3.85834E+03	1000010010	3.18147E+20	1000010010	3.18147E+20
1.80962E+03	1000010010	9.68697E+20	1000010010	9.68697E+20
1.78111E+03	1000010010	1.08909E+20	1000010010	1.08909E+20
3.04988E+03	1000010010	1.04799E+20	1000010010	1.04799E+20
8.44304E+03	1000010010	4.59505E+19	1000010010	4.59505E+19
1.11665E+02	1000010010	8.97944E+20	1000010010	8.97944E+20
1.44147E+03	1000010010	3.42144E+21	1000010010	3.42144E+21
3.71075E+03	1000010010	1.00088E+19	1000010010	1.00088E+19
1.73515E+03	1000010010	2.13989E+19	1000010010	2.13989E+19
4.16042E+03	1000010010	4.09282E+20	1000010010	4.09282E+20
7.21904E+02	1000010010	7.17239E+20	1000010010	7.17239E+20
4.33959E+03	1000010010	1.90196E+19	1000010010	1.90196E+19
4.62949E+03	1000010010	1.45014E+20	1000010010	1.45014E+20
2.22446E+03	1000010010	1.26729E+21	1000010010	1.26729E+21
3.45271E+03	1000010010	6.11841E+20	1000010010	6.11841E+20
4.37745E+03	1000010010	5.49751E+20	1000010010	5.49751E+20
2.38336E+02	1000010010	9.48207E+19	1000010010	9.48207E+19
4.19356E+03	1000010010	4.00756E+19	1000010010	4.00756E+19
1.89855E+03	1000010010	2.72294E+20	1000010010	2.72294E+20
1.67048E+03	1000010010	3.63828E+21	1000010010	3.63828E+21
6.92193E+03	1000010010	1.12204E+19	1000010010	1.12204E+19
4.27626E+03	1000010010	2.54619E+21	1000010010	2.54619E+21
1.82569E+03	1000010010	1.85636E+20	1000010010	1.85636E+20
5.15442E+03	1000010010	4.56239E+20	1000010010	4.56239E+20
4.02475E+03	1000010010	6.16459E+19	1000010010	6.16459E+19
2.06764E+03	1000010010	1.41393E+21	1000010010	1.41393E+21
5.71114E+02	1000010010	1.07243E+19	1000010010	1.07243E+19
5.37826E+03	1000010010	1.32321E+20	1000010010	1.32321E+20
4.54780E+03	1000010010	1.16418E+20	1000010010	1.16418E+20
4.11814E+03	1000010010	1.96189E+20	1000010010	1.96189E+20
4.12764E+03	1000010010	6.67399E+18	1000010010	6.67399E+18
3.22679E+02	1000010010	1.02314E+20	1000010010	1.02314E+20
4.93600E+03	1000010010	4.55783E+21	1000010010	4.55783E+21
2.19651E+03	1000010010	2.90727E+20	1000010010	2.90727E+20
1.80363E+03	1000010010	1.10384E+20	1000010010	1.10384E+20
6.30175E+02	1000010010	5.36411E+19	1000010010	5.36411E+19
4.61412E+03	1000010010	1.79645E+20	1000010010	1.79645E+20
2.29068E+03	1000010010	1.11558E+21	1000010010	1.11558E+21
5.19008E+02	1000010010	3.53342E+21	1000010010	3.53342E+21
8.29142E+03	1000010010	1.44941E+19	1000010010	1.44941E+19
3.42953E+03	1000010010	3.85719E+21	1000010010	3.85719E+21
7.68468E+03	1000010010	7.31679E+19	1000010010	7.31679E+19
1.91614E+03	1000010010	2.05364E+20	1000010010	2.05364E+20
3.66627E+02	1000010010	1.18996E+19	1000010010	1.18996E+19
3.32255E+03	1000010010	7.59770E+19	1000010010	7.59770E+19
8.44140E+03	1000010010	4.89677E+19	1000010010	4.89677E+19
5.80339E+02	1000010010	1.90981E+20	1000010010	1.90981E+20
9.16834E+03	1000010010	2.22266E+20	1000010010	2.22266E+20
1.44715E+02	1000010010	9.24313E+19	1000010010	9.24313E+19
7.50796E+03	1000010010	1.21270E+20	1000010010	1.21270E+20
2.65487E+03	1000010010	3.07962E+19	1000010010	3.07962E+19
3.18966E+03	1000010010	6.02486E+19	1000010010	6.02486E+19
2.65895E+03	1000010010	9.07079E+18	1000010010	9.07079E+18
3.45737E+02	1000010010	1.74749E+19	1000010010	1.74749E+19
1.35660E+03	1000010010	4.87755E+20	1000010010	4.87755E+20
1.91440E+02	1000010010	1.97075E+19	1000010010	1.97075E+19
1.26281E+03	1000010010	9.64010E+18	1000010010	9.64010E+18
1.06217E+03	1000010010	1.44342E+20	1000010010	1.44342E+20
4.62449E+02	1000010010	2.93216E+19	1000010010	2.93216E+19
3.73376E+03	1000010010	6.05889E+19	1000010010	6.05889E+19
4.19904E+02	1000010010	7.80107E+20	1000010010	7.80107E+20
3.48045E+03	1000010010	1.89270E+20	1000010010	1.89270E+20
3.21607E+03	1000010010	1.24636E+20	1000010010	1.24636E+20
8.62155E+03	1000010010	3.70196E+21	1000010010	3.70196E+21
4.48218E+02	1000010010	2.04963E+20	1000010010	2.04963E+20
1.87687E+03	1000010010	4.91153E+19	1000010010	4.91153E+19
2.95120E+02	1000010010	3.99532E+19	1000010010	3.99532E+19
3.77746E+03	1000010010	8.71965E+20	1000010010	8.71965E+20
6.38815E+02	1000010010	1.98179E+20	1000010010	1.98179E+20
4.05503E+03	1000010010	1.61940E+21	1000010010	1.61940E+21
5.25872E+02	1000010010	1.53919E+20	1000010010	1.53919E+20
9.89899E+03	1000010010	7.11399E+19	1000010010	7.11399E+19
1.86745E+03	1000010010	1.08652E+21	1000010010	1.08652E+21
5.15075E+03	1000010010	3.02328E+20	1000010010	3.02328E+20
8.00303E+03	1000010010	1.78561E+21	1000010010	1.78561E+21
3.36726E+03	1000010010	8.67619E+20	1000010010	8.67619E+20
7.30410E+02	1000010010	5.18821E+20	1000010010	5.18821E+20
1.50623E+03	1000010010	2.07766E+20	1000010010	2.07766E+20
1.24949E+03	1000010010	2.33713E+19	1000010010	2.33713E+19
9.78946E+03	1000010010	3.51736E+19	1000010010	3.51736E+19
3.08994E+03	1000010010	7.23953E+19	1000010010	7.23953E+19
1.22916E+03	1000010010	1.23856E+20	1000010010	1.23856E+20
4.23132E+03	1000010010	7.35897E+18	1000010010	7.35897E+18
2.33057E+03	1000010010	1.61488E+21	1000010010	1.61488E+21
8.86880E+03	1000010010	1.27999E+21	1000010010	1.27999E+21
3.93186E+03	1000010010	9.54636E+18	1000010010	9.54636E+18
4.41848E+03	1000010010	5.27877E+20	1000010010	5.27877E+20
2.54493E+03	1000010010	5.69377E+21	1000010010	5.69377E+21
4.13600E+02	1000010010	8.55889E+19	1000010010	8.55889E+19
3.95849E+03	1000010010	2.58747E+19	1000010010	2.58747E+19
3.36184E+03	1000010010	5.43618E+20	1000010010	5.43618E+20
5.96315E+03	1000010010	8.98488E+18	1000010010	8.98488E+18
1.34201E+03	1000010010	1.02993E+19	1000010010	1.02993E+19
9.20392E+03	1000010010	6.75950E+19	1000010010	6.75950E+19
3.05030E+03	1000010010	1.19472E+21	1000010010	1.19472E+21
4.01902E+03	1000010010	1.98287E+20	1000010010	1.98287E+20
4.65767E+03	1000010010	2.99283E+20	1000010010	2.99283E+20
9.95282E+02	1000010010	5.55909E+21	1000010010	5.55909E+21
1.29554E+02	1000010010	3.75599E+20	1000010010	3.75599E+20
8.93051E+02	1000010010	7.94612E+18	1000010010	7.94612E+18
3.52628E+03	1000010010	3.31483E+21	1000010010	3.31483E+21
1.64023E+03	1000010010	1.11480E+19	1000010010	1.11480E+19
3.63168E+03	1000010010	5.99535E+19	1000010010	5.99535E+19
4.24194E+03	1000010010	3.77783E+21	1000010010	3.77783E+21
1.29771E+03	1000010010	6.68616E+19	1000010010	6.68616E+19
1.04902E+03	1000010010	2.10354E+19	1000010010	2.10354E+19
5.61529E+03	1000010010	2.76571E+19	1000010010	2.76571E+19
5.68086E+03	1000010010	3.24227E+19	1000010010	3.24227E+19
3.16760E+03	1000010010	3.13708E+21	1000010010	3.13708E+21
2.90507E+03	1000010010	3.87061E+20	1000010010	3.87061E+20
1.95629E+02	1000010010	1.52206E+20	1000010010	1.52206E+20
9.30360E+03	1000010010	2.06979E+19	1000010010	2.06979E+19
3.87948E+03	1000010010	1.65022E+20	1000010010	1.65022E+20
5.30095E+03	1000010010	6.75552E+19	1000010010	6.75552E+19
1.93137E+03	1000010010	1.68060E+19	1000010010	1.68060E+19
2.53745E+03	1000010010	6.55890E+19	1000010010	6.55890E+19
1.50232E+03	1000010010	3.36266E+20	1000010010	3.36266E+20
6.09787E+03	1000010010	3.26883E+21	1000010010	3.26883E+21
3.45378E+02	1000010010	1.56156E+19	1000010010	1.56156E+19
2.77321E+03	1000010010	2.45294E+19	1000010010	2.45294E+19
