#	D	ID	E	ID0	E0
#
# D             Trajectory length [1 Mpc]
# ID/ID0/ID1    Particle type (PDG MC numbering scheme)
# E/E0/E1       Energy [1 EeV]
# no index = current, 0 = at source, 1 = at point of creation
#
# CRPropa version: -128-NOTFOUND
#
1.88188E+03	1000260560	4.41460E+03	1000260560	4.41460E+03
2.71135E+03	1000260560	1.39480E+00	1000260560	1.39480E+00
1.96994E+03	1000260560	1.50418E+00	1000260560	1.50418E+00
3.90518E+03	1000260560	1.80985E+02	1000260560	1.80985E+02
4.38681E+03	1000260560	9.34084E+02	1000260560	9.34084E+02
2.05698E+03	1000260560	3.91916E+03	1000260560	3.91916E+03
2.30354E+03	1000260560	3.83314E+01	1000260560	3.83314E+01
3.69283E+03	1000260560	1.92923E+02	1000260560	1.92923E+02
8.71896E+02	1000260560	7.00489E+01	1000260560	7.00489E+01
4.39663E+03	1000260560	1.60222E+03	1000260560	1.60222E+03
1.62742E+03	1000260560	7.24898E+01	1000260560	7.24898E+01
1.01761E+03	1000260560	1.22166E+03	1000260560	1.22166E+03
2.46496E+03	1000260560	1.44321E+00	1000260560	1.44321E+00
1.36491E+03	1000260560	1.90578E+01	1000260560	1.90578E+01
1.28972E+03	1000260560	7.59295E+00	1000260560	7.59295E+00
4.23776E+03	1000260560	3.84271E+01	1000260560	3.84271E+01
1.73421E+03	1000260560	2.47672E+02	1000260560	2.47672E+02
2.44384E+03	1000260560	6.65253E+01	1000260560	6.65253E+01
1.68576E+03	1000260560	8.27169E+01	1000260560	8.27169E+01
6.88154E+02	1000260560	2.52744E+04	1000260560	2.52744E+04
1.52996E+03	1000260560	2.13805E+01	1000260560	2.13805E+01
5.39785E+02	1000260560	2.01197E+00	1000260560	2.01197E+00
3.74726E+03	1000260560	2.75461E+00	1000260560	2.75461E+00
2.73887E+03	1000260560	3.07751E+00	1000260560	3.07751E+00
1.38660E+03	1000260560	4.45859E+01	1000260560	4.45859E+01
2.28628E+03	1000260560	4.58618E+03	1000260560	4.58618E+03
3.01716E+03	1000260560	1.04686E+03	1000260560	1.04686E+03
1.53206E+03	1000260560	7.71636E+00	1000260560	7.71636E+00
2.41099E+03	1000260560	6.31506E+03	1000260560	6.31506E+03
3.10810E+03	1000260560	2.01131E+02	1000260560	2.01131E+02
3.53356E+02	1000260560	2.88973E+01	1000260560	2.88973E+01
1.35309E+03	1000260560	6.55416E+02	1000260560	6.55416E+02
8.02715E+02	1000260560	2.62497E+00	1000260560	2.62497E+00
1.12852E+03	1000260560	3.60479E+00	1000260560	3.60479E+00
1.29572E+03	1000260560	1.49131E+04	1000260560	1.49131E+04
2.70636E+02	1000260560	6.41200E+00	1000260560	6.41200E+00
1.34554E+03	1000260560	1.04885E+03	1000260560	1.04885E+03
4.01737E+03	1000260560	4.18716E+02	1000260560	4.18716E+02
2.38315E+03	1000260560	1.40404E+02	1000260560	1.40404E+02
3.43442E+02	1000260560	2.25810E+01	1000260560	2.25810E+01
1.60910E+03	1000260560	1.29872E+00	1000260560	1.29872E+00
3.34642E+03	1000260560	1.33104E+03	1000260560	1.33104E+03
9.50968E+02	1000260560	6.00296E+00	1000260560	6.00296E+00
2.30214E+03	1000260560	4.95723E+03	1000260560	4.95723E+03
4.65122E+03	1000260560	1.25232E+03	1000260560	1.25232E+03
4.17926E+03	1000260560	2.38658E+01	1000260560	2.38658E+01
2.74735E+03	1000260560	1.24056E+01	1000260560	1.24056E+01
4.54311E+03	1000260560	2.66192E+02	1000260560	2.66192E+02
1.65966E+03	1000260560	1.93878E+00	1000260560	1.93878E+00
2.91016E+03	1000260560	2.69210E+03	1000260560	2.69210E+03
2.39959E+03	1000260560	1.46514E+02	1000260560	1.46514E+02
2.13254E+03	1000260560	9.89427E+00	1000260560	9.89427E+00
1.56794E+03	1000260560	1.36767E+04	1000260560	1.36767E+04
3.05599E+03	1000260560	2.33398E+00	1000260560	2.33398E+00
1.51020E+03	1000260560	5.86597E+03	1000260560	5.86597E+03
3.80399E+03	1000260560	4.61495E+02	1000260560	4.61495E+02
1.16809E+03	1000260560	1.71968E+04	1000260560	1.71968E+04
1.75865E+03	1000260560	3.20610E+02	1000260560	3.20610E+02
7.18701E+02	1000260560	1.11314E+02	1000260560	1.11314E+02
1.70548E+03	1000260560	1.26201E+00	1000260560	1.26201E+00
2.36948E+03	1000260560	4.11731E+01	1000260560	4.11731E+01
2.24055E+03	1000260560	7.43330E+02	1000260560	7.43330E+02
4.74640E+03	1000260560	1.05809E+03	1000260560	1.05809E+03
1.50503E+03	1000260560	9.05282E+01	1000260560	9.05282E+01
4.49520E+03	1000260560	2.53288E+03	1000260560	2.53288E+03
4.80460E+03	1000260560	2.77428E+03	1000260560	2.77428E+03
3.25540E+03	1000260560	3.08727E+01	1000260560	3.08727E+01
2.67557E+02	1000260560	2.85147E+03	1000260560	2.85147E+03
1.41639E+03	1000260560	3.30473E+02	1000260560	3.30473E+02
1.18574E+03	1000260560	1.18198E+02	1000260560	1.18198E+02
3.27945E+03	1000260560	2.00685E+03	1000260560	2.00685E+03
1.31239E+03	1000260560	2.30945E+01	1000260560	2.30945E+01
2.98567E+03	1000260560	3.82233E+00	1000260560	3.82233E+00
2.03933E+03	1000260560	1.43445E+02	1000260560	1.43445E+02
1.25013E+02	1000260560	2.82529E+01	1000260560	2.82529E+01
1.87368E+03	1000260560	2.46062E+00	1000260560	2.46062E+00
2.18991E+03	1000260560	6.43915E+01	1000260560	6.43915E+01
4.72279E+03	1000260560	6.14600E+03	1000260560	6.14600E+03
1.65448E+03	1000260560	1.36351E+04	1000260560	1.36351E+04
4.97284E+02	1000260560	6.01841E+02	1000260560	6.01841E+02
4.36971E+03	1000260560	2.63018E+02	1000260560	2.63018E+02
1.03582E+03	1000260560	1.04304E+03	1000260560	1.04304E+03
3.15584E+02	1000260560	4.34602E+00	1000260560	4.34602E+00
2.19946E+02	1000260560	1.66877E+03	1000260560	1.66877E+03
1.52077E+03	1000260560	1.22221E+03	1000260560	1.22221E+03
3.39734E+03	1000260560	3.13591E+02	1000260560	3.13591E+02
4.03717E+02	1000260560	8.56642E+02	1000260560	8.56642E+02
2.16208E+03	1000260560	6.41080E+02	1000260560	6.41080E+02
2.16734E+03	1000260560	3.44502E+00	1000260560	3.44502E+00
2.19340E+03	1000260560	9.77203E+02	1000260560	9.77203E+02
2.29408E+03	1000260560	3.12393E+02	1000260560	3.12393E+02
6.30454E+02	1000260560	1.08398E+00	1000260560	1.08398E+00
8.94821E+02	1000260560	2.39281E+03	1000260560	2.39281E+03
9.34919E+02	1000260560	3.95996E+01	1000260560	3.95996E+01
5.76459E+02	1000260560	4.86224E+03	1000260560	4.86224E+03
2.93202E+03	1000260560	5.63083E+00	1000260560	5.63083E+00
1.23815E+03	1000260560	9.73530E+01	1000260560	9.73530E+01
2.56560E+03	1000260560	1.04890E+04	1000260560	1.04890E+04
2.63646E+03	1000260560	1.52484E+01	1000260560	1.52484E+01
4.38715E+03	1000260560	7.25837E+00	1000260560	7.25837E+00
2.44661E+03	1000260560	3.75141E+00	1000260560	3.75141E+00
8.04950E+02	1000260560	1.63864E+02	1000260560	1.63864E+02
3.32095E+02	1000260560	1.46179E+00	1000260560	1.46179E+00
2.01510E+02	1000260560	4.55271E+00	1000260560	4.55271E+00
6.01198E+02	1000260560	2.06155E+00	1000260560	2.06155E+00
2.25816E+03	1000260560	1.31603E+02	1000260560	1.31603E+02
1.87482E+03	1000260560	2.82270E+02	1000260560	2.82270E+02
2.78585E+02	1000260560	6.23981E+01	1000260560	6.23981E+01
1.31817E+03	1000260560	3.68705E+03	1000260560	3.68705E+03
4.33151E+03	1000260560	1.46653E+00	1000260560	1.46653E+00
1.10201E+02	1000260560	2.68062E+01	1000260560	2.68062E+01
6.07616E+02	1000260560	1.02250E+02	1000260560	1.02250E+02
1.14916E+03	1000260560	2.12625E+00	1000260560	2.12625E+00
2.41738E+03	1000260560	4.31018E+02	1000260560	4.31018E+02
2.46810E+03	1000260560	5.20526E+00	1000260560	5.20526E+00
1.33089E+03	1000260560	5.40875E+03	1000260560	5.40875E+03
1.05234E+02	1000260560	9.34669E+02	1000260560	9.34669E+02
1.69296E+03	1000260560	7.97964E+00	1000260560	7.97964E+00
3.27273E+03	1000260560	5.60722E+03	1000260560	5.60722E+03
1.29205E+03	1000260560	3.75342E+00	1000260560	3.75342E+00
2.20949E+03	1000260560	9.85686E+02	1000260560	9.85686E+02
1.14388E+03	1000260560	1.84059E+01	1000260560	1.84059E+01
1.84683E+03	1000260560	1.20370E+01	1000260560	1.20370E+01
4.82302E+03	1000260560	1.21827E+04	1000260560	1.21827E+04
1.03828E+02	1000260560	1.55479E+02	1000260560	1.55479E+02
3.57271E+03	1000260560	5.58664E+00	1000260560	5.58664E+00
1.85503E+03	1000260560	2.42784E+04	1000260560	2.42784E+04
1.43853E+03	1000260560	3.38880E+00	1000260560	3.38880E+00
2.34992E+03	1000260560	1.26174E+04	1000260560	1.26174E+04
2.43214E+03	1000260560	9.95248E+02	1000260560	9.95248E+02
4.53302E+02	1000260560	1.34886E+04	1000260560	1.34886E+04
3.79441E+02	1000260560	1.56399E+03	1000260560	1.56399E+03
1.18707E+03	1000260560	6.43888E+00	1000260560	6.43888E+00
2.11912E+03	1000260560	1.14236E+01	1000260560	1.14236E+01
1.35874E+03	1000260560	3.61464E+00	1000260560	3.61464E+00
4.25834E+03	1000260560	2.34967E+02	1000260560	2.34967E+02
1.25256E+02	1000260560	1.17099E+03	1000260560	1.17099E+03
4.38545E+03	1000260560	1.11748E+03	1000260560	1.11748E+03
3.62157E+03	1000260560	3.74468E+03	1000260560	3.74468E+03
4.74854E+03	1000260560	5.17039E+02	1000260560	5.17039E+02
3.66243E+03	1000260560	1.43838E+00	1000260560	1.43838E+00
5.84281E+02	1000260560	4.47915E+03	1000260560	4.47915E+03
1.97885E+03	1000260560	1.07680E+01	1000260560	1.07680E+01
2.93489E+02	1000260560	1.03629E+02	1000260560	1.03629E+02
1.92522E+02	1000260560	9.00243E+03	1000260560	9.00243E+03
4.26767E+03	1000260560	2.29877E+03	1000260560	2.29877E+03
3.25084E+02	1000260560	4.23750E+02	1000260560	4.23750E+02
2.51113E+03	1000260560	2.11357E+02	1000260560	2.11357E+02
1.47180E+03	1000260560	2.44939E+03	1000260560	2.44939E+03
3.44303E+03	1000260560	8.40729E+03	1000260560	8.40729E+03
2.80919E+03	1000260560	5.06951E+02	1000260560	5.06951E+02
1.21884E+03	1000260560	2.97806E+02	1000260560	2.97806E+02
2.67635E+03	1000260560	4.60933E+00	1000260560	4.60933E+00
1.99384E+03	1000260560	2.96690E+02	1000260560	2.96690E+02
1.20697E+03	1000260560	7.20953E+00	1000260560	7.20953E+00
1.64830E+03	1000260560	4.59170E+01	1000260560	4.59170E+01
3.05171E+03	1000260560	6.51367E+03	1000260560	6.51367E+03
1.14833E+03	1000260560	1.24268E+01	1000260560	1.24268E+01
1.44258E+03	1000260560	1.60558E+00	1000260560	1.60558E+00
1.26195E+03	1000260560	2.11058E+01	1000260560	2.11058E+01
1.17771E+03	1000260560	2.82581E+03	1000260560	2.82581E+03
1.93445E+03	1000260560	2.54715E+03	1000260560	2.54715E+03
3.78059E+02	1000260560	2.26293E+02	1000260560	2.26293E+02
1.88857E+03	1000260560	5.77537E+03	1000260560	5.77537E+03
1.23051E+03	1000260560	2.64573E+00	1000260560	2.64573E+00
2.49509E+03	1000260560	1.36947E+02	1000260560	1.36947E+02
2.25169E+03	1000260560	9.67082E+01	1000260560	9.67082E+01
1.80462E+03	1000260560	2.03006E+01	1000260560	2.03006E+01
2.12052E+03	1000260560	4.41687E+03	1000260560	4.41687E+03
3.09797E+03	1000260560	7.40047E+01	1000260560	7.40047E+01
3.28832E+02	1000260560	5.01712E+02	1000260560	5.01712E+02
1.07287E+03	1000260560	3.41501E+02	1000260560	3.41501E+02
2.06738E+03	1000260560	1.66791E+01	1000260560	1.66791E+01
4.14938E+03	1000260560	3.27354E+02	1000260560	3.27354E+02
1.48791E+03	1000260560	5.63764E+00	1000260560	5.63764E+00
3.25455E+03	1000260560	2.74491E+01	1000260560	2.74491E+01
1.72992E+03	1000260560	3.63629E+00	1000260560	3.63629E+00
4.31933E+03	1000260560	2.26170E+01	1000260560	2.26170E+01
7.05237E+02	1000260560	9.52079E+00	1000260560	9.52079E+00
9.67937E+02	1000260560	1.70523E+00	1000260560	1.70523E+00
2.85464E+02	1000260560	1.23628E+03	1000260560	1.23628E+03
1.48890E+03	1000260560	3.69480E+02	1000260560	3.69480E+02
1.28625E+02	1000260560	1.58745E+00	1000260560	1.58745E+00
1.30080E+03	1000260560	2.65808E+03	1000260560	2.65808E+03
3.28941E+02	1000260560	1.94820E+01	1000260560	1.94820E+01
4.60644E+03	1000260560	1.93500E+03	1000260560	1.93500E+03
3.13396E+03	1000260560	6.67162E+00	1000260560	6.67162E+00
2.89247E+02	1000260560	7.07151E+01	1000260560	7.07151E+01
2.90276E+03	1000260560	1.37414E+02	1000260560	1.37414E+02
1.89264E+03	1000260560	2.71761E+02	1000260560	2.71761E+02
2.79506E+02	1000260560	4.57099E+00	1000260560	4.57099E+00
1.75330E+03	1000260560	1.03613E+04	1000260560	1.03613E+04
2.17567E+03	1000260560	2.42218E+01	1000260560	2.42218E+01
1.63852E+03	1000260560	2.50191E+04	1000260560	2.50191E+04
1.54987E+03	1000260560	1.23828E+01	1000260560	1.23828E+01
1.45442E+03	1000260560	1.71226E+03	1000260560	1.71226E+03
1.93275E+02	1000260560	8.19823E+00	1000260560	8.19823E+00
3.28958E+03	1000260560	2.02205E+00	1000260560	2.02205E+00
1.14782E+03	1000260560	1.18668E+03	1000260560	1.18668E+03
1.37784E+03	1000260560	6.83469E+03	1000260560	6.83469E+03
4.61119E+03	1000260560	1.99218E+04	1000260560	1.99218E+04
1.18295E+03	1000260560	3.36367E+01	1000260560	3.36367E+01
3.30709E+03	1000260560	5.81765E+02	1000260560	5.81765E+02
2.80362E+03	1000260560	1.05378E+03	1000260560	1.05378E+03
2.87600E+03	1000260560	4.05767E+00	1000260560	4.05767E+00
2.95363E+02	1000260560	2.44789E+03	1000260560	2.44789E+03
1.23480E+03	1000260560	1.28389E+00	1000260560	1.28389E+00
4.41598E+02	1000260560	5.43168E+02	1000260560	5.43168E+02
7.53681E+02	1000260560	3.05208E+02	1000260560	3.05208E+02
4.61686E+03	1000260560	3.09381E+03	1000260560	3.09381E+03
1.37647E+03	1000260560	2.49180E+01	1000260560	2.49180E+01
3.72488E+03	1000260560	5.48845E+01	1000260560	5.48845E+01
2.74005E+02	1000260560	1.49386E+04	1000260560	1.49386E+04
2.73723E+03	1000260560	1.83278E+04	1000260560	1.83278E+04
1.47021E+03	1000260560	2.15499E+01	1000260560	2.15499E+01
7.00642E+02	1000260560	2.28754E+00	1000260560	2.28754E+00
4.80140E+03	1000260560	2.02116E+00	1000260560	2.02116E+00
1.32985E+02	1000260560	5.74576E+01	1000260560	5.74576E+01
4.76103E+03	1000260560	8.69726E+01	1000260560	8.69726E+01
9.76303E+02	1000260560	3.70953E+03	1000260560	3.70953E+03
3.52853E+03	1000260560	3.10385E+00	1000260560	3.10385E+00
1.10858E+03	1000260560	3.37752E+02	1000260560	3.37752E+02
4.03149E+03	1000260560	4.47243E+02	1000260560	4.47243E+02
3.97912E+02	1000260560	4.64711E+00	1000260560	4.64711E+00
1.41865E+03	1000260560	4.06453E+00	1000260560	4.06453E+00
1.96504E+03	1000260560	1.27202E+04	1000260560	1.27202E+04
1.70188E+02	1000260560	7.52404E+00	1000260560	7.52404E+00
1.36689E+03	1000260560	6.32047E+03	1000260560	6.32047E+03
1.56603E+03	1000260560	5.71488E+03	1000260560	5.71488E+03
1.94338E+03	1000260560	7.96103E+01	1000260560	7.96103E+01
1.18774E+03	1000260560	1.45104E+02	1000260560	1.45104E+02
1.19179E+03	1000260560	8.26940E+01	1000260560	8.26940E+01
4.18445E+03	1000260560	5.76702E+02	1000260560	5.76702E+02
2.69578E+02	1000260560	7.13362E+03	1000260560	7.13362E+03
4.26872E+03	1000260560	1.74438E+00	1000260560	1.74438E+00
4.39078E+02	1000260560	1.63157E+04	1000260560	1.63157E+04
1.35751E+03	1000260560	2.88014E+03	1000260560	2.88014E+03
9.30710E+02	1000260560	7.55507E+01	1000260560	7.55507E+01
4.96555E+02	1000260560	1.71938E+00	1000260560	1.71938E+00
6.05982E+02	1000260560	1.86383E+02	1000260560	1.86383E+02
2.46369E+03	1000260560	5.91165E+00	1000260560	5.91165E+00
1.34143E+03	1000260560	2.57530E+03	1000260560	2.57530E+03
1.10598E+03	1000260560	3.92998E+02	1000260560	3.92998E+02
5.96478E+02	1000260560	8.42901E+01	1000260560	8.42901E+01
7.25122E+02	1000260560	3.57082E+02	1000260560	3.57082E+02
9.81656E+02	1000260560	3.39731E+01	1000260560	3.39731E+01
4.23446E+03	1000260560	9.91155E+01	1000260560	9.91155E+01
1.12827E+03	1000260560	3.32164E+01	1000260560	3.32164E+01
9.71974E+02	1000260560	2.14857E+02	1000260560	2.14857E+02
1.12309E+03	1000260560	1.43840E+01	1000260560	1.43840E+01
3.29806E+03	1000260560	2.07656E+01	1000260560	2.07656E+01
1.56966E+03	1000260560	3.80791E+02	1000260560	3.80791E+02
5.53336E+02	1000260560	4.59340E+00	1000260560	4.59340E+00
9.51768E+02	1000260560	9.01479E+00	1000260560	9.01479E+00
3.72100E+03	1000260560	2.96961E+03	1000260560	2.96961E+03
4.64547E+03	1000260560	2.58131E+00	1000260560	2.58131E+00
1.15474E+03	1000260560	5.17051E+03	1000260560	5.17051E+03
1.81809E+03	1000260560	1.47573E+02	1000260560	1.47573E+02
5.16747E+02	1000260560	1.09708E+03	1000260560	1.09708E+03
1.81731E+03	1000260560	4.31087E+03	1000260560	4.31087E+03
1.35364E+03	1000260560	1.54337E+03	1000260560	1.54337E+03
2.56051E+03	1000260560	2.56812E+01	1000260560	2.56812E+01
3.06948E+03	1000260560	4.75784E+01	1000260560	4.75784E+01
1.81296E+03	1000260560	9.45058E+01	1000260560	9.45058E+01
1.76192E+02	1000260560	5.46041E+03	1000260560	5.46041E+03
3.77919E+03	1000260560	4.41874E+01	1000260560	4.41874E+01
4.06280E+03	1000260560	3.52025E+01	1000260560	3.52025E+01
4.00906E+03	1000260560	7.10861E+01	1000260560	7.10861E+01
4.81008E+02	1000260560	1.92243E+01	1000260560	1.92243E+01
1.89932E+03	1000260560	1.11080E+01	1000260560	1.11080E+01
4.38981E+03	1000260560	5.79269E+02	1000260560	5.79269E+02
5.39323E+02	1000260560	4.33505E+03	1000260560	4.33505E+03
1.42987E+03	1000260560	9.28229E+02	1000260560	9.28229E+02
1.29392E+03	1000260560	1.95884E+04	1000260560	1.95884E+04
1.31865E+03	1000260560	1.20662E+00	1000260560	1.20662E+00
1.68793E+03	1000260560	7.32814E+01	1000260560	7.32814E+01
3.13171E+03	1000260560	8.07206E+01	1000260560	8.07206E+01
4.20834E+03	1000260560	3.01569E+02	1000260560	3.01569E+02
6.52010E+02	1000260560	3.41061E+00	1000260560	3.41061E+00
2.15744E+03	1000260560	6.87318E+02	1000260560	6.87318E+02
2.53475E+03	1000260560	1.84389E+01	1000260560	1.84389E+01
1.17916E+03	1000260560	1.23962E+00	1000260560	1.23962E+00
1.83778E+03	1000260560	4.14278E+00	1000260560	4.14278E+00
2.71427E+02	1000260560	1.69672E+02	1000260560	1.69672E+02
1.54270E+03	1000260560	1.01547E+04	1000260560	1.01547E+04
3.40861E+02	1000260560	6.71117E+03	1000260560	6.71117E+03
2.89003E+03	1000260560	5.18893E+00	1000260560	5.18893E+00
4.30257E+03	1000260560	1.93909E+03	1000260560	1.93909E+03
2.06532E+03	1000260560	5.52443E+00	1000260560	5.52443E+00
4.67836E+03	1000260560	6.24165E+03	1000260560	6.24165E+03
8.47102E+02	1000260560	8.16971E+01	1000260560	8.16971E+01
1.02710E+03	1000260560	1.40913E+04	1000260560	1.40913E+04
1.85442E+02	1000260560	2.69114E+02	1000260560	2.69114E+02
2.97359E+03	1000260560	1.01893E+00	1000260560	1.01893E+00
1.02857E+02	1000260560	1.26703E+00	1000260560	1.26703E+00
1.01876E+03	1000260560	4.04820E+01	1000260560	4.04820E+01
9.56716E+02	1000260560	3.06539E+02	1000260560	3.06539E+02
3.62982E+03	1000260560	6.13372E+00	1000260560	6.13372E+00
1.32646E+02	1000260560	1.40242E+04	1000260560	1.40242E+04
2.06490E+03	1000260560	6.05535E+02	1000260560	6.05535E+02
2.72769E+03	1000260560	1.11505E+04	1000260560	1.11505E+04
3.69148E+03	1000260560	5.13398E+00	1000260560	5.13398E+00
4.85050E+02	1000260560	1.93442E+01	1000260560	1.93442E+01
2.78409E+02	1000260560	2.56149E+01	1000260560	2.56149E+01
8.67943E+02	1000260560	2.52973E+04	1000260560	2.52973E+04
2.90645E+03	1000260560	2.28559E+04	1000260560	2.28559E+04
1.96852E+03	1000260560	6.21456E+00	1000260560	6.21456E+00
3.88144E+03	1000260560	1.91070E+03	1000260560	1.91070E+03
4.89751E+03	1000260560	6.78690E+02	1000260560	6.78690E+02
4.20265E+03	1000260560	3.54187E+01	1000260560	3.54187E+01
7.02875E+02	1000260560	2.94289E+00	1000260560	2.94289E+00
3.71289E+03	1000260560	4.11168E+00	1000260560	4.11168E+00
3.72721E+03	1000260560	7.34202E+01	1000260560	7.34202E+01
4.18797E+03	1000260560	5.84719E+01	1000260560	5.84719E+01
2.94800E+03	1000260560	2.13818E+01	1000260560	2.13818E+01
2.03059E+03	1000260560	2.62589E+01	1000260560	2.62589E+01
2.79023E+03	1000260560	2.19405E+02	1000260560	2.19405E+02
3.36018E+03	1000260560	1.35758E+01	1000260560	1.35758E+01
3.20748E+03	1000260560	2.71383E+01	1000260560	2.71383E+01
4.72191E+03	1000260560	3.30469E+00	1000260560	3.30469E+00
5.71352E+02	1000260560	1.25976E+00	1000260560	1.25976E+00
1.93614E+03	1000260560	2.44976E+02	1000260560	2.44976E+02
3.14863E+03	1000260560	9.61867E+02	1000260560	9.61867E+02
1.82843E+03	1000260560	1.09502E+02	1000260560	1.09502E+02
4.84743E+03	1000260560	2.90918E+03	1000260560	2.90918E+03
4.41429E+03	1000260560	6.37544E+01	1000260560	6.37544E+01
3.13713E+03	1000260560	3.55825E+03	1000260560	3.55825E+03
2.52717E+03	1000260560	1.12990E+02	1000260560	1.12990E+02
3.95870E+03	1000260560	8.74877E+02	1000260560	8.74877E+02
1.36852E+03	1000260560	5.78008E+00	1000260560	5.78008E+00
4.15766E+03	1000260560	3.88306E+00	1000260560	3.88306E+00
3.54773E+03	1000260560	5.25678E+00	1000260560	5.25678E+00
3.49678E+03	1000260560	1.77896E+01	1000260560	1.77896E+01
1.51641E+03	1000260560	6.30416E+00	1000260560	6.30416E+00
6.70765E+02	1000260560	1.83135E+02	1000260560	1.83135E+02
4.31985E+03	1000260560	7.57050E+02	1000260560	7.57050E+02
1.21032E+03	1000260560	1.61997E+00	1000260560	1.61997E+00
4.03505E+03	1000260560	3.75652E+00	1000260560	3.75652E+00
3.67517E+03	1000260560	3.88117E+02	1000260560	3.88117E+02
1.99217E+03	1000260560	4.78631E+03	1000260560	4.78631E+03
1.81634E+03	1000260560	7.26789E+03	1000260560	7.26789E+03
4.96142E+03	1000260560	4.31211E+01	1000260560	4.31211E+01
1.57620E+03	1000260560	1.11379E+00	1000260560	1.11379E+00
4.16611E+03	1000260560	1.64364E+02	1000260560	1.64364E+02
4.12379E+03	1000260560	1.52364E+02	1000260560	1.52364E+02
8.14957E+02	1000260560	1.59387E+03	1000260560	1.59387E+03
4.23490E+03	1000260560	8.91529E+01	1000260560	8.91529E+01
1.71549E+03	1000260560	1.46833E+02	1000260560	1.46833E+02
3.31826E+03	1000260560	8.15837E+00	1000260560	8.15837E+00
7.58539E+02	1000260560	5.41749E+02	1000260560	5.41749E+02
8.02425E+02	1000260560	1.62900E+03	1000260560	1.62900E+03
8.74541E+02	1000260560	3.51935E+00	1000260560	3.51935E+00
1.93389E+03	1000260560	3.58554E+01	1000260560	3.58554E+01
8.36429E+02	1000260560	3.28270E+02	1000260560	3.28270E+02
3.12803E+03	1000260560	2.38876E+01	1000260560	2.38876E+01
3.60400E+03	1000260560	3.40140E+02	1000260560	3.40140E+02
5.18382E+02	1000260560	1.27209E+02	1000260560	1.27209E+02
3.16257E+03	1000260560	3.04329E+00	1000260560	3.04329E+00
1.46426E+03	1000260560	1.77294E+02	1000260560	1.77294E+02
1.46269E+03	1000260560	4.45487E+02	1000260560	4.45487E+02
6.72892E+02	1000260560	2.49782E+00	1000260560	2.49782E+00
3.08606E+03	1000260560	1.24192E+00	1000260560	1.24192E+00
1.70586E+02	1000260560	2.85406E+02	1000260560	2.85406E+02
1.75906E+03	1000260560	7.15421E+03	1000260560	7.15421E+03
2.53123E+03	1000260560	2.72455E+03	1000260560	2.72455E+03
1.07757E+03	1000260560	2.50948E+00	1000260560	2.50948E+00
2.58678E+03	1000260560	8.13245E+00	1000260560	8.13245E+00
1.27887E+03	1000260560	1.79257E+01	1000260560	1.79257E+01
1.64818E+03	1000260560	1.54559E+02	1000260560	1.54559E+02
1.29698E+03	1000260560	4.84550E+01	1000260560	4.84550E+01
2.50923E+03	1000260560	1.00488E+00	1000260560	1.00488E+00
4.70948E+03	1000260560	6.06416E+03	1000260560	6.06416E+03
4.40333E+03	1000260560	1.19307E+04	1000260560	1.19307E+04
8.61046E+02	1000260560	5.62123E+03	1000260560	5.62123E+03
3.04138E+03	1000260560	3.33546E+00	1000260560	3.33546E+00
1.56911E+02	1000260560	1.01219E+03	1000260560	1.01219E+03
5.73535E+02	1000260560	9.24657E+02	1000260560	9.24657E+02
4.84031E+03	1000260560	5.46630E+02	1000260560	5.46630E+02
4.04991E+03	1000260560	6.78244E+00	1000260560	6.78244E+00
1.68747E+03	1000260560	5.00089E+01	1000260560	5.00089E+01
3.87330E+02	1000260560	5.42764E+02	1000260560	5.42764E+02
4.46055E+03	1000260560	4.09867E+02	1000260560	4.09867E+02
2.40754E+03	1000260560	1.87543E+03	1000260560	1.87543E+03
5.52974E+02	1000260560	1.21621E+04	1000260560	1.21621E+04
3.87079E+03	1000260560	3.62975E+01	1000260560	3.62975E+01
6.23787E+02	1000260560	1.90205E+00	1000260560	1.90205E+00
2.51000E+03	1000260560	1.57254E+00	1000260560	1.57254E+00
4.38042E+03	1000260560	1.52073E+02	1000260560	1.52073E+02
3.59032E+03	1000260560	1.64908E+00	1000260560	1.64908E+00
5.34607E+02	1000260560	9.67852E+01	1000260560	9.67852E+01
1.85961E+02	1000260560	2.08130E+04	1000260560	2.08130E+04
4.89691E+03	1000260560	1.17369E+04	1000260560	1.17369E+04
2.63368E+03	1000260560	7.35171E+00	1000260560	7.35171E+00
3.40681E+02	1000260560	1.86836E+04	1000260560	1.86836E+04
3.18004E+03	1000260560	1.23406E+04	1000260560	1.23406E+04
4.79645E+03	1000260560	5.94226E+02	1000260560	5.94226E+02
1.74526E+03	1000260560	1.62254E+04	1000260560	1.62254E+04
1.76238E+03	1000260560	3.23236E+02	1000260560	3.23236E+02
1.96811E+03	1000260560	1.13647E+04	1000260560	1.13647E+04
4.68755E+03	1000260560	1.29413E+02	1000260560	1.29413E+02
1.51478E+02	1000260560	6.07275E+01	1000260560	6.07275E+01
2.27148E+03	1000260560	1.00820E+04	1000260560	1.00820E+04
8.30865E+02	1000260560	4.29870E+00	1000260560	4.29870E+00
1.99621E+03	1000260560	1.23863E+04	1000260560	1.23863E+04
4.70451E+03	1000260560	1.85241E+00	1000260560	1.85241E+00
1.34251E+03	1000260560	4.18173E+01	1000260560	4.18173E+01
4.16126E+03	1000260560	2.16250E+03	1000260560	2.16250E+03
2.97425E+03	1000260560	2.77482E+03	1000260560	2.77482E+03
4.83372E+03	1000260560	3.43171E+00	1000260560	3.43171E+00
2.82868E+02	1000260560	1.23971E+00	1000260560	1.23971E+00
3.46068E+03	1000260560	9.80501E+02	1000260560	9.80501E+02
1.74040E+03	1000260560	9.09211E+00	1000260560	9.09211E+00
1.99283E+03	1000260560	2.21113E+04	1000260560	2.21113E+04
1.81489E+03	1000260560	2.22773E+03	1000260560	2.22773E+03
1.03392E+03	1000260560	6.43904E+01	1000260560	6.43904E+01
2.63267E+03	1000260560	3.41812E+02	1000260560	3.41812E+02
2.30481E+03	1000260560	4.26744E+01	1000260560	4.26744E+01
3.02750E+03	1000260560	5.20357E+01	1000260560	5.20357E+01
3.34089E+03	1000260560	8.84785E+00	1000260560	8.84785E+00
4.80418E+02	1000260560	1.09410E+00	1000260560	1.09410E+00
3.90083E+03	1000260560	3.77631E+03	1000260560	3.77631E+03
1.53319E+02	1000260560	2.34586E+00	1000260560	2.34586E+00
2.58371E+02	1000260560	4.18553E+03	1000260560	4.18553E+03
2.13829E+03	1000260560	2.19669E+03	1000260560	2.19669E+03
4.82493E+03	1000260560	1.40363E+01	1000260560	1.40363E+01
2.63272E+03	1000260560	4.53984E+01	1000260560	4.53984E+01
2.16763E+03	1000260560	6.59434E+02	1000260560	6.59434E+02
2.55768E+03	1000260560	1.27672E+02	1000260560	1.27672E+02
9.84282E+02	1000260560	6.35938E+03	1000260560	6.35938E+03
1.69040E+03	1000260560	1.49988E+01	1000260560	1.49988E+01
2.88748E+03	1000260560	6.58603E+03	1000260560	6.58603E+03
4.14822E+03	1000260560	8.05692E+02	1000260560	8.05692E+02
1.87007E+03	1000260560	5.62789E+00	1000260560	5.62789E+00
3.41627E+03	1000260560	1.75950E+00	1000260560	1.75950E+00
1.56475E+02	1000260560	1.34070E+01	1000260560	1.34070E+01
3.09767E+03	1000260560	2.84645E+02	1000260560	2.84645E+02
7.00528E+02	1000260560	5.86463E+03	1000260560	5.86463E+03
3.55218E+02	1000260560	4.59872E+00	1000260560	4.59872E+00
2.31996E+03	1000260560	1.30907E+01	1000260560	1.30907E+01
1.50575E+03	1000260560	2.75048E+01	1000260560	2.75048E+01
4.38633E+03	1000260560	1.99813E+04	1000260560	1.99813E+04
1.48337E+03	1000260560	2.26439E+03	1000260560	2.26439E+03
2.08437E+03	1000260560	7.29276E+02	1000260560	7.29276E+02
1.98864E+02	1000260560	9.27445E+03	1000260560	9.27445E+03
4.16671E+03	1000260560	2.81891E+03	1000260560	2.81891E+03
1.23186E+03	1000260560	2.82146E+02	1000260560	2.82146E+02
7.07531E+02	1000260560	3.20509E+00	1000260560	3.20509E+00
4.04518E+03	1000260560	4.77101E+01	1000260560	4.77101E+01
3.16118E+02	1000260560	2.98096E+00	1000260560	2.98096E+00
2.10395E+03	1000260560	1.00690E+01	1000260560	1.00690E+01
5.00494E+02	1000260560	6.40362E+03	1000260560	6.40362E+03
1.68598E+03	1000260560	4.28321E+01	1000260560	4.28321E+01
1.97286E+03	1000260560	1.99359E+04	1000260560	1.99359E+04
3.77789E+03	1000260560	1.85945E+04	1000260560	1.85945E+04
6.89282E+02	1000260560	2.16534E+00	1000260560	2.16534E+00
1.92037E+03	1000260560	3.31043E+02	1000260560	3.31043E+02
3.57542E+02	1000260560	7.06021E+01	1000260560	7.06021E+01
1.44094E+03	1000260560	2.04284E+03	1000260560	2.04284E+03
2.53579E+03	1000260560	1.60021E+03	1000260560	1.60021E+03
2.27145E+02	1000260560	1.60215E+04	1000260560	1.60215E+04
1.43598E+03	1000260560	2.03683E+01	1000260560	2.03683E+01
3.40574E+03	1000260560	7.00711E+01	1000260560	7.00711E+01
4.27852E+02	1000260560	3.60981E+02	1000260560	3.60981E+02
2.38400E+02	1000260560	8.23023E+01	1000260560	8.23023E+01
2.34826E+02	1000260560	3.10062E+03	1000260560	3.10062E+03
2.10733E+03	1000260560	1.15370E+02	1000260560	1.15370E+02
1.11742E+03	1000260560	3.33242E+03	1000260560	3.33242E+03
4.48868E+03	1000260560	3.28968E+00	1000260560	3.28968E+00
7.79403E+02	1000260560	9.38435E+03	1000260560	9.38435E+03
2.12809E+02	1000260560	6.66785E+01	1000260560	6.66785E+01
4.80571E+02	1000260560	1.30961E+00	1000260560	1.30961E+00
1.17039E+03	1000260560	9.95895E+02	1000260560	9.95895E+02
2.26424E+03	1000260560	7.27245E+00	1000260560	7.27245E+00
3.68765E+03	1000260560	1.93070E+01	1000260560	1.93070E+01
3.20896E+02	1000260560	2.04090E+01	1000260560	2.04090E+01
5.11660E+02	1000260560	1.33557E+01	1000260560	1.33557E+01
3.74132E+03	1000260560	3.70034E+02	1000260560	3.70034E+02
5.83003E+02	1000260560	1.50006E+02	1000260560	1.50006E+02
2.88394E+03	1000260560	8.60809E+01	1000260560	8.60809E+01
1.51505E+03	1000260560	6.21300E+02	1000260560	6.21300E+02
1.31249E+03	1000260560	1.06060E+02	1000260560	1.06060E+02
4.88622E+03	1000260560	1.22437E+00	1000260560	1.22437E+00
5.82738E+02	1000260560	4.96943E+01	1000260560	4.96943E+01
1.64530E+03	1000260560	3.28579E+01	1000260560	3.28579E+01
4.21527E+03	1000260560	2.05747E+01	1000260560	2.05747E+01
6.32770E+02	1000260560	1.31542E+04	1000260560	1.31542E+04
1.65282E+03	1000260560	6.94758E+01	1000260560	6.94758E+01
1.60924E+03	1000260560	1.60494E+00	1000260560	1.60494E+00
4.36411E+03	1000260560	4.59115E+01	1000260560	4.59115E+01
4.37863E+03	1000260560	1.97492E+03	1000260560	1.97492E+03
2.80313E+03	1000260560	8.86698E+00	1000260560	8.86698E+00
4.44729E+03	1000260560	8.19636E+02	1000260560	8.19636E+02
1.51123E+03	1000260560	1.23037E+02	1000260560	1.23037E+02
3.61081E+03	1000260560	2.46755E+04	1000260560	2.46755E+04
3.18975E+03	1000260560	2.01665E+02	1000260560	2.01665E+02
2.67396E+03	1000260560	1.71006E+00	1000260560	1.71006E+00
8.71809E+02	1000260560	1.33210E+00	1000260560	1.33210E+00
2.78794E+03	1000260560	1.91829E+02	1000260560	1.91829E+02
2.68544E+03	1000260560	1.68025E+00	1000260560	1.68025E+00
3.53599E+03	1000260560	2.30939E+02	1000260560	2.30939E+02
3.78535E+02	1000260560	6.16857E+03	1000260560	6.16857E+03
3.10047E+03	1000260560	2.35164E+01	1000260560	2.35164E+01
1.69350E+03	1000260560	1.05780E+02	1000260560	1.05780E+02
2.06010E+03	1000260560	2.26314E+00	1000260560	2.26314E+00
5.60975E+02	1000260560	2.25753E+01	1000260560	2.25753E+01
1.90135E+02	1000260560	1.21238E+03	1000260560	1.21238E+03
4.07932E+03	1000260560	2.27230E+03	1000260560	2.27230E+03
2.05645E+03	1000260560	9.43949E+01	1000260560	9.43949E+01
9.77722E+02	1000260560	4.79877E+00	1000260560	4.79877E+00
2.90622E+03	1000260560	8.65407E+03	1000260560	8.65407E+03
1.43645E+03	1000260560	1.16914E+00	1000260560	1.16914E+00
4.88962E+03	1000260560	1.29564E+01	1000260560	1.29564E+01
2.57647E+03	1000260560	3.71508E+02	1000260560	3.71508E+02
1.84078E+02	1000260560	1.05802E+02	1000260560	1.05802E+02
1.40733E+03	1000260560	4.09631E+03	1000260560	4.09631E+03
3.33048E+03	1000260560	1.25577E+02	1000260560	1.25577E+02
3.65957E+03	1000260560	1.90824E+03	1000260560	1.90824E+03
2.64984E+03	1000260560	1.33849E+02	1000260560	1.33849E+02
4.86172E+03	1000260560	2.99958E+01	1000260560	2.99958E+01
8.80545E+02	1000260560	5.52283E+02	1000260560	5.52283E+02
4.38156E+03	1000260560	1.36926E+00	1000260560	1.36926E+00
3.52488E+03	1000260560	1.00775E+03	1000260560	1.00775E+03
2.84756E+03	1000260560	4.39222E+02	1000260560	4.39222E+02
3.83770E+02	1000260560	2.36119E+01	1000260560	2.36119E+01
2.96200E+03	1000260560	6.38127E+03	1000260560	6.38127E+03
2.57760E+03	1000260560	1.33006E+01	1000260560	1.33006E+01
1.13477E+03	1000260560	1.85375E+03	1000260560	1.85375E+03
4.67211E+03	1000260560	4.71206E+00	1000260560	4.71206E+00
1.13896E+03	1000260560	3.91474E+02	1000260560	3.91474E+02
1.42642E+03	1000260560	2.94091E+00	1000260560	2.94091E+00
1.05580E+03	1000260560	5.01375E+03	1000260560	5.01375E+03
1.79909E+03	1000260560	4.82119E+03	1000260560	4.82119E+03
2.01937E+02	1000260560	1.32758E+02	1000260560	1.32758E+02
1.71756E+03	1000260560	2.85751E+03	1000260560	2.85751E+03
1.02975E+03	1000260560	6.18782E+02	1000260560	6.18782E+02
3.15862E+02	1000260560	2.53281E+03	1000260560	2.53281E+03
6.84545E+02	1000260560	1.51002E+01	1000260560	1.51002E+01
1.37863E+03	1000260560	2.22118E+02	1000260560	2.22118E+02
1.65366E+03	1000260560	4.15186E+02	1000260560	4.15186E+02
4.11733E+03	1000260560	1.06850E+02	1000260560	1.06850E+02
1.08482E+03	1000260560	3.21045E+01	1000260560	3.21045E+01
3.64995E+02	1000260560	2.44464E+01	1000260560	2.44464E+01
3.94121E+03	1000260560	8.13069E+01	1000260560	8.13069E+01
8.23444E+02	1000260560	2.64602E+00	1000260560	2.64602E+00
9.01912E+02	1000260560	5.13458E+00	1000260560	5.13458E+00
1.86891E+03	1000260560	2.40968E+03	1000260560	2.40968E+03
4.03972E+03	1000260560	7.46328E+02	1000260560	7.46328E+02
1.47925E+03	1000260560	2.05982E+00	1000260560	2.05982E+00
2.28452E+03	1000260560	3.07520E+03	1000260560	3.07520E+03
3.56849E+03	1000260560	1.00411E+00	1000260560	1.00411E+00
2.20002E+03	1000260560	1.27454E+04	1000260560	1.27454E+04
3.91573E+02	1000260560	1.48126E+03	1000260560	1.48126E+03
3.86396E+02	1000260560	6.65132E+00	1000260560	6.65132E+00
5.85267E+02	1000260560	1.46764E+04	1000260560	1.46764E+04
8.22661E+02	1000260560	1.06654E+00	1000260560	1.06654E+00
1.71435E+02	1000260560	5.33050E+02	1000260560	5.33050E+02
1.46605E+03	1000260560	1.00076E+03	1000260560	1.00076E+03
7.28262E+02	1000260560	7.40581E+03	1000260560	7.40581E+03
3.86527E+03	1000260560	8.82935E+03	1000260560	8.82935E+03
6.10832E+02	1000260560	7.03839E+01	1000260560	7.03839E+01
3.90306E+03	1000260560	6.23689E+01	1000260560	6.23689E+01
1.01657E+03	1000260560	6.10003E+00	1000260560	6.10003E+00
6.27256E+02	1000260560	4.11955E+02	1000260560	4.11955E+02
4.29079E+03	1000260560	5.66620E+01	1000260560	5.66620E+01
3.25027E+03	1000260560	1.84913E+02	1000260560	1.84913E+02
1.14847E+03	1000260560	1.50303E+04	1000260560	1.50303E+04
2.72489E+03	1000260560	4.36613E+03	1000260560	4.36613E+03
2.56533E+03	1000260560	1.34829E+03	1000260560	1.34829E+03
1.79126E+03	1000260560	2.52174E+00	1000260560	2.52174E+00
3.63483E+03	1000260560	8.23853E+02	1000260560	8.23853E+02
2.09726E+03	1000260560	2.39362E+02	1000260560	2.39362E+02
2.14660E+03	1000260560	1.86623E+04	1000260560	1.86623E+04
4.13825E+03	1000260560	6.30861E+02	1000260560	6.30861E+02
1.68331E+03	1000260560	7.64830E+03	1000260560	7.64830E+03
4.23714E+03	1000260560	3.55811E+00	1000260560	3.55811E+00
9.52936E+02	1000260560	2.14463E+04	1000260560	2.14463E+04
3.50566E+03	1000260560	7.39402E+00	1000260560	7.39402E+00
2.28006E+02	1000260560	5.35943E+03	1000260560	5.35943E+03
1.86352E+03	1000260560	8.02093E+03	1000260560	8.02093E+03
2.73975E+03	1000260560	5.09465E+00	1000260560	5.09465E+00
8.29594E+02	1000260560	9.36646E+01	1000260560	9.36646E+01
2.74142E+03	1000260560	6.57183E+00	1000260560	6.57183E+00
1.53073E+03	1000260560	1.56482E+02	1000260560	1.56482E+02
1.19521E+02	1000260560	2.44198E+01	1000260560	2.44198E+01
3.27315E+03	1000260560	1.42569E+01	1000260560	1.42569E+01
1.85305E+03	1000260560	3.04392E+02	1000260560	3.04392E+02
1.77046E+03	1000260560	3.21396E+00	1000260560	3.21396E+00
1.18595E+03	1000260560	1.43811E+00	1000260560	1.43811E+00
3.87597E+03	1000260560	7.92550E+02	1000260560	7.92550E+02
1.31124E+03	1000260560	2.60150E+03	1000260560	2.60150E+03
1.12312E+03	1000260560	4.12850E+03	1000260560	4.12850E+03
1.44430E+03	1000260560	1.39538E+03	1000260560	1.39538E+03
4.89037E+03	1000260560	1.60351E+03	1000260560	1.60351E+03
3.28542E+03	1000260560	1.02568E+00	1000260560	1.02568E+00
1.21757E+03	1000260560	2.28558E+00	1000260560	2.28558E+00
1.13143E+03	1000260560	6.20436E+03	1000260560	6.20436E+03
4.12164E+03	1000260560	1.06127E+00	1000260560	1.06127E+00
1.20306E+02	1000260560	6.48552E+00	1000260560	6.48552E+00
4.45318E+03	1000260560	1.63712E+00	1000260560	1.63712E+00
3.49112E+03	1000260560	1.79673E+04	1000260560	1.79673E+04
2.54801E+03	1000260560	2.09293E+02	1000260560	2.09293E+02
1.57891E+03	1000260560	4.15465E+03	1000260560	4.15465E+03
6.56195E+02	1000260560	2.52568E+00	1000260560	2.52568E+00
4.16155E+03	1000260560	7.04490E+03	1000260560	7.04490E+03
1.35450E+03	1000260560	5.70007E+00	1000260560	5.70007E+00
1.44404E+03	1000260560	1.14762E+04	1000260560	1.14762E+04
1.38011E+03	1000260560	2.43285E+03	1000260560	2.43285E+03
4.17174E+03	1000260560	8.82365E+00	1000260560	8.82365E+00
7.27897E+02	1000260560	3.15590E+02	1000260560	3.15590E+02
2.89123E+03	1000260560	2.65911E+00	1000260560	2.65911E+00
1.04359E+03	1000260560	4.54744E+02	1000260560	4.54744E+02
3.83534E+03	1000260560	7.60371E+00	1000260560	7.60371E+00
1.55817E+03	1000260560	2.79168E+00	1000260560	2.79168E+00
3.28986E+03	1000260560	2.87216E+02	1000260560	2.87216E+02
3.55117E+03	1000260560	1.84036E+00	1000260560	1.84036E+00
2.22441E+03	1000260560	1.96178E+02	1000260560	1.96178E+02
4.10519E+03	1000260560	2.17030E+04	1000260560	2.17030E+04
3.28975E+02	1000260560	1.44210E+04	1000260560	1.44210E+04
4.46887E+03	1000260560	4.72191E+02	1000260560	4.72191E+02
8.47111E+02	1000260560	8.67108E+00	1000260560	8.67108E+00
2.44678E+02	1000260560	2.49902E+03	1000260560	2.49902E+03
5.47777E+02	1000260560	1.15777E+04	1000260560	1.15777E+04
4.44915E+03	1000260560	1.28415E+02	1000260560	1.28415E+02
4.20337E+03	1000260560	1.10140E+01	1000260560	1.10140E+01
1.57778E+03	1000260560	1.38228E+01	1000260560	1.38228E+01
1.16296E+03	1000260560	1.20753E+01	1000260560	1.20753E+01
2.05814E+03	1000260560	3.53779E+01	1000260560	3.53779E+01
5.36395E+02	1000260560	1.46335E+03	1000260560	1.46335E+03
3.03082E+03	1000260560	1.02609E+00	1000260560	1.02609E+00
3.12057E+03	1000260560	1.90501E+01	1000260560	1.90501E+01
3.27630E+03	1000260560	1.15809E+04	1000260560	1.15809E+04
2.14556E+03	1000260560	7.27120E+01	1000260560	7.27120E+01
1.40324E+03	1000260560	1.15261E+01	1000260560	1.15261E+01
3.15260E+02	1000260560	2.13474E+01	1000260560	2.13474E+01
1.48296E+03	1000260560	1.51910E+04	1000260560	1.51910E+04
3.84016E+03	1000260560	3.68404E+03	1000260560	3.68404E+03
3.64506E+03	1000260560	1.26051E+01	1000260560	1.26051E+01
2.13468E+03	1000260560	1.35701E+04	1000260560	1.35701E+04
2.20167E+03	1000260560	2.51068E+00	1000260560	2.51068E+00
3.21195E+03	1000260560	5.23133E+01	1000260560	5.23133E+01
3.16730E+03	1000260560	1.68591E+03	1000260560	1.68591E+03
2.53949E+03	1000260560	1.41302E+01	1000260560	1.41302E+01
2.00271E+03	1000260560	3.69567E+01	1000260560	3.69567E+01
3.20984E+03	1000260560	1.18728E+02	1000260560	1.18728E+02
4.05047E+03	1000260560	7.07909E+03	1000260560	7.07909E+03
3.57884E+03	1000260560	1.03984E+03	1000260560	1.03984E+03
2.75999E+02	1000260560	1.67847E+00	1000260560	1.67847E+00
3.41039E+03	1000260560	1.39669E+00	1000260560	1.39669E+00
1.19684E+03	1000260560	1.55411E+00	1000260560	1.55411E+00
3.97856E+03	1000260560	5.93678E+02	1000260560	5.93678E+02
1.18943E+02	1000260560	1.73544E+01	1000260560	1.73544E+01
2.68964E+03	1000260560	2.66747E+03	1000260560	2.66747E+03
1.51239E+03	1000260560	3.52662E+03	1000260560	3.52662E+03
1.98946E+03	1000260560	8.35967E+03	1000260560	8.35967E+03
6.71607E+02	1000260560	8.29060E+03	1000260560	8.29060E+03
3.04887E+03	1000260560	1.87668E+00	1000260560	1.87668E+00
1.45233E+03	1000260560	1.04835E+04	1000260560	1.04835E+04
4.37846E+03	1000260560	2.38284E+04	1000260560	2.38284E+04
3.49612E+03	1000260560	6.65180E+01	1000260560	6.65180E+01
4.24461E+03	1000260560	1.08599E+01	1000260560	1.08599E+01
8.12731E+02	1000260560	1.06766E+01	1000260560	1.06766E+01
4.43533E+02	1000260560	4.33847E+03	1000260560	4.33847E+03
3.58901E+03	1000260560	1.87157E+00	1000260560	1.87157E+00
3.44261E+03	1000260560	6.39055E+03	1000260560	6.39055E+03
2.90797E+03	1000260560	4.09569E+02	1000260560	4.09569E+02
8.18839E+02	1000260560	7.85973E+01	1000260560	7.85973E+01
7.13143E+02	1000260560	6.22723E+00	1000260560	6.22723E+00
9.95971E+02	1000260560	1.64598E+02	1000260560	1.64598E+02
1.07459E+03	1000260560	1.28802E+01	1000260560	1.28802E+01
1.04406E+03	1000260560	1.06216E+00	1000260560	1.06216E+00
2.43614E+03	1000260560	2.09199E+03	1000260560	2.09199E+03
2.48775E+03	1000260560	7.87890E+02	1000260560	7.87890E+02
4.95319E+03	1000260560	9.53488E+00	1000260560	9.53488E+00
5.68406E+02	1000260560	4.88238E+01	1000260560	4.88238E+01
3.07646E+03	1000260560	1.70949E+00	1000260560	1.70949E+00
2.03976E+03	1000260560	1.05448E+02	1000260560	1.05448E+02
1.49827E+03	1000260560	4.34831E+01	1000260560	4.34831E+01
2.85468E+03	1000260560	2.11988E+01	1000260560	2.11988E+01
3.81415E+03	1000260560	1.20161E+00	1000260560	1.20161E+00
4.78665E+02	1000260560	2.32960E+03	1000260560	2.32960E+03
5.28088E+02	1000260560	2.41201E+04	1000260560	2.41201E+04
6.46363E+02	1000260560	2.29537E+03	1000260560	2.29537E+03
3.30099E+03	1000260560	2.81512E+00	1000260560	2.81512E+00
6.37516E+02	1000260560	6.11755E+01	1000260560	6.11755E+01
1.77209E+03	1000260560	5.13078E+00	1000260560	5.13078E+00
3.17100E+02	1000260560	1.46430E+02	1000260560	1.46430E+02
2.50237E+03	1000260560	2.95997E+03	1000260560	2.95997E+03
3.62488E+03	1000260560	1.32619E+01	1000260560	1.32619E+01
3.00724E+03	1000260560	5.24532E+03	1000260560	5.24532E+03
3.59869E+03	1000260560	3.75419E+00	1000260560	3.75419E+00
1.95104E+03	1000260560	6.52382E+02	1000260560	6.52382E+02
1.19021E+03	1000260560	4.39866E+02	1000260560	4.39866E+02
3.00417E+03	1000260560	9.13755E+00	1000260560	9.13755E+00
1.37010E+03	1000260560	2.32650E+01	1000260560	2.32650E+01
1.59670E+03	1000260560	6.48350E+01	1000260560	6.48350E+01
9.36923E+02	1000260560	1.58803E+01	1000260560	1.58803E+01
3.78494E+03	1000260560	4.99703E+02	1000260560	4.99703E+02
1.51227E+03	1000260560	1.19312E+03	1000260560	1.19312E+03
1.27466E+03	1000260560	1.39197E+04	1000260560	1.39197E+04
2.01840E+03	1000260560	3.35789E+00	1000260560	3.35789E+00
3.65421E+02	1000260560	8.71177E+02	1000260560	8.71177E+02
4.20243E+03	1000260560	6.66476E+00	1000260560	6.66476E+00
3.87538E+03	1000260560	7.09088E+01	1000260560	7.09088E+01
1.45663E+03	1000260560	5.33920E+03	1000260560	5.33920E+03
1.13698E+03	1000260560	1.36088E+03	1000260560	1.36088E+03
6.25438E+02	1000260560	2.21031E+04	1000260560	2.21031E+04
2.03254E+03	1000260560	1.53583E+00	1000260560	1.53583E+00
2.52993E+03	1000260560	1.21662E+04	1000260560	1.21662E+04
6.65008E+02	1000260560	1.32349E+03	1000260560	1.32349E+03
1.59032E+03	1000260560	6.71549E+01	1000260560	6.71549E+01
1.18123E+02	1000260560	1.68050E+03	1000260560	1.68050E+03
4.07110E+02	1000260560	3.66272E+02	1000260560	3.66272E+02
1.47509E+03	1000260560	1.34729E+01	1000260560	1.34729E+01
1.42252E+03	1000260560	1.24577E+04	1000260560	1.24577E+04
2.67099E+03	1000260560	3.28906E+01	1000260560	3.28906E+01
7.94128E+02	1000260560	3.72191E+00	1000260560	3.72191E+00
1.92822E+02	1000260560	1.34617E+03	1000260560	1.34617E+03
2.30158E+03	1000260560	1.03685E+00	1000260560	1.03685E+00
3.63801E+02	1000260560	2.14221E+03	1000260560	2.14221E+03
4.89266E+02	1000260560	1.73155E+01	1000260560	1.73155E+01
4.92856E+03	1000260560	9.34745E+01	1000260560	9.34745E+01
3.59009E+03	1000260560	1.89605E+02	1000260560	1.89605E+02
4.02943E+02	1000260560	2.89173E+01	1000260560	2.89173E+01
8.84237E+02	1000260560	5.07893E+02	1000260560	5.07893E+02
2.17572E+02	1000260560	6.00276E+03	1000260560	6.00276E+03
4.70782E+03	1000260560	1.38903E+00	1000260560	1.38903E+00
2.60677E+03	1000260560	3.84590E+03	1000260560	3.84590E+03
1.66037E+02	1000260560	9.11785E+02	1000260560	9.11785E+02
8.71471E+02	1000260560	2.24807E+02	1000260560	2.24807E+02
5.11846E+02	1000260560	1.77717E+01	1000260560	1.77717E+01
3.56590E+02	1000260560	1.38085E+04	1000260560	1.38085E+04
8.45451E+02	1000260560	4.70126E+02	1000260560	4.70126E+02
1.34282E+03	1000260560	1.14419E+04	1000260560	1.14419E+04
2.65194E+02	1000260560	1.84691E+00	1000260560	1.84691E+00
2.40909E+03	1000260560	8.34085E+03	1000260560	8.34085E+03
1.64762E+03	1000260560	6.02795E+00	1000260560	6.02795E+00
7.64765E+02	1000260560	7.86330E+01	1000260560	7.86330E+01
1.64066E+03	1000260560	9.75069E+01	1000260560	9.75069E+01
3.83375E+03	1000260560	5.08013E+02	1000260560	5.08013E+02
3.87193E+03	1000260560	3.16176E+01	1000260560	3.16176E+01
5.99731E+02	1000260560	1.90107E+04	1000260560	1.90107E+04
3.47568E+03	1000260560	9.64486E+02	1000260560	9.64486E+02
7.83235E+02	1000260560	5.98700E+00	1000260560	5.98700E+00
2.29937E+03	1000260560	3.45318E+02	1000260560	3.45318E+02
3.96809E+02	1000260560	6.48481E+02	1000260560	6.48481E+02
3.15487E+02	1000260560	1.81258E+04	1000260560	1.81258E+04
1.58140E+03	1000260560	2.70851E+00	1000260560	2.70851E+00
4.12113E+03	1000260560	3.51587E+02	1000260560	3.51587E+02
9.75969E+02	1000260560	1.35014E+01	1000260560	1.35014E+01
3.33501E+03	1000260560	3.12035E+01	1000260560	3.12035E+01
4.11894E+03	1000260560	5.65918E+02	1000260560	5.65918E+02
5.33369E+02	1000260560	1.34832E+01	1000260560	1.34832E+01
3.28717E+02	1000260560	1.54251E+00	1000260560	1.54251E+00
3.02680E+03	1000260560	2.44933E+04	1000260560	2.44933E+04
4.33451E+02	1000260560	7.16543E+00	1000260560	7.16543E+00
1.84586E+03	1000260560	1.96108E+00	1000260560	1.96108E+00
1.08270E+03	1000260560	8.54298E+02	1000260560	8.54298E+02
3.52230E+03	1000260560	1.08491E+04	1000260560	1.08491E+04
2.26394E+03	1000260560	1.65741E+04	1000260560	1.65741E+04
4.62184E+03	1000260560	2.07918E+01	1000260560	2.07918E+01
9.69251E+02	1000260560	4.51088E+02	1000260560	4.51088E+02
3.87586E+03	1000260560	2.03855E+00	1000260560	2.03855E+00
2.42810E+02	1000260560	3.16813E+02	1000260560	3.16813E+02
4.91931E+03	1000260560	2.52222E+00	1000260560	2.52222E+00
3.96046E+03	1000260560	2.27754E+00	1000260560	2.27754E+00
6.11387E+02	1000260560	1.85684E+00	1000260560	1.85684E+00
1.07195E+03	1000260560	2.47695E+02	1000260560	2.47695E+02
7.10745E+02	1000260560	2.13923E+00	1000260560	2.13923E+00
3.74750E+03	1000260560	8.17926E+01	1000260560	8.17926E+01
5.88405E+02	1000260560	6.25574E+00	1000260560	6.25574E+00
1.62115E+03	1000260560	1.29233E+01	1000260560	1.29233E+01
6.56645E+02	1000260560	1.79882E+02	1000260560	1.79882E+02
2.64826E+03	1000260560	7.70054E+03	1000260560	7.70054E+03
3.07630E+03	1000260560	1.87230E+01	1000260560	1.87230E+01
2.29718E+03	1000260560	1.24417E+03	1000260560	1.24417E+03
3.59168E+03	1000260560	2.00126E+01	1000260560	2.00126E+01
2.14634E+03	1000260560	8.72679E+01	1000260560	8.72679E+01
3.32861E+02	1000260560	4.64416E+01	1000260560	4.64416E+01
1.71809E+02	1000260560	1.49595E+04	1000260560	1.49595E+04
1.10182E+03	1000260560	3.49003E+03	1000260560	3.49003E+03
1.78529E+03	1000260560	3.86295E+01	1000260560	3.86295E+01
4.64320E+03	1000260560	9.26951E+01	1000260560	9.26951E+01
3.22137E+02	1000260560	1.00443E+03	1000260560	1.00443E+03
1.19303E+03	1000260560	1.17296E+01	1000260560	1.17296E+01
1.82249E+03	1000260560	1.43073E+04	1000260560	1.43073E+04
4.06443E+02	1000260560	8.90751E+03	1000260560	8.90751E+03
4.70937E+03	1000260560	1.99177E+03	1000260560	1.99177E+03
1.28327E+02	1000260560	1.76194E+03	1000260560	1.76194E+03
1.84886E+03	1000260560	6.76910E+00	1000260560	6.76910E+00
3.76279E+02	1000260560	5.54220E+01	1000260560	5.54220E+01
4.03248E+03	1000260560	8.98037E+02	1000260560	8.98037E+02
3.71942E+03	1000260560	1.03055E+00	1000260560	1.03055E+00
4.06300E+03	1000260560	3.47030E+02	1000260560	3.47030E+02
3.28963E+02	1000260560	7.83737E+03	1000260560	7.83737E+03
3.61575E+03	1000260560	3.21597E+01	1000260560	3.21597E+01
4.64757E+03	1000260560	1.79575E+00	1000260560	1.79575E+00
9.02562E+02	1000260560	5.47734E+03	1000260560	5.47734E+03
1.35273E+03	1000260560	1.28914E+01	1000260560	1.28914E+01
2.08239E+03	1000260560	7.17158E+03	1000260560	7.17158E+03
1.12075E+03	1000260560	1.22653E+04	1000260560	1.22653E+04
5.41349E+02	1000260560	9.33807E+02	1000260560	9.33807E+02
2.54397E+03	1000260560	1.23590E+03	1000260560	1.23590E+03
1.80064E+03	1000260560	1.29445E+04	1000260560	1.29445E+04
2.44520E+03	1000260560	1.53551E+04	1000260560	1.53551E+04
4.07196E+03	1000260560	1.39838E+01	1000260560	1.39838E+01
6.70031E+02	1000260560	1.00396E+00	1000260560	1.00396E+00
1.72524E+03	1000260560	2.87491E+00	1000260560	2.87491E+00
4.03928E+03	1000260560	1.16828E+02	1000260560	1.16828E+02
5.38715E+02	1000260560	2.06200E+03	1000260560	2.06200E+03
4.83365E+03	1000260560	2.28937E+01	1000260560	2.28937E+01
8.98593E+02	1000260560	8.24157E+02	1000260560	8.24157E+02
1.66119E+02	1000260560	5.47072E+01	1000260560	5.47072E+01
2.62935E+03	1000260560	3.78249E+00	1000260560	3.78249E+00
7.88080E+02	1000260560	2.30092E+04	1000260560	2.30092E+04
1.01995E+03	1000260560	1.16130E+00	1000260560	1.16130E+00
3.60234E+03	1000260560	2.76346E+03	1000260560	2.76346E+03
3.55128E+03	1000260560	8.10440E+03	1000260560	8.10440E+03
1.22674E+03	1000260560	2.34014E+01	1000260560	2.34014E+01
2.34704E+03	1000260560	1.21072E+03	1000260560	1.21072E+03
1.41940E+03	1000260560	9.20707E+01	1000260560	9.20707E+01
2.85625E+03	1000260560	7.02031E+00	1000260560	7.02031E+00
2.48414E+03	1000260560	8.27524E+00	1000260560	8.27524E+00
1.38021E+03	1000260560	2.50558E+03	1000260560	2.50558E+03
6.10973E+02	1000260560	4.16883E+03	1000260560	4.16883E+03
3.69019E+03	1000260560	1.11463E+04	1000260560	1.11463E+04
4.20281E+03	1000260560	1.01800E+02	1000260560	1.01800E+02
2.56625E+03	1000260560	1.65542E+02	1000260560	1.65542E+02
8.38387E+02	1000260560	2.54708E+00	1000260560	2.54708E+00
4.56540E+03	1000260560	2.08366E+04	1000260560	2.08366E+04
1.66044E+02	1000260560	4.16948E+01	1000260560	4.16948E+01
4.25642E+03	1000260560	1.17265E+01	1000260560	1.17265E+01
3.08998E+03	1000260560	4.58095E+02	1000260560	4.58095E+02
5.09711E+02	1000260560	1.09560E+04	1000260560	1.09560E+04
2.01707E+03	1000260560	8.54782E+03	1000260560	8.54782E+03
2.50854E+03	1000260560	1.85671E+04	1000260560	1.85671E+04
2.73073E+03	1000260560	5.17781E+03	1000260560	5.17781E+03
1.94502E+03	1000260560	6.82864E+03	1000260560	6.82864E+03
5.67112E+02	1000260560	7.77195E+03	1000260560	7.77195E+03
1.40577E+02	1000260560	5.56666E+02	1000260560	5.56666E+02
2.18940E+03	1000260560	1.06234E+02	1000260560	1.06234E+02
4.60317E+03	1000260560	4.19736E+03	1000260560	4.19736E+03
6.80755E+02	1000260560	8.76622E+02	1000260560	8.76622E+02
3.31046E+03	1000260560	1.10475E+03	1000260560	1.10475E+03
9.36973E+02	1000260560	1.89541E+03	1000260560	1.89541E+03
2.34153E+03	1000260560	4.14860E+01	1000260560	4.14860E+01
4.12733E+03	1000260560	2.38374E+02	1000260560	2.38374E+02
5.62363E+02	1000260560	3.90442E+02	1000260560	3.90442E+02
2.33883E+03	1000260560	1.61742E+02	1000260560	1.61742E+02
5.09676E+02	1000260560	4.38678E+01	1000260560	4.38678E+01
3.86938E+03	1000260560	4.34610E+00	1000260560	4.34610E+00
3.91286E+03	1000260560	1.28877E+00	1000260560	1.28877E+00
8.72893E+02	1000260560	6.88637E+01	1000260560	6.88637E+01
4.58991E+03	1000260560	5.86058E+00	1000260560	5.86058E+00
3.99840E+03	1000260560	1.08580E+00	1000260560	1.08580E+00
2.38975E+03	1000260560	2.38438E+02	1000260560	2.38438E+02
4.96525E+03	1000260560	5.97665E+02	1000260560	5.97665E+02
6.62276E+02	1000260560	1.32185E+04	1000260560	1.32185E+04
2.04272E+03	1000260560	4.02537E+03	1000260560	4.02537E+03
1.68963E+03	1000260560	4.14362E+00	1000260560	4.14362E+00
2.60577E+03	1000260560	4.39806E+00	1000260560	4.39806E+00
1.39478E+03	1000260560	1.29018E+03	1000260560	1.29018E+03
3.23976E+03	1000260560	2.24942E+01	1000260560	2.24942E+01
1.07869E+03	1000260560	1.36578E+04	1000260560	1.36578E+04
1.27599E+03	1000260560	2.06997E+00	1000260560	2.06997E+00
1.01826E+03	1000260560	7.67966E+01	1000260560	7.67966E+01
3.33444E+03	1000260560	4.27050E+02	1000260560	4.27050E+02
5.86582E+02	1000260560	4.86948E+00	1000260560	4.86948E+00
2.98207E+03	1000260560	6.87332E+02	1000260560	6.87332E+02
4.46876E+02	1000260560	1.04681E+04	1000260560	1.04681E+04
1.58414E+03	1000260560	8.27241E+01	1000260560	8.27241E+01
1.71496E+03	1000260560	1.64347E+03	1000260560	1.64347E+03
3.67564E+02	1000260560	1.55345E+01	1000260560	1.55345E+01
1.58419E+03	1000260560	5.33634E+03	1000260560	5.33634E+03
1.63995E+03	1000260560	2.82203E+03	1000260560	2.82203E+03
3.19567E+03	1000260560	1.82834E+02	1000260560	1.82834E+02
1.07550E+03	1000260560	1.61495E+02	1000260560	1.61495E+02
5.29451E+02	1000260560	5.95582E+00	1000260560	5.95582E+00
3.17518E+03	1000260560	4.13844E+01	1000260560	4.13844E+01
3.17665E+02	1000260560	1.26236E+01	1000260560	1.26236E+01
2.26082E+03	1000260560	1.15188E+04	1000260560	1.15188E+04
7.44741E+02	1000260560	6.63094E+00	1000260560	6.63094E+00
3.29464E+03	1000260560	5.46429E+02	1000260560	5.46429E+02
3.71340E+03	1000260560	3.68956E+00	1000260560	3.68956E+00
4.84394E+03	1000260560	3.11116E+00	1000260560	3.11116E+00
4.94971E+02	1000260560	9.08887E+00	1000260560	9.08887E+00
2.08997E+02	1000260560	7.70707E+03	1000260560	7.70707E+03
6.01747E+02	1000260560	8.25711E+00	1000260560	8.25711E+00
1.59640E+03	1000260560	1.55612E+04	1000260560	1.55612E+04
3.14902E+03	1000260560	1.68245E+04	1000260560	1.68245E+04
1.50972E+03	1000260560	1.31329E+01	1000260560	1.31329E+01
1.68886E+03	1000260560	4.85824E+02	1000260560	4.85824E+02
1.71512E+03	1000260560	8.47484E+03	1000260560	8.47484E+03
1.76508E+03	1000260560	1.22502E+01	1000260560	1.22502E+01
2.03847E+03	1000260560	4.46217E+01	1000260560	4.46217E+01
4.17129E+03	1000260560	3.20564E+03	1000260560	3.20564E+03
1.50866E+03	1000260560	5.64579E+02	1000260560	5.64579E+02
4.90576E+03	1000260560	6.40059E+00	1000260560	6.40059E+00
1.24948E+03	1000260560	9.10135E+00	1000260560	9.10135E+00
3.26333E+03	1000260560	3.35758E+01	1000260560	3.35758E+01
1.16759E+03	1000260560	4.86720E+00	1000260560	4.86720E+00
1.45039E+03	1000260560	6.11864E+02	1000260560	6.11864E+02
2.23059E+03	1000260560	1.71444E+03	1000260560	1.71444E+03
7.01031E+02	1000260560	6.38593E+00	1000260560	6.38593E+00
4.64795E+03	1000260560	1.21006E+02	1000260560	1.21006E+02
4.58775E+02	1000260560	1.14075E+02	1000260560	1.14075E+02
4.69931E+03	1000260560	6.81581E+00	1000260560	6.81581E+00
1.08845E+03	1000260560	5.25558E+01	1000260560	5.25558E+01
2.36829E+03	1000260560	1.06298E+04	1000260560	1.06298E+04
1.10003E+03	1000260560	1.85348E+03	1000260560	1.85348E+03
2.99630E+03	1000260560	2.99150E+01	1000260560	2.99150E+01
1.85835E+03	1000260560	1.84493E+02	1000260560	1.84493E+02
1.26467E+03	1000260560	4.51846E+00	1000260560	4.51846E+00
2.83900E+03	1000260560	2.43327E+04	1000260560	2.43327E+04
1.88318E+03	1000260560	2.38713E+04	1000260560	2.38713E+04
4.15429E+02	1000260560	6.14922E+00	1000260560	6.14922E+00
3.10681E+03	1000260560	9.79929E+03	1000260560	9.79929E+03
1.55691E+02	1000260560	7.06846E+01	1000260560	7.06846E+01
6.64219E+02	1000260560	9.73837E+01	1000260560	9.73837E+01
4.59257E+03	1000260560	2.13150E+01	1000260560	2.13150E+01
1.03851E+03	1000260560	4.26277E+02	1000260560	4.26277E+02
4.54708E+02	1000260560	1.49432E+02	1000260560	1.49432E+02
5.21370E+02	1000260560	3.89348E+02	1000260560	3.89348E+02
1.04929E+03	1000260560	1.47403E+03	1000260560	1.47403E+03
3.46495E+03	1000260560	3.01310E+00	1000260560	3.01310E+00
4.47390E+03	1000260560	1.63617E+02	1000260560	1.63617E+02
3.09372E+03	1000260560	6.13196E+02	1000260560	6.13196E+02
1.85414E+03	1000260560	1.96218E+04	1000260560	1.96218E+04
3.50208E+03	1000260560	1.45155E+04	1000260560	1.45155E+04
4.47916E+03	1000260560	2.14468E+03	1000260560	2.14468E+03
3.69314E+03	1000260560	1.73305E+02	1000260560	1.73305E+02
2.22061E+03	1000260560	1.96633E+03	1000260560	1.96633E+03
3.49565E+03	1000260560	1.08347E+02	1000260560	1.08347E+02
2.78356E+03	1000260560	4.56104E+01	1000260560	4.56104E+01
9.89562E+02	1000260560	4.88435E+02	1000260560	4.88435E+02
5.14426E+02	1000260560	2.20055E+01	1000260560	2.20055E+01
1.51842E+03	1000260560	8.86052E+03	1000260560	8.86052E+03
8.54504E+02	1000260560	3.79869E+03	1000260560	3.79869E+03
2.57705E+03	1000260560	2.47029E+01	1000260560	2.47029E+01
9.21739E+02	1000260560	1.71721E+00	1000260560	1.71721E+00
1.03877E+03	1000260560	1.67621E+02	1000260560	1.67621E+02
3.91936E+03	1000260560	8.02298E+00	1000260560	8.02298E+00
4.75405E+03	1000260560	7.44965E+00	1000260560	7.44965E+00
2.66240E+03	1000260560	1.02982E+01	1000260560	1.02982E+01
4.95366E+02	1000260560	5.48365E+02	1000260560	5.48365E+02
1.27816E+03	1000260560	7.43056E+02	1000260560	7.43056E+02
1.63190E+03	1000260560	1.29412E+00	1000260560	1.29412E+00
2.70879E+03	1000260560	5.56987E+02	1000260560	5.56987E+02
2.04627E+03	1000260560	1.03191E+03	1000260560	1.03191E+03
1.85818E+03	1000260560	6.57056E+00	1000260560	6.57056E+00
7.75539E+02	1000260560	1.62099E+00	1000260560	1.62099E+00
1.50081E+03	1000260560	2.41292E+02	1000260560	2.41292E+02
1.49852E+03	1000260560	4.29962E+02	1000260560	4.29962E+02
2.35506E+03	1000260560	3.24640E+01	1000260560	3.24640E+01
4.92996E+03	1000260560	4.42538E+02	1000260560	4.42538E+02
9.74562E+02	1000260560	2.56237E+00	1000260560	2.56237E+00
4.80215E+03	1000260560	1.43167E+04	1000260560	1.43167E+04
2.15023E+03	1000260560	1.69889E+02	1000260560	1.69889E+02
2.20114E+03	1000260560	1.79068E+00	1000260560	1.79068E+00
2.08233E+03	1000260560	3.85041E+02	1000260560	3.85041E+02
4.86337E+03	1000260560	2.12448E+03	1000260560	2.12448E+03
2.55309E+03	1000260560	2.31674E+03	1000260560	2.31674E+03
1.46074E+03	1000260560	9.13119E+02	1000260560	9.13119E+02
4.33313E+03	1000260560	1.28287E+00	1000260560	1.28287E+00
2.92944E+03	1000260560	9.00639E+02	1000260560	9.00639E+02
8.96611E+02	1000260560	9.39965E+01	1000260560	9.39965E+01
2.61749E+03	1000260560	1.87628E+01	1000260560	1.87628E+01
3.35216E+03	1000260560	3.43414E+00	1000260560	3.43414E+00
2.71777E+03	1000260560	4.13495E+00	1000260560	4.13495E+00
2.40038E+03	1000260560	8.42672E+00	1000260560	8.42672E+00
8.47008E+02	1000260560	3.37841E+01	1000260560	3.37841E+01
4.05139E+03	1000260560	2.55610E+01	1000260560	2.55610E+01
2.54522E+03	1000260560	1.00901E+04	1000260560	1.00901E+04
1.40243E+03	1000260560	6.57710E+03	1000260560	6.57710E+03
3.55674E+03	1000260560	6.96530E+02	1000260560	6.96530E+02
1.47091E+03	1000260560	2.20515E+04	1000260560	2.20515E+04
1.39432E+03	1000260560	2.02032E+01	1000260560	2.02032E+01
1.48241E+02	1000260560	1.04017E+01	1000260560	1.04017E+01
1.40499E+03	1000260560	8.99631E+03	1000260560	8.99631E+03
6.24226E+02	1000260560	1.44195E+01	1000260560	1.44195E+01
4.80969E+03	1000260560	1.83039E+04	1000260560	1.83039E+04
4.04231E+02	1000260560	9.29436E+00	1000260560	9.29436E+00
5.41718E+02	1000260560	1.00913E+02	1000260560	1.00913E+02
2.46332E+03	1000260560	5.87488E+02	1000260560	5.87488E+02
4.64939E+03	1000260560	1.07888E+04	1000260560	1.07888E+04
4.76398E+03	1000260560	2.06461E+00	1000260560	2.06461E+00
2.09189E+03	1000260560	2.13576E+02	1000260560	2.13576E+02
2.91758E+03	1000260560	6.37032E+03	1000260560	6.37032E+03
2.97466E+02	1000260560	2.42997E+02	1000260560	2.42997E+02
1.40783E+03	1000260560	2.31434E+04	1000260560	2.31434E+04
1.83121E+03	1000260560	2.96444E+03	1000260560	2.96444E+03
2.33017E+03	1000260560	6.53499E+02	1000260560	6.53499E+02
1.13977E+03	1000260560	6.25698E+01	1000260560	6.25698E+01
1.32867E+03	1000260560	6.57870E+03	1000260560	6.57870E+03
1.74072E+03	1000260560	1.65742E+02	1000260560	1.65742E+02
2.08761E+03	1000260560	4.89717E+01	1000260560	4.89717E+01
3.44731E+03	1000260560	3.60217E+01	1000260560	3.60217E+01
1.37000E+03	1000260560	9.90698E+01	1000260560	9.90698E+01
3.22042E+03	1000260560	3.72977E+01	1000260560	3.72977E+01
3.64466E+03	1000260560	3.47913E+00	1000260560	3.47913E+00
6.71378E+02	1000260560	2.51348E+04	1000260560	2.51348E+04
