#	D	ID	E	ID0	E0
#
# D             Trajectory length [1 Mpc]
# ID/ID0/ID1    Particle type (PDG MC numbering scheme)
# E/E0/E1       Energy [1 EeV]
# no index = current, 0 = at source, 1 = at point of creation
#
# CRPropa version: -128-NOTFOUND
#
1.34041E+03	1000260560	5.33548E+20	1000260560	5.33548E+20
9.32804E+02	1000260560	7.18633E+18	1000260560	7.18633E+18
1.58127E+03	1000260560	2.88336E+21	1000260560	2.88336E+21
3.46812E+03	1000260560	3.05515E+20	1000260560	3.05515E+20
8.57637E+03	1000260560	6.66706E+19	1000260560	6.66706E+19
3.84787E+02	1000260560	1.34152E+19	1000260560	1.34152E+19
5.70400E+03	1000260560	3.59666E+21	1000260560	3.59666E+21
5.77629E+02	1000260560	8.70423E+20	1000260560	8.70423E+20
3.35876E+03	1000260560	2.69008E+20	1000260560	2.69008E+20
7.16596E+03	1000260560	3.28479E+20	1000260560	3.28479E+20
5.94639E+03	1000260560	9.27604E+20	1000260560	9.27604E+20
5.33701E+03	1000260560	1.63388E+21	1000260560	1.63388E+21
2.15008E+03	1000260560	9.62318E+19	1000260560	9.62318E+19
1.69586E+02	1000260560	7.73659E+20	1000260560	7.73659E+20
1.46637E+03	1000260560	9.07540E+19	1000260560	9.07540E+19
5.07506E+03	1000260560	1.62920E+19	1000260560	1.62920E+19
1.95978E+03	1000260560	8.36184E+18	1000260560	8.36184E+18
6.53919E+02	1000260560	7.75375E+18	1000260560	7.75375E+18
8.85000E+03	1000260560	5.18040E+19	1000260560	5.18040E+19
3.22183E+03	1000260560	4.93482E+19	1000260560	4.93482E+19
7.70324E+03	1000260560	6.86030E+20	1000260560	6.86030E+20
4.59341E+03	1000260560	8.56591E+19	1000260560	8.56591E+19
5.42729E+03	1000260560	4.78799E+20	1000260560	4.78799E+20
8.29971E+03	1000260560	3.47488E+19	1000260560	3.47488E+19
3.14745E+03	1000260560	2.80499E+21	1000260560	2.80499E+21
1.80232E+03	1000260560	1.44433E+20	1000260560	1.44433E+20
3.45859E+03	1000260560	2.93537E+19	1000260560	2.93537E+19
5.30003E+03	1000260560	3.56656E+19	1000260560	3.56656E+19
3.49360E+03	1000260560	9.16206E+20	1000260560	9.16206E+20
1.66246E+03	1000260560	6.38895E+19	1000260560	6.38895E+19
1.68659E+03	1000260560	5.89085E+21	1000260560	5.89085E+21
2.00597E+03	1000260560	1.31403E+20	1000260560	1.31403E+20
2.37716E+03	1000260560	1.66382E+19	1000260560	1.66382E+19
5.07227E+03	1000260560	4.72104E+19	1000260560	4.72104E+19
1.59913E+03	1000260560	2.37488E+21	1000260560	2.37488E+21
4.67679E+03	1000260560	6.46300E+20	1000260560	6.46300E+20
4.42919E+03	1000260560	1.17563E+19	1000260560	1.17563E+19
4.81550E+02	1000260560	5.96807E+19	1000260560	5.96807E+19
9.93413E+03	1000260560	3.22110E+21	1000260560	3.22110E+21
6.78719E+03	1000260560	1.04385E+21	1000260560	1.04385E+21
6.17003E+03	1000260560	8.03626E+20	1000260560	8.03626E+20
8.20023E+03	1000260560	4.86464E+19	1000260560	4.86464E+19
8.13069E+03	1000260560	1.47909E+20	1000260560	1.47909E+20
3.16814E+03	1000260560	5.89405E+20	1000260560	5.89405E+20
2.74136E+03	1000260560	4.82280E+21	1000260560	4.82280E+21
2.49486E+02	1000260560	4.85962E+20	1000260560	4.85962E+20
1.25811E+03	1000260560	6.25098E+19	1000260560	6.25098E+19
9.23420E+03	1000260560	3.76182E+19	1000260560	3.76182E+19
5.69338E+03	1000260560	3.87922E+19	1000260560	3.87922E+19
4.07666E+03	1000260560	1.52768E+20	1000260560	1.52768E+20
2.96773E+03	1000260560	1.15756E+21	1000260560	1.15756E+21
2.33770E+02	1000260560	3.02845E+21	1000260560	3.02845E+21
2.35268E+02	1000260560	1.05766E+19	1000260560	1.05766E+19
8.70116E+03	1000260560	8.40085E+18	1000260560	8.40085E+18
1.59831E+03	1000260560	1.01893E+19	1000260560	1.01893E+19
4.91260E+03	1000260560	3.53220E+19	1000260560	3.53220E+19
6.58356E+02	1000260560	6.68940E+18	1000260560	6.68940E+18
5.63772E+03	1000260560	1.33046E+19	1000260560	1.33046E+19
1.91385E+03	1000260560	1.52002E+21	1000260560	1.52002E+21
6.47421E+03	1000260560	5.82973E+21	1000260560	5.82973E+21
4.37055E+03	1000260560	9.04571E+18	1000260560	9.04571E+18
5.29888E+02	1000260560	5.02697E+21	1000260560	5.02697E+21
1.01388E+03	1000260560	3.27938E+19	1000260560	3.27938E+19
1.84382E+03	1000260560	1.33686E+21	1000260560	1.33686E+21
1.40914E+03	1000260560	6.12470E+21	1000260560	6.12470E+21
7.20650E+03	1000260560	2.19562E+20	1000260560	2.19562E+20
1.85585E+02	1000260560	1.31407E+21	1000260560	1.31407E+21
4.73555E+03	1000260560	2.41085E+20	1000260560	2.41085E+20
7.99016E+03	1000260560	1.03423E+19	1000260560	1.03423E+19
3.25895E+03	1000260560	1.19819E+21	1000260560	1.19819E+21
5.06264E+03	1000260560	2.94844E+21	1000260560	2.94844E+21
1.92473E+03	1000260560	9.53821E+20	1000260560	9.53821E+20
5.40532E+03	1000260560	6.19888E+21	1000260560	6.19888E+21
1.10418E+02	1000260560	1.09645E+20	1000260560	1.09645E+20
3.38242E+03	1000260560	2.81753E+21	1000260560	2.81753E+21
4.32520E+03	1000260560	2.27053E+20	1000260560	2.27053E+20
2.20211E+03	1000260560	4.71036E+19	1000260560	4.71036E+19
6.29419E+03	1000260560	3.37137E+19	1000260560	3.37137E+19
2.23255E+03	1000260560	1.91397E+20	1000260560	1.91397E+20
4.82015E+02	1000260560	2.88483E+20	1000260560	2.88483E+20
7.25525E+03	1000260560	2.28735E+21	1000260560	2.28735E+21
5.81873E+03	1000260560	1.26969E+19	1000260560	1.26969E+19
4.36229E+03	1000260560	1.03222E+19	1000260560	1.03222E+19
2.99442E+03	1000260560	2.07065E+20	1000260560	2.07065E+20
2.69315E+03	1000260560	5.21513E+19	1000260560	5.21513E+19
3.53138E+03	1000260560	2.47577E+19	1000260560	2.47577E+19
1.32654E+03	1000260560	9.32784E+19	1000260560	9.32784E+19
1.92643E+03	1000260560	4.60866E+19	1000260560	4.60866E+19
1.68175E+03	1000260560	4.18135E+20	1000260560	4.18135E+20
1.04237E+03	1000260560	9.69302E+18	1000260560	9.69302E+18
4.91689E+03	1000260560	4.08488E+19	1000260560	4.08488E+19
4.46994E+03	1000260560	3.29373E+19	1000260560	3.29373E+19
7.27545E+03	1000260560	8.35520E+18	1000260560	8.35520E+18
1.24794E+03	1000260560	4.98871E+21	1000260560	4.98871E+21
1.01750E+03	1000260560	2.97025E+21	1000260560	2.97025E+21
2.47416E+03	1000260560	5.50451E+19	1000260560	5.50451E+19
6.33191E+03	1000260560	3.90747E+20	1000260560	3.90747E+20
6.56427E+03	1000260560	1.82030E+19	1000260560	1.82030E+19
7.29861E+03	1000260560	2.28019E+19	1000260560	2.28019E+19
2.32400E+03	1000260560	1.06140E+20	1000260560	1.06140E+20
1.15171E+02	1000260560	5.29168E+21	1000260560	5.29168E+21
3.25653E+03	1000260560	1.49965E+20	1000260560	1.49965E+20
4.23158E+03	1000260560	2.46565E+21	1000260560	2.46565E+21
9.34709E+03	1000260560	2.13976E+20	1000260560	2.13976E+20
8.07094E+03	1000260560	3.25467E+21	1000260560	3.25467E+21
2.71067E+02	1000260560	4.83137E+20	1000260560	4.83137E+20
4.55181E+03	1000260560	1.15479E+21	1000260560	1.15479E+21
3.80958E+03	1000260560	2.12356E+19	1000260560	2.12356E+19
2.28034E+03	1000260560	9.39437E+18	1000260560	9.39437E+18
9.83601E+02	1000260560	2.09397E+20	1000260560	2.09397E+20
1.17682E+03	1000260560	6.79865E+20	1000260560	6.79865E+20
2.18241E+03	1000260560	1.15078E+19	1000260560	1.15078E+19
5.59917E+03	1000260560	2.94283E+20	1000260560	2.94283E+20
1.69731E+03	1000260560	9.85844E+19	1000260560	9.85844E+19
1.59938E+03	1000260560	4.80537E+19	1000260560	4.80537E+19
1.13981E+03	1000260560	4.26390E+21	1000260560	4.26390E+21
3.47367E+03	1000260560	1.71553E+19	1000260560	1.71553E+19
9.78921E+02	1000260560	1.25025E+21	1000260560	1.25025E+21
4.09141E+03	1000260560	2.70493E+21	1000260560	2.70493E+21
5.45950E+03	1000260560	4.86047E+21	1000260560	4.86047E+21
1.56236E+03	1000260560	9.69177E+18	1000260560	9.69177E+18
2.24165E+03	1000260560	1.76373E+19	1000260560	1.76373E+19
8.24646E+03	1000260560	2.61334E+21	1000260560	2.61334E+21
3.11228E+03	1000260560	5.62921E+19	1000260560	5.62921E+19
5.11540E+02	1000260560	3.18270E+19	1000260560	3.18270E+19
1.75652E+03	1000260560	9.51891E+19	1000260560	9.51891E+19
2.02810E+03	1000260560	4.92647E+20	1000260560	4.92647E+20
9.39390E+03	1000260560	1.90910E+20	1000260560	1.90910E+20
9.40304E+03	1000260560	2.89034E+19	1000260560	2.89034E+19
1.70972E+03	1000260560	8.19667E+18	1000260560	8.19667E+18
3.59826E+03	1000260560	5.68389E+19	1000260560	5.68389E+19
5.98249E+03	1000260560	1.04695E+19	1000260560	1.04695E+19
1.42310E+03	1000260560	2.49772E+21	1000260560	2.49772E+21
6.21244E+03	1000260560	7.37184E+18	1000260560	7.37184E+18
5.90612E+02	1000260560	7.53090E+18	1000260560	7.53090E+18
2.83560E+03	1000260560	6.75956E+19	1000260560	6.75956E+19
6.11743E+03	1000260560	3.51060E+21	1000260560	3.51060E+21
2.80650E+03	1000260560	8.31995E+19	1000260560	8.31995E+19
4.57711E+03	1000260560	1.01169E+21	1000260560	1.01169E+21
4.06581E+03	1000260560	7.82142E+20	1000260560	7.82142E+20
1.18052E+03	1000260560	7.43113E+20	1000260560	7.43113E+20
3.52567E+03	1000260560	1.37098E+21	1000260560	1.37098E+21
1.66886E+02	1000260560	4.65748E+19	1000260560	4.65748E+19
2.17854E+02	1000260560	6.33932E+19	1000260560	6.33932E+19
5.57516E+03	1000260560	3.28836E+21	1000260560	3.28836E+21
7.79003E+03	1000260560	2.64166E+21	1000260560	2.64166E+21
1.50850E+03	1000260560	6.61822E+18	1000260560	6.61822E+18
7.43610E+03	1000260560	6.46046E+19	1000260560	6.46046E+19
6.97903E+03	1000260560	2.75389E+20	1000260560	2.75389E+20
6.27929E+03	1000260560	6.04348E+20	1000260560	6.04348E+20
2.79316E+03	1000260560	4.25785E+21	1000260560	4.25785E+21
3.81215E+03	1000260560	4.68886E+19	1000260560	4.68886E+19
4.34955E+03	1000260560	9.82642E+20	1000260560	9.82642E+20
1.77690E+03	1000260560	6.95373E+18	1000260560	6.95373E+18
7.11540E+03	1000260560	8.46291E+19	1000260560	8.46291E+19
9.02377E+03	1000260560	7.07791E+18	1000260560	7.07791E+18
5.83192E+03	1000260560	2.81244E+21	1000260560	2.81244E+21
3.24372E+03	1000260560	1.36759E+20	1000260560	1.36759E+20
1.72949E+03	1000260560	2.09987E+21	1000260560	2.09987E+21
2.45075E+03	1000260560	1.21230E+21	1000260560	1.21230E+21
2.61857E+03	1000260560	1.34493E+19	1000260560	1.34493E+19
5.69132E+03	1000260560	5.88949E+20	1000260560	5.88949E+20
6.29634E+03	1000260560	3.33221E+20	1000260560	3.33221E+20
5.06557E+03	1000260560	1.10874E+20	1000260560	1.10874E+20
2.27540E+03	1000260560	1.58225E+19	1000260560	1.58225E+19
3.21880E+03	1000260560	7.12808E+20	1000260560	7.12808E+20
4.81070E+02	1000260560	1.14685E+19	1000260560	1.14685E+19
1.13146E+03	1000260560	1.08164E+19	1000260560	1.08164E+19
3.46189E+03	1000260560	7.45205E+18	1000260560	7.45205E+18
1.71927E+03	1000260560	1.68134E+21	1000260560	1.68134E+21
5.74976E+03	1000260560	1.05916E+21	1000260560	1.05916E+21
8.20875E+03	1000260560	8.37097E+20	1000260560	8.37097E+20
3.73644E+03	1000260560	7.25587E+18	1000260560	7.25587E+18
1.85070E+03	1000260560	4.22853E+20	1000260560	4.22853E+20
5.42444E+03	1000260560	1.22692E+19	1000260560	1.22692E+19
7.24388E+03	1000260560	9.26991E+18	1000260560	9.26991E+18
2.91216E+03	1000260560	6.43761E+20	1000260560	6.43761E+20
5.81572E+03	1000260560	1.43287E+20	1000260560	1.43287E+20
8.75180E+02	1000260560	3.04654E+21	1000260560	3.04654E+21
1.85272E+02	1000260560	5.69716E+21	1000260560	5.69716E+21
1.84354E+03	1000260560	6.22308E+21	1000260560	6.22308E+21
9.95886E+03	1000260560	1.29726E+20	1000260560	1.29726E+20
1.82743E+03	1000260560	7.08994E+19	1000260560	7.08994E+19
3.19641E+03	1000260560	2.54246E+20	1000260560	2.54246E+20
2.02574E+03	1000260560	5.58285E+20	1000260560	5.58285E+20
2.93169E+02	1000260560	7.01768E+20	1000260560	7.01768E+20
1.97683E+03	1000260560	3.24914E+20	1000260560	3.24914E+20
8.53301E+03	1000260560	3.07047E+19	1000260560	3.07047E+19
2.94506E+03	1000260560	2.00918E+20	1000260560	2.00918E+20
4.69504E+03	1000260560	1.20017E+19	1000260560	1.20017E+19
1.08264E+03	1000260560	2.61444E+20	1000260560	2.61444E+20
8.58017E+02	1000260560	2.72026E+20	1000260560	2.72026E+20
2.62341E+03	1000260560	2.97467E+19	1000260560	2.97467E+19
3.24413E+03	1000260560	1.03802E+19	1000260560	1.03802E+19
2.18383E+03	1000260560	1.36648E+21	1000260560	1.36648E+21
4.91171E+03	1000260560	8.38298E+20	1000260560	8.38298E+20
3.00002E+02	1000260560	3.08717E+21	1000260560	3.08717E+21
5.77894E+02	1000260560	1.35728E+20	1000260560	1.35728E+20
1.27989E+03	1000260560	1.38067E+20	1000260560	1.38067E+20
7.38952E+03	1000260560	1.90570E+19	1000260560	1.90570E+19
2.95370E+03	1000260560	1.13977E+19	1000260560	1.13977E+19
9.48867E+03	1000260560	1.40540E+19	1000260560	1.40540E+19
7.31779E+02	1000260560	1.11764E+20	1000260560	1.11764E+20
7.54324E+03	1000260560	1.94340E+21	1000260560	1.94340E+21
5.24719E+03	1000260560	2.67304E+20	1000260560	2.67304E+20
1.59921E+03	1000260560	2.79400E+20	1000260560	2.79400E+20
5.56839E+03	1000260560	3.51041E+20	1000260560	3.51041E+20
6.10319E+03	1000260560	6.50526E+20	1000260560	6.50526E+20
7.16909E+03	1000260560	1.18487E+21	1000260560	1.18487E+21
4.68297E+03	1000260560	4.29724E+19	1000260560	4.29724E+19
1.38615E+03	1000260560	2.64007E+20	1000260560	2.64007E+20
4.77095E+02	1000260560	2.83170E+21	1000260560	2.83170E+21
2.86038E+02	1000260560	1.66747E+19	1000260560	1.66747E+19
7.62666E+02	1000260560	6.34163E+19	1000260560	6.34163E+19
7.16330E+03	1000260560	6.65335E+20	1000260560	6.65335E+20
1.15087E+03	1000260560	1.97619E+20	1000260560	1.97619E+20
4.90437E+02	1000260560	5.35649E+21	1000260560	5.35649E+21
2.49497E+02	1000260560	8.57068E+18	1000260560	8.57068E+18
6.08715E+02	1000260560	9.59984E+20	1000260560	9.59984E+20
1.52051E+03	1000260560	3.67644E+19	1000260560	3.67644E+19
2.90104E+03	1000260560	4.89675E+20	1000260560	4.89675E+20
2.37666E+03	1000260560	3.44969E+20	1000260560	3.44969E+20
5.91574E+03	1000260560	1.09097E+21	1000260560	1.09097E+21
1.24951E+03	1000260560	1.87423E+19	1000260560	1.87423E+19
1.26885E+03	1000260560	6.76977E+19	1000260560	6.76977E+19
4.59061E+03	1000260560	3.02224E+20	1000260560	3.02224E+20
4.94476E+02	1000260560	2.60810E+19	1000260560	2.60810E+19
3.46429E+03	1000260560	2.81915E+20	1000260560	2.81915E+20
2.47500E+03	1000260560	2.18546E+20	1000260560	2.18546E+20
3.80229E+03	1000260560	2.23358E+19	1000260560	2.23358E+19
4.65127E+03	1000260560	6.61686E+20	1000260560	6.61686E+20
7.60749E+02	1000260560	4.98637E+21	1000260560	4.98637E+21
1.75733E+03	1000260560	1.18774E+20	1000260560	1.18774E+20
5.80811E+03	1000260560	1.48534E+20	1000260560	1.48534E+20
4.06117E+02	1000260560	6.49065E+19	1000260560	6.49065E+19
5.92681E+03	1000260560	1.52687E+19	1000260560	1.52687E+19
8.73140E+02	1000260560	3.38514E+20	1000260560	3.38514E+20
8.48117E+03	1000260560	2.15675E+21	1000260560	2.15675E+21
2.08768E+03	1000260560	2.79733E+20	1000260560	2.79733E+20
1.55739E+03	1000260560	2.59982E+20	1000260560	2.59982E+20
3.29643E+03	1000260560	4.16276E+21	1000260560	4.16276E+21
7.16727E+03	1000260560	6.24183E+20	1000260560	6.24183E+20
6.80338E+03	1000260560	4.51368E+21	1000260560	4.51368E+21
1.43908E+03	1000260560	9.64610E+18	1000260560	9.64610E+18
3.30126E+03	1000260560	5.09892E+19	1000260560	5.09892E+19
1.32779E+03	1000260560	1.00467E+19	1000260560	1.00467E+19
9.30148E+03	1000260560	1.41469E+20	1000260560	1.41469E+20
1.13805E+03	1000260560	3.28339E+21	1000260560	3.28339E+21
8.82423E+03	1000260560	5.82364E+21	1000260560	5.82364E+21
2.86100E+03	1000260560	3.50376E+20	1000260560	3.50376E+20
4.18726E+03	1000260560	8.32080E+19	1000260560	8.32080E+19
1.50788E+03	1000260560	4.77191E+21	1000260560	4.77191E+21
1.88709E+03	1000260560	4.55601E+19	1000260560	4.55601E+19
6.22029E+03	1000260560	6.19561E+19	1000260560	6.19561E+19
4.73527E+03	1000260560	1.26237E+21	1000260560	1.26237E+21
2.20587E+03	1000260560	1.75630E+20	1000260560	1.75630E+20
3.61413E+03	1000260560	5.64856E+19	1000260560	5.64856E+19
5.94537E+03	1000260560	1.56808E+19	1000260560	1.56808E+19
3.63054E+03	1000260560	5.84853E+21	1000260560	5.84853E+21
3.00923E+03	1000260560	1.54027E+21	1000260560	1.54027E+21
1.94118E+03	1000260560	5.87736E+19	1000260560	5.87736E+19
6.38623E+03	1000260560	1.47841E+19	1000260560	1.47841E+19
2.65826E+03	1000260560	6.76744E+18	1000260560	6.76744E+18
6.56859E+02	1000260560	8.48852E+19	1000260560	8.48852E+19
1.56207E+03	1000260560	3.23603E+21	1000260560	3.23603E+21
3.44768E+03	1000260560	7.23672E+19	1000260560	7.23672E+19
4.60206E+03	1000260560	1.77105E+19	1000260560	1.77105E+19
4.95152E+03	1000260560	5.07339E+21	1000260560	5.07339E+21
1.39495E+03	1000260560	3.10642E+20	1000260560	3.10642E+20
1.84603E+03	1000260560	2.80902E+21	1000260560	2.80902E+21
1.70098E+03	1000260560	2.30850E+21	1000260560	2.30850E+21
5.77548E+03	1000260560	1.63115E+21	1000260560	1.63115E+21
2.04065E+03	1000260560	3.39889E+20	1000260560	3.39889E+20
4.80788E+03	1000260560	6.58504E+18	1000260560	6.58504E+18
2.55924E+03	1000260560	3.59522E+21	1000260560	3.59522E+21
6.90761E+03	1000260560	1.01068E+20	1000260560	1.01068E+20
1.48294E+02	1000260560	5.28449E+19	1000260560	5.28449E+19
6.35830E+03	1000260560	4.32822E+21	1000260560	4.32822E+21
6.81581E+02	1000260560	8.03794E+18	1000260560	8.03794E+18
2.71344E+03	1000260560	4.45486E+19	1000260560	4.45486E+19
1.60108E+03	1000260560	3.77795E+20	1000260560	3.77795E+20
1.47324E+03	1000260560	2.42112E+19	1000260560	2.42112E+19
2.50625E+03	1000260560	4.08393E+20	1000260560	4.08393E+20
7.64589E+03	1000260560	7.05949E+20	1000260560	7.05949E+20
6.03395E+03	1000260560	6.39949E+20	1000260560	6.39949E+20
5.48720E+03	1000260560	1.43953E+21	1000260560	1.43953E+21
7.84491E+02	1000260560	2.84864E+20	1000260560	2.84864E+20
3.49407E+03	1000260560	9.21117E+20	1000260560	9.21117E+20
7.46838E+03	1000260560	9.28773E+18	1000260560	9.28773E+18
8.34786E+03	1000260560	3.69731E+21	1000260560	3.69731E+21
7.49751E+03	1000260560	4.01145E+19	1000260560	4.01145E+19
1.30556E+03	1000260560	3.16634E+19	1000260560	3.16634E+19
5.32139E+03	1000260560	1.62592E+21	1000260560	1.62592E+21
1.74858E+03	1000260560	3.61021E+20	1000260560	3.61021E+20
6.74727E+03	1000260560	1.02901E+20	1000260560	1.02901E+20
1.26441E+03	1000260560	7.82782E+18	1000260560	7.82782E+18
4.53786E+03	1000260560	1.33592E+21	1000260560	1.33592E+21
1.00372E+03	1000260560	3.58639E+21	1000260560	3.58639E+21
1.80068E+03	1000260560	4.37810E+21	1000260560	4.37810E+21
3.29840E+03	1000260560	4.12763E+20	1000260560	4.12763E+20
2.14335E+03	1000260560	1.01527E+21	1000260560	1.01527E+21
5.74689E+03	1000260560	2.68976E+21	1000260560	2.68976E+21
1.98623E+03	1000260560	3.38422E+21	1000260560	3.38422E+21
4.84745E+02	1000260560	2.32874E+20	1000260560	2.32874E+20
1.97968E+03	1000260560	5.31523E+19	1000260560	5.31523E+19
3.70802E+03	1000260560	2.47455E+19	1000260560	2.47455E+19
7.85924E+02	1000260560	1.18268E+20	1000260560	1.18268E+20
3.26948E+03	1000260560	1.75622E+20	1000260560	1.75622E+20
8.67442E+03	1000260560	1.43709E+19	1000260560	1.43709E+19
3.33408E+03	1000260560	7.32214E+19	1000260560	7.32214E+19
1.47071E+03	1000260560	2.48891E+21	1000260560	2.48891E+21
3.45645E+03	1000260560	2.20538E+20	1000260560	2.20538E+20
6.57522E+03	1000260560	1.80350E+21	1000260560	1.80350E+21
5.11675E+02	1000260560	5.35303E+19	1000260560	5.35303E+19
6.40292E+03	1000260560	1.02674E+20	1000260560	1.02674E+20
1.20407E+03	1000260560	4.60237E+19	1000260560	4.60237E+19
2.15670E+03	1000260560	1.81028E+19	1000260560	1.81028E+19
1.05899E+03	1000260560	4.17423E+21	1000260560	4.17423E+21
3.98119E+03	1000260560	1.54626E+21	1000260560	1.54626E+21
9.19985E+03	1000260560	1.03465E+20	1000260560	1.03465E+20
1.87760E+03	1000260560	5.20510E+20	1000260560	5.20510E+20
5.03112E+03	1000260560	1.32361E+20	1000260560	1.32361E+20
6.04783E+03	1000260560	1.84589E+20	1000260560	1.84589E+20
1.01424E+03	1000260560	1.44787E+20	1000260560	1.44787E+20
4.06629E+02	1000260560	4.92385E+20	1000260560	4.92385E+20
2.08896E+03	1000260560	1.16731E+21	1000260560	1.16731E+21
4.93738E+03	1000260560	5.37302E+21	1000260560	5.37302E+21
7.49361E+02	1000260560	1.44470E+21	1000260560	1.44470E+21
1.57108E+03	1000260560	4.53169E+19	1000260560	4.53169E+19
5.77807E+02	1000260560	2.54970E+20	1000260560	2.54970E+20
7.54505E+02	1000260560	2.31540E+21	1000260560	2.31540E+21
5.51869E+03	1000260560	5.50089E+20	1000260560	5.50089E+20
1.15984E+03	1000260560	8.82235E+19	1000260560	8.82235E+19
1.50142E+03	1000260560	1.12764E+19	1000260560	1.12764E+19
3.20339E+02	1000260560	3.81447E+20	1000260560	3.81447E+20
4.56409E+03	1000260560	4.79215E+20	1000260560	4.79215E+20
8.30777E+02	1000260560	1.17409E+19	1000260560	1.17409E+19
4.76891E+03	1000260560	1.26003E+19	1000260560	1.26003E+19
8.24187E+03	1000260560	2.29942E+19	1000260560	2.29942E+19
8.31131E+03	1000260560	4.40919E+19	1000260560	4.40919E+19
9.74731E+02	1000260560	1.15923E+21	1000260560	1.15923E+21
4.08054E+03	1000260560	6.28070E+20	1000260560	6.28070E+20
6.56665E+03	1000260560	1.23633E+21	1000260560	1.23633E+21
2.76694E+02	1000260560	3.77884E+19	1000260560	3.77884E+19
1.42744E+03	1000260560	2.61194E+20	1000260560	2.61194E+20
1.14340E+03	1000260560	7.58352E+20	1000260560	7.58352E+20
4.64524E+03	1000260560	3.56661E+20	1000260560	3.56661E+20
1.30439E+03	1000260560	7.43297E+20	1000260560	7.43297E+20
1.33379E+03	1000260560	1.52190E+21	1000260560	1.52190E+21
2.87262E+03	1000260560	9.91989E+18	1000260560	9.91989E+18
6.42214E+02	1000260560	2.69178E+20	1000260560	2.69178E+20
2.24038E+03	1000260560	2.64689E+20	1000260560	2.64689E+20
8.44341E+02	1000260560	1.06916E+21	1000260560	1.06916E+21
4.45781E+03	1000260560	2.51788E+20	1000260560	2.51788E+20
5.49628E+03	1000260560	1.66435E+19	1000260560	1.66435E+19
5.38398E+02	1000260560	6.39508E+20	1000260560	6.39508E+20
3.41381E+03	1000260560	2.38778E+21	1000260560	2.38778E+21
2.74179E+03	1000260560	8.02065E+20	1000260560	8.02065E+20
1.18922E+03	1000260560	2.00209E+19	1000260560	2.00209E+19
5.08333E+03	1000260560	1.41061E+19	1000260560	1.41061E+19
7.51527E+03	1000260560	1.31769E+20	1000260560	1.31769E+20
1.58637E+03	1000260560	5.50553E+19	1000260560	5.50553E+19
7.18898E+03	1000260560	3.73914E+21	1000260560	3.73914E+21
1.46631E+03	1000260560	1.40312E+21	1000260560	1.40312E+21
4.73326E+03	1000260560	2.50609E+19	1000260560	2.50609E+19
2.89549E+03	1000260560	1.22485E+20	1000260560	1.22485E+20
4.84506E+03	1000260560	1.42248E+20	1000260560	1.42248E+20
4.00577E+03	1000260560	8.22634E+18	1000260560	8.22634E+18
3.13256E+03	1000260560	6.05585E+20	1000260560	6.05585E+20
5.43793E+03	1000260560	1.07884E+21	1000260560	1.07884E+21
3.68933E+03	1000260560	3.59287E+19	1000260560	3.59287E+19
4.42659E+02	1000260560	4.24532E+20	1000260560	4.24532E+20
2.33150E+03	1000260560	2.02859E+21	1000260560	2.02859E+21
6.98258E+03	1000260560	2.53118E+19	1000260560	2.53118E+19
2.61145E+03	1000260560	2.03210E+21	1000260560	2.03210E+21
2.43900E+03	1000260560	9.39862E+19	1000260560	9.39862E+19
6.97918E+03	1000260560	3.11753E+19	1000260560	3.11753E+19
3.04917E+03	1000260560	2.08746E+21	1000260560	2.08746E+21
4.50294E+02	1000260560	1.08482E+20	1000260560	1.08482E+20
3.12094E+03	1000260560	1.14994E+19	1000260560	1.14994E+19
1.70116E+02	1000260560	4.58897E+20	1000260560	4.58897E+20
4.08130E+03	1000260560	2.65728E+20	1000260560	2.65728E+20
4.15901E+02	1000260560	2.89251E+21	1000260560	2.89251E+21
3.06300E+03	1000260560	1.02857E+21	1000260560	1.02857E+21
4.29945E+02	1000260560	1.99879E+20	1000260560	1.99879E+20
2.52809E+03	1000260560	1.56422E+19	1000260560	1.56422E+19
2.03271E+03	1000260560	8.24812E+20	1000260560	8.24812E+20
3.64749E+03	1000260560	2.70300E+20	1000260560	2.70300E+20
1.80303E+03	1000260560	4.50403E+21	1000260560	4.50403E+21
2.08914E+03	1000260560	2.42871E+20	1000260560	2.42871E+20
4.76540E+03	1000260560	2.30548E+20	1000260560	2.30548E+20
4.86527E+02	1000260560	1.50271E+19	1000260560	1.50271E+19
2.41144E+02	1000260560	7.85777E+20	1000260560	7.85777E+20
5.09590E+03	1000260560	1.86589E+21	1000260560	1.86589E+21
6.87904E+03	1000260560	1.65197E+19	1000260560	1.65197E+19
7.33345E+03	1000260560	3.74746E+20	1000260560	3.74746E+20
6.76382E+03	1000260560	3.48542E+20	1000260560	3.48542E+20
3.58841E+03	1000260560	6.33514E+18	1000260560	6.33514E+18
3.50188E+03	1000260560	1.55464E+21	1000260560	1.55464E+21
6.93945E+03	1000260560	7.60376E+20	1000260560	7.60376E+20
5.95984E+03	1000260560	1.88287E+21	1000260560	1.88287E+21
2.98750E+03	1000260560	5.07982E+19	1000260560	5.07982E+19
9.69882E+02	1000260560	7.67234E+18	1000260560	7.67234E+18
5.00824E+03	1000260560	5.81084E+19	1000260560	5.81084E+19
1.52848E+03	1000260560	7.23461E+19	1000260560	7.23461E+19
2.51058E+03	1000260560	9.06611E+20	1000260560	9.06611E+20
1.92925E+02	1000260560	1.33327E+21	1000260560	1.33327E+21
1.89167E+03	1000260560	2.97203E+19	1000260560	2.97203E+19
8.11934E+03	1000260560	1.65071E+20	1000260560	1.65071E+20
7.62092E+02	1000260560	4.63738E+19	1000260560	4.63738E+19
1.78278E+02	1000260560	5.62701E+20	1000260560	5.62701E+20
8.29387E+02	1000260560	6.17396E+21	1000260560	6.17396E+21
3.53396E+03	1000260560	3.30912E+19	1000260560	3.30912E+19
2.52198E+03	1000260560	1.10862E+21	1000260560	1.10862E+21
7.80284E+02	1000260560	8.21014E+20	1000260560	8.21014E+20
5.73271E+03	1000260560	2.88189E+21	1000260560	2.88189E+21
3.70669E+03	1000260560	3.68401E+20	1000260560	3.68401E+20
2.20030E+03	1000260560	1.27438E+21	1000260560	1.27438E+21
1.76004E+03	1000260560	6.56743E+20	1000260560	6.56743E+20
1.34179E+03	1000260560	1.80704E+19	1000260560	1.80704E+19
1.10117E+03	1000260560	8.04476E+19	1000260560	8.04476E+19
3.98396E+03	1000260560	1.01778E+21	1000260560	1.01778E+21
3.44819E+03	1000260560	3.56270E+21	1000260560	3.56270E+21
1.09554E+03	1000260560	4.66728E+21	1000260560	4.66728E+21
9.90059E+02	1000260560	1.06443E+20	1000260560	1.06443E+20
7.86279E+03	1000260560	2.60998E+20	1000260560	2.60998E+20
3.10814E+03	1000260560	2.35094E+21	1000260560	2.35094E+21
4.11602E+03	1000260560	3.98933E+21	1000260560	3.98933E+21
6.98533E+03	1000260560	2.76560E+20	1000260560	2.76560E+20
2.27485E+03	1000260560	6.64650E+19	1000260560	6.64650E+19
9.73025E+03	1000260560	2.95990E+21	1000260560	2.95990E+21
2.94693E+03	1000260560	3.37389E+19	1000260560	3.37389E+19
4.99342E+03	1000260560	1.66459E+21	1000260560	1.66459E+21
8.85663E+02	1000260560	5.56386E+19	1000260560	5.56386E+19
8.79314E+02	1000260560	1.96321E+19	1000260560	1.96321E+19
4.57897E+03	1000260560	1.28881E+20	1000260560	1.28881E+20
6.31245E+03	1000260560	4.00121E+19	1000260560	4.00121E+19
5.06046E+03	1000260560	1.16189E+21	1000260560	1.16189E+21
1.14450E+03	1000260560	8.95805E+19	1000260560	8.95805E+19
8.33182E+03	1000260560	5.87325E+19	1000260560	5.87325E+19
1.76620E+03	1000260560	1.24762E+19	1000260560	1.24762E+19
5.92543E+03	1000260560	2.41023E+19	1000260560	2.41023E+19
6.92965E+02	1000260560	7.49901E+19	1000260560	7.49901E+19
2.44902E+03	1000260560	1.38489E+21	1000260560	1.38489E+21
6.57053E+03	1000260560	5.67491E+21	1000260560	5.67491E+21
8.41602E+02	1000260560	9.19422E+20	1000260560	9.19422E+20
2.40051E+03	1000260560	2.25935E+19	1000260560	2.25935E+19
4.39638E+03	1000260560	1.66409E+20	1000260560	1.66409E+20
3.58547E+03	1000260560	1.29840E+21	1000260560	1.29840E+21
3.73805E+03	1000260560	6.27775E+19	1000260560	6.27775E+19
2.17014E+03	1000260560	1.09378E+21	1000260560	1.09378E+21
3.55083E+02	1000260560	5.94391E+20	1000260560	5.94391E+20
5.34605E+02	1000260560	1.57322E+19	1000260560	1.57322E+19
5.05623E+02	1000260560	3.33530E+19	1000260560	3.33530E+19
2.46919E+03	1000260560	4.04539E+21	1000260560	4.04539E+21
1.63836E+03	1000260560	1.02402E+21	1000260560	1.02402E+21
2.75777E+03	1000260560	1.15938E+19	1000260560	1.15938E+19
2.89875E+03	1000260560	5.87428E+20	1000260560	5.87428E+20
2.61560E+03	1000260560	4.44738E+19	1000260560	4.44738E+19
1.30663E+03	1000260560	7.05371E+19	1000260560	7.05371E+19
2.29236E+02	1000260560	1.35295E+19	1000260560	1.35295E+19
2.96426E+02	1000260560	6.96894E+20	1000260560	6.96894E+20
6.15924E+03	1000260560	1.01404E+20	1000260560	1.01404E+20
6.03982E+03	1000260560	6.91598E+20	1000260560	6.91598E+20
1.30428E+03	1000260560	5.54763E+20	1000260560	5.54763E+20
5.27801E+03	1000260560	4.61222E+19	1000260560	4.61222E+19
5.12461E+03	1000260560	9.98189E+20	1000260560	9.98189E+20
5.74880E+03	1000260560	1.44462E+21	1000260560	1.44462E+21
4.08186E+02	1000260560	8.07779E+18	1000260560	8.07779E+18
6.09274E+02	1000260560	2.70259E+21	1000260560	2.70259E+21
1.38021E+03	1000260560	2.66976E+20	1000260560	2.66976E+20
1.59753E+03	1000260560	1.55372E+20	1000260560	1.55372E+20
1.82250E+02	1000260560	1.25571E+21	1000260560	1.25571E+21
2.91220E+03	1000260560	4.54361E+19	1000260560	4.54361E+19
3.58365E+03	1000260560	2.77269E+21	1000260560	2.77269E+21
2.68366E+03	1000260560	4.19064E+20	1000260560	4.19064E+20
1.33985E+03	1000260560	4.43816E+20	1000260560	4.43816E+20
7.26004E+03	1000260560	4.34627E+21	1000260560	4.34627E+21
4.76111E+03	1000260560	2.13555E+20	1000260560	2.13555E+20
4.40470E+03	1000260560	2.39492E+21	1000260560	2.39492E+21
6.21767E+03	1000260560	2.30136E+21	1000260560	2.30136E+21
3.22246E+03	1000260560	3.62997E+20	1000260560	3.62997E+20
1.87935E+02	1000260560	8.81608E+20	1000260560	8.81608E+20
2.99407E+03	1000260560	7.68361E+19	1000260560	7.68361E+19
8.89833E+03	1000260560	8.10736E+18	1000260560	8.10736E+18
2.73299E+03	1000260560	1.21030E+21	1000260560	1.21030E+21
1.63550E+02	1000260560	3.35860E+20	1000260560	3.35860E+20
4.24715E+03	1000260560	3.21151E+19	1000260560	3.21151E+19
1.86925E+03	1000260560	1.70054E+21	1000260560	1.70054E+21
1.20825E+02	1000260560	1.46911E+19	1000260560	1.46911E+19
2.28982E+03	1000260560	8.69954E+19	1000260560	8.69954E+19
5.18149E+02	1000260560	2.71484E+19	1000260560	2.71484E+19
2.59688E+03	1000260560	3.53127E+19	1000260560	3.53127E+19
3.61974E+03	1000260560	1.43663E+19	1000260560	1.43663E+19
9.42542E+03	1000260560	3.73900E+21	1000260560	3.73900E+21
3.87165E+02	1000260560	2.54730E+19	1000260560	2.54730E+19
3.51509E+03	1000260560	3.12949E+21	1000260560	3.12949E+21
1.17370E+03	1000260560	6.71390E+19	1000260560	6.71390E+19
3.17411E+03	1000260560	3.28768E+19	1000260560	3.28768E+19
2.14656E+03	1000260560	1.72462E+21	1000260560	1.72462E+21
2.60239E+03	1000260560	4.24384E+20	1000260560	4.24384E+20
3.01167E+03	1000260560	2.80870E+20	1000260560	2.80870E+20
4.27220E+02	1000260560	1.51695E+19	1000260560	1.51695E+19
1.64676E+03	1000260560	1.76034E+21	1000260560	1.76034E+21
5.85765E+03	1000260560	1.71317E+21	1000260560	1.71317E+21
4.73396E+03	1000260560	1.32526E+20	1000260560	1.32526E+20
8.69829E+02	1000260560	1.02849E+20	1000260560	1.02849E+20
2.74123E+03	1000260560	3.60122E+19	1000260560	3.60122E+19
1.16664E+03	1000260560	2.54084E+21	1000260560	2.54084E+21
1.24182E+03	1000260560	2.52431E+19	1000260560	2.52431E+19
5.13888E+02	1000260560	1.19676E+21	1000260560	1.19676E+21
2.20217E+03	1000260560	3.93578E+19	1000260560	3.93578E+19
9.31103E+02	1000260560	1.52064E+21	1000260560	1.52064E+21
2.23244E+03	1000260560	7.75271E+18	1000260560	7.75271E+18
1.11846E+02	1000260560	1.88401E+19	1000260560	1.88401E+19
1.71506E+03	1000260560	1.21149E+19	1000260560	1.21149E+19
4.96730E+03	1000260560	2.49890E+21	1000260560	2.49890E+21
3.61496E+03	1000260560	2.16466E+19	1000260560	2.16466E+19
5.80552E+03	1000260560	6.35910E+20	1000260560	6.35910E+20
3.72005E+03	1000260560	8.55713E+20	1000260560	8.55713E+20
2.08138E+03	1000260560	1.05853E+19	1000260560	1.05853E+19
1.72146E+03	1000260560	2.87177E+20	1000260560	2.87177E+20
1.34449E+03	1000260560	3.82397E+21	1000260560	3.82397E+21
2.99325E+03	1000260560	6.16652E+20	1000260560	6.16652E+20
1.27454E+03	1000260560	7.41682E+19	1000260560	7.41682E+19
1.38827E+03	1000260560	1.56263E+19	1000260560	1.56263E+19
5.99224E+03	1000260560	3.36708E+20	1000260560	3.36708E+20
5.99147E+03	1000260560	1.20690E+20	1000260560	1.20690E+20
5.66712E+02	1000260560	3.27606E+21	1000260560	3.27606E+21
4.04086E+03	1000260560	6.82589E+20	1000260560	6.82589E+20
1.69313E+03	1000260560	9.07550E+19	1000260560	9.07550E+19
9.36654E+03	1000260560	4.13640E+19	1000260560	4.13640E+19
4.72386E+03	1000260560	1.11198E+20	1000260560	1.11198E+20
3.88934E+03	1000260560	2.43407E+19	1000260560	2.43407E+19
1.78917E+03	1000260560	6.17839E+20	1000260560	6.17839E+20
1.75728E+03	1000260560	8.58160E+18	1000260560	8.58160E+18
2.19652E+03	1000260560	3.72431E+21	1000260560	3.72431E+21
6.54796E+03	1000260560	4.72085E+19	1000260560	4.72085E+19
2.44435E+03	1000260560	4.26909E+21	1000260560	4.26909E+21
4.64817E+03	1000260560	3.32892E+19	1000260560	3.32892E+19
2.51392E+03	1000260560	1.01664E+21	1000260560	1.01664E+21
5.22873E+03	1000260560	6.23421E+20	1000260560	6.23421E+20
6.98192E+03	1000260560	5.93766E+20	1000260560	5.93766E+20
7.83752E+03	1000260560	2.17111E+21	1000260560	2.17111E+21
2.14431E+03	1000260560	9.14134E+18	1000260560	9.14134E+18
7.57496E+02	1000260560	3.52750E+19	1000260560	3.52750E+19
3.76267E+03	1000260560	2.00525E+19	1000260560	2.00525E+19
2.81766E+03	1000260560	1.10398E+19	1000260560	1.10398E+19
3.64119E+03	1000260560	3.48311E+21	1000260560	3.48311E+21
2.98240E+02	1000260560	4.09710E+19	1000260560	4.09710E+19
9.04373E+02	1000260560	6.83897E+20	1000260560	6.83897E+20
8.84761E+03	1000260560	2.53537E+21	1000260560	2.53537E+21
3.44659E+03	1000260560	4.68313E+19	1000260560	4.68313E+19
1.76524E+03	1000260560	9.77679E+20	1000260560	9.77679E+20
2.59901E+03	1000260560	1.15838E+19	1000260560	1.15838E+19
9.99041E+02	1000260560	8.48197E+20	1000260560	8.48197E+20
7.48150E+03	1000260560	5.21599E+19	1000260560	5.21599E+19
4.64779E+03	1000260560	1.77249E+19	1000260560	1.77249E+19
1.66434E+03	1000260560	1.78231E+20	1000260560	1.78231E+20
6.38638E+03	1000260560	1.98801E+21	1000260560	1.98801E+21
6.76272E+03	1000260560	3.02947E+19	1000260560	3.02947E+19
2.62711E+03	1000260560	3.49745E+19	1000260560	3.49745E+19
1.50325E+03	1000260560	1.91022E+20	1000260560	1.91022E+20
4.94122E+02	1000260560	8.33989E+20	1000260560	8.33989E+20
3.28679E+03	1000260560	3.65471E+21	1000260560	3.65471E+21
9.12685E+03	1000260560	6.19694E+21	1000260560	6.19694E+21
1.47284E+03	1000260560	2.36894E+21	1000260560	2.36894E+21
2.46130E+03	1000260560	1.59151E+19	1000260560	1.59151E+19
5.62162E+03	1000260560	4.11267E+21	1000260560	4.11267E+21
5.64124E+03	1000260560	3.41823E+20	1000260560	3.41823E+20
6.13795E+03	1000260560	3.63275E+21	1000260560	3.63275E+21
2.40736E+03	1000260560	1.33872E+19	1000260560	1.33872E+19
6.71820E+03	1000260560	2.29992E+20	1000260560	2.29992E+20
7.49376E+03	1000260560	2.05529E+19	1000260560	2.05529E+19
2.98060E+03	1000260560	1.97212E+20	1000260560	1.97212E+20
4.01611E+02	1000260560	1.71110E+21	1000260560	1.71110E+21
6.66019E+03	1000260560	2.59161E+20	1000260560	2.59161E+20
3.36341E+03	1000260560	2.41238E+19	1000260560	2.41238E+19
5.96811E+03	1000260560	1.58919E+19	1000260560	1.58919E+19
2.06918E+03	1000260560	1.69009E+19	1000260560	1.69009E+19
1.56264E+03	1000260560	1.91006E+19	1000260560	1.91006E+19
8.95485E+03	1000260560	4.04526E+20	1000260560	4.04526E+20
6.93421E+03	1000260560	7.41293E+18	1000260560	7.41293E+18
9.71726E+03	1000260560	7.98558E+20	1000260560	7.98558E+20
7.67802E+03	1000260560	2.53017E+21	1000260560	2.53017E+21
6.84389E+02	1000260560	1.96383E+21	1000260560	1.96383E+21
2.81043E+03	1000260560	9.80466E+20	1000260560	9.80466E+20
6.09732E+03	1000260560	6.99414E+18	1000260560	6.99414E+18
1.86337E+03	1000260560	4.63193E+19	1000260560	4.63193E+19
5.29344E+03	1000260560	1.00407E+21	1000260560	1.00407E+21
8.17662E+02	1000260560	7.09713E+18	1000260560	7.09713E+18
5.59778E+03	1000260560	7.79536E+18	1000260560	7.79536E+18
3.40000E+03	1000260560	4.34834E+19	1000260560	4.34834E+19
3.61084E+02	1000260560	1.08674E+20	1000260560	1.08674E+20
3.32963E+03	1000260560	7.73280E+20	1000260560	7.73280E+20
6.11174E+02	1000260560	1.37113E+20	1000260560	1.37113E+20
6.34169E+03	1000260560	8.21193E+19	1000260560	8.21193E+19
3.32092E+03	1000260560	7.67313E+20	1000260560	7.67313E+20
3.31541E+02	1000260560	4.13461E+20	1000260560	4.13461E+20
5.64399E+03	1000260560	2.50193E+20	1000260560	2.50193E+20
4.89946E+02	1000260560	7.26271E+20	1000260560	7.26271E+20
3.07328E+03	1000260560	5.86481E+19	1000260560	5.86481E+19
2.18690E+03	1000260560	3.11128E+21	1000260560	3.11128E+21
4.06661E+03	1000260560	1.41091E+21	1000260560	1.41091E+21
2.82098E+03	1000260560	3.60527E+20	1000260560	3.60527E+20
2.14095E+03	1000260560	1.07386E+19	1000260560	1.07386E+19
2.52448E+03	1000260560	8.26158E+20	1000260560	8.26158E+20
1.20400E+03	1000260560	2.64950E+20	1000260560	2.64950E+20
8.42337E+03	1000260560	3.06140E+20	1000260560	3.06140E+20
2.12630E+03	1000260560	3.36143E+21	1000260560	3.36143E+21
1.98865E+03	1000260560	3.82565E+21	1000260560	3.82565E+21
2.10456E+03	1000260560	1.84103E+21	1000260560	1.84103E+21
3.75414E+03	1000260560	8.16551E+19	1000260560	8.16551E+19
1.63695E+03	1000260560	4.07517E+20	1000260560	4.07517E+20
5.12502E+02	1000260560	5.58628E+20	1000260560	5.58628E+20
1.14150E+03	1000260560	9.83196E+20	1000260560	9.83196E+20
8.09704E+03	1000260560	3.46667E+21	1000260560	3.46667E+21
3.92697E+03	1000260560	8.86596E+20	1000260560	8.86596E+20
1.95625E+03	1000260560	8.10901E+20	1000260560	8.10901E+20
1.20961E+02	1000260560	7.13958E+20	1000260560	7.13958E+20
8.36165E+02	1000260560	2.34968E+19	1000260560	2.34968E+19
1.07896E+03	1000260560	1.13931E+21	1000260560	1.13931E+21
6.73815E+03	1000260560	7.46824E+19	1000260560	7.46824E+19
4.25261E+03	1000260560	4.44402E+20	1000260560	4.44402E+20
8.02622E+02	1000260560	8.47044E+18	1000260560	8.47044E+18
2.55130E+03	1000260560	1.29011E+19	1000260560	1.29011E+19
6.09478E+02	1000260560	2.71116E+20	1000260560	2.71116E+20
4.62521E+03	1000260560	1.43913E+21	1000260560	1.43913E+21
5.69436E+03	1000260560	1.75852E+20	1000260560	1.75852E+20
3.25609E+03	1000260560	4.09526E+20	1000260560	4.09526E+20
9.40386E+03	1000260560	7.59999E+20	1000260560	7.59999E+20
2.32073E+03	1000260560	2.37958E+21	1000260560	2.37958E+21
1.04023E+03	1000260560	2.06163E+20	1000260560	2.06163E+20
2.62850E+03	1000260560	2.58937E+19	1000260560	2.58937E+19
5.12974E+02	1000260560	1.08030E+21	1000260560	1.08030E+21
4.04434E+03	1000260560	2.69566E+21	1000260560	2.69566E+21
4.65647E+03	1000260560	5.81942E+21	1000260560	5.81942E+21
9.90808E+03	1000260560	1.65616E+19	1000260560	1.65616E+19
1.88867E+03	1000260560	4.68041E+21	1000260560	4.68041E+21
3.08330E+03	1000260560	5.83211E+21	1000260560	5.83211E+21
7.21782E+03	1000260560	2.95645E+20	1000260560	2.95645E+20
2.02246E+03	1000260560	6.09847E+19	1000260560	6.09847E+19
5.83335E+03	1000260560	2.55214E+19	1000260560	2.55214E+19
7.18208E+03	1000260560	1.13150E+21	1000260560	1.13150E+21
2.40272E+03	1000260560	1.23352E+20	1000260560	1.23352E+20
1.06263E+03	1000260560	2.16268E+20	1000260560	2.16268E+20
6.73369E+03	1000260560	2.63853E+21	1000260560	2.63853E+21
1.67384E+03	1000260560	1.70357E+19	1000260560	1.70357E+19
1.31907E+03	1000260560	8.02837E+18	1000260560	8.02837E+18
9.89515E+03	1000260560	5.84096E+21	1000260560	5.84096E+21
1.81693E+03	1000260560	1.39305E+19	1000260560	1.39305E+19
2.82245E+03	1000260560	4.61299E+19	1000260560	4.61299E+19
1.96359E+03	1000260560	1.89245E+21	1000260560	1.89245E+21
7.93239E+03	1000260560	4.71463E+21	1000260560	4.71463E+21
2.08687E+03	1000260560	1.04049E+21	1000260560	1.04049E+21
7.24138E+02	1000260560	1.00261E+20	1000260560	1.00261E+20
1.57909E+03	1000260560	2.28096E+19	1000260560	2.28096E+19
7.81399E+02	1000260560	1.36633E+21	1000260560	1.36633E+21
3.10308E+02	1000260560	1.32283E+19	1000260560	1.32283E+19
1.92810E+03	1000260560	1.81149E+19	1000260560	1.81149E+19
3.28308E+02	1000260560	2.97580E+19	1000260560	2.97580E+19
4.37867E+03	1000260560	6.42896E+18	1000260560	6.42896E+18
9.04406E+03	1000260560	1.08033E+21	1000260560	1.08033E+21
4.69263E+02	1000260560	4.22557E+19	1000260560	4.22557E+19
3.10828E+03	1000260560	3.93280E+21	1000260560	3.93280E+21
9.40956E+03	1000260560	9.78776E+19	1000260560	9.78776E+19
2.77053E+03	1000260560	7.58293E+20	1000260560	7.58293E+20
4.95427E+03	1000260560	4.13258E+19	1000260560	4.13258E+19
1.52057E+03	1000260560	5.61313E+21	1000260560	5.61313E+21
2.75030E+03	1000260560	7.78685E+20	1000260560	7.78685E+20
6.93857E+03	1000260560	3.19272E+19	1000260560	3.19272E+19
8.29021E+03	1000260560	9.56865E+19	1000260560	9.56865E+19
1.40211E+03	1000260560	5.75602E+20	1000260560	5.75602E+20
5.57306E+03	1000260560	4.78693E+20	1000260560	4.78693E+20
2.10938E+02	1000260560	1.25293E+19	1000260560	1.25293E+19
6.69521E+03	1000260560	2.07441E+20	1000260560	2.07441E+20
2.30608E+03	1000260560	9.38485E+18	1000260560	9.38485E+18
2.52765E+03	1000260560	1.32423E+21	1000260560	1.32423E+21
2.76742E+02	1000260560	7.59254E+19	1000260560	7.59254E+19
8.83769E+02	1000260560	1.10332E+20	1000260560	1.10332E+20
7.70232E+02	1000260560	4.03060E+19	1000260560	4.03060E+19
1.72144E+03	1000260560	1.23283E+20	1000260560	1.23283E+20
1.36400E+03	1000260560	1.56942E+21	1000260560	1.56942E+21
5.42087E+03	1000260560	2.53687E+21	1000260560	2.53687E+21
3.19357E+03	1000260560	2.03820E+19	1000260560	2.03820E+19
4.72183E+03	1000260560	6.17125E+21	1000260560	6.17125E+21
2.00559E+03	1000260560	6.63455E+18	1000260560	6.63455E+18
3.47597E+03	1000260560	1.73550E+19	1000260560	1.73550E+19
9.83866E+03	1000260560	2.61461E+20	1000260560	2.61461E+20
1.38915E+03	1000260560	6.69705E+19	1000260560	6.69705E+19
3.30839E+02	1000260560	2.64834E+19	1000260560	2.64834E+19
4.98769E+03	1000260560	1.11227E+20	1000260560	1.11227E+20
1.99256E+02	1000260560	3.19018E+21	1000260560	3.19018E+21
8.32169E+03	1000260560	1.69251E+19	1000260560	1.69251E+19
3.07959E+03	1000260560	2.70868E+19	1000260560	2.70868E+19
1.67976E+03	1000260560	2.18084E+19	1000260560	2.18084E+19
8.27756E+02	1000260560	1.94352E+19	1000260560	1.94352E+19
7.15293E+02	1000260560	2.20598E+19	1000260560	2.20598E+19
3.04113E+03	1000260560	5.56491E+20	1000260560	5.56491E+20
6.09562E+03	1000260560	5.81459E+20	1000260560	5.81459E+20
5.30901E+03	1000260560	1.23994E+21	1000260560	1.23994E+21
1.96437E+03	1000260560	2.46186E+19	1000260560	2.46186E+19
6.40077E+02	1000260560	8.53907E+19	1000260560	8.53907E+19
1.47367E+03	1000260560	1.55723E+21	1000260560	1.55723E+21
1.05602E+03	1000260560	1.69258E+19	1000260560	1.69258E+19
2.05047E+03	1000260560	1.64909E+20	1000260560	1.64909E+20
3.16601E+03	1000260560	9.48619E+20	1000260560	9.48619E+20
1.10655E+02	1000260560	1.29025E+20	1000260560	1.29025E+20
1.12050E+03	1000260560	1.01919E+21	1000260560	1.01919E+21
4.49440E+03	1000260560	3.82260E+21	1000260560	3.82260E+21
6.03242E+03	1000260560	8.84919E+20	1000260560	8.84919E+20
3.41027E+03	1000260560	2.82182E+19	1000260560	2.82182E+19
7.23572E+03	1000260560	3.66720E+21	1000260560	3.66720E+21
3.11147E+03	1000260560	1.96532E+19	1000260560	1.96532E+19
7.29804E+03	1000260560	3.20743E+19	1000260560	3.20743E+19
4.89177E+03	1000260560	2.24166E+21	1000260560	2.24166E+21
3.72243E+02	1000260560	9.64594E+20	1000260560	9.64594E+20
5.02063E+03	1000260560	2.13979E+20	1000260560	2.13979E+20
1.26628E+03	1000260560	2.51796E+20	1000260560	2.51796E+20
5.65292E+02	1000260560	2.51025E+20	1000260560	2.51025E+20
7.25765E+03	1000260560	4.68729E+21	1000260560	4.68729E+21
1.36347E+03	1000260560	3.91277E+19	1000260560	3.91277E+19
9.04217E+02	1000260560	6.10763E+19	1000260560	6.10763E+19
7.31174E+03	1000260560	2.87906E+21	1000260560	2.87906E+21
2.41969E+03	1000260560	9.72477E+18	1000260560	9.72477E+18
9.72773E+02	1000260560	5.08070E+21	1000260560	5.08070E+21
5.09597E+03	1000260560	4.36434E+20	1000260560	4.36434E+20
1.21036E+03	1000260560	8.93507E+20	1000260560	8.93507E+20
7.35892E+02	1000260560	7.75582E+19	1000260560	7.75582E+19
7.33023E+03	1000260560	1.40323E+21	1000260560	1.40323E+21
2.61523E+03	1000260560	1.59014E+19	1000260560	1.59014E+19
6.66051E+02	1000260560	1.24709E+21	1000260560	1.24709E+21
1.42503E+03	1000260560	5.81535E+19	1000260560	5.81535E+19
4.73334E+03	1000260560	8.17385E+18	1000260560	8.17385E+18
7.61934E+03	1000260560	8.86498E+19	1000260560	8.86498E+19
4.95068E+03	1000260560	5.09944E+19	1000260560	5.09944E+19
4.56082E+03	1000260560	1.06630E+19	1000260560	1.06630E+19
1.82961E+03	1000260560	7.46810E+18	1000260560	7.46810E+18
2.20063E+03	1000260560	5.91822E+20	1000260560	5.91822E+20
6.92379E+03	1000260560	2.05099E+20	1000260560	2.05099E+20
7.44026E+02	1000260560	8.18314E+20	1000260560	8.18314E+20
2.01374E+03	1000260560	1.21856E+20	1000260560	1.21856E+20
3.36123E+02	1000260560	2.15291E+20	1000260560	2.15291E+20
2.65985E+03	1000260560	4.29921E+20	1000260560	4.29921E+20
3.30081E+03	1000260560	8.84207E+20	1000260560	8.84207E+20
4.23920E+03	1000260560	4.61011E+19	1000260560	4.61011E+19
4.66090E+03	1000260560	3.57956E+19	1000260560	3.57956E+19
2.34877E+03	1000260560	4.42783E+20	1000260560	4.42783E+20
5.25223E+03	1000260560	1.61039E+19	1000260560	1.61039E+19
3.85208E+02	1000260560	1.91954E+19	1000260560	1.91954E+19
3.08155E+03	1000260560	1.22206E+21	1000260560	1.22206E+21
2.97038E+03	1000260560	2.17188E+21	1000260560	2.17188E+21
1.53630E+03	1000260560	1.54894E+19	1000260560	1.54894E+19
1.07214E+03	1000260560	3.23309E+19	1000260560	3.23309E+19
6.10984E+03	1000260560	2.53612E+20	1000260560	2.53612E+20
8.38609E+02	1000260560	5.37938E+20	1000260560	5.37938E+20
2.43744E+03	1000260560	1.51184E+21	1000260560	1.51184E+21
1.67045E+02	1000260560	2.43835E+21	1000260560	2.43835E+21
3.85795E+03	1000260560	1.16408E+20	1000260560	1.16408E+20
3.04704E+03	1000260560	1.99166E+20	1000260560	1.99166E+20
1.91904E+03	1000260560	8.59455E+18	1000260560	8.59455E+18
3.80545E+03	1000260560	2.84437E+21	1000260560	2.84437E+21
4.51299E+03	1000260560	1.05513E+21	1000260560	1.05513E+21
5.93251E+03	1000260560	5.53150E+19	1000260560	5.53150E+19
9.38031E+03	1000260560	1.11898E+19	1000260560	1.11898E+19
8.78450E+03	1000260560	2.05027E+20	1000260560	2.05027E+20
1.60845E+03	1000260560	6.96679E+18	1000260560	6.96679E+18
8.21579E+02	1000260560	1.39229E+20	1000260560	1.39229E+20
1.40404E+03	1000260560	8.86106E+19	1000260560	8.86106E+19
7.04540E+03	1000260560	5.76804E+19	1000260560	5.76804E+19
2.20222E+02	1000260560	5.85008E+21	1000260560	5.85008E+21
8.14842E+02	1000260560	2.32336E+21	1000260560	2.32336E+21
2.86172E+03	1000260560	8.16524E+19	1000260560	8.16524E+19
1.14454E+03	1000260560	8.38753E+18	1000260560	8.38753E+18
3.20317E+03	1000260560	1.44735E+20	1000260560	1.44735E+20
5.43914E+02	1000260560	1.76261E+21	1000260560	1.76261E+21
2.84127E+03	1000260560	4.28266E+19	1000260560	4.28266E+19
3.41044E+03	1000260560	9.72185E+20	1000260560	9.72185E+20
6.58748E+03	1000260560	3.52881E+21	1000260560	3.52881E+21
3.41067E+03	1000260560	1.19428E+20	1000260560	1.19428E+20
2.08691E+03	1000260560	4.88380E+19	1000260560	4.88380E+19
4.21639E+03	1000260560	3.51174E+19	1000260560	3.51174E+19
5.96918E+03	1000260560	1.42241E+21	1000260560	1.42241E+21
3.08732E+03	1000260560	1.51528E+20	1000260560	1.51528E+20
7.20366E+02	1000260560	5.82253E+21	1000260560	5.82253E+21
1.87500E+03	1000260560	9.38644E+18	1000260560	9.38644E+18
7.27251E+03	1000260560	4.45299E+19	1000260560	4.45299E+19
9.66066E+03	1000260560	7.06052E+20	1000260560	7.06052E+20
5.46901E+02	1000260560	2.07547E+21	1000260560	2.07547E+21
1.59344E+03	1000260560	1.72026E+19	1000260560	1.72026E+19
3.10058E+03	1000260560	6.17201E+19	1000260560	6.17201E+19
4.11392E+02	1000260560	1.63621E+19	1000260560	1.63621E+19
7.55207E+03	1000260560	1.63562E+21	1000260560	1.63562E+21
7.95265E+03	1000260560	1.35649E+20	1000260560	1.35649E+20
1.06123E+02	1000260560	7.59541E+19	1000260560	7.59541E+19
4.25116E+03	1000260560	1.88548E+19	1000260560	1.88548E+19
6.85738E+02	1000260560	1.80266E+21	1000260560	1.80266E+21
6.33086E+03	1000260560	3.47006E+19	1000260560	3.47006E+19
5.32559E+03	1000260560	5.16931E+21	1000260560	5.16931E+21
6.43431E+03	1000260560	2.09694E+19	1000260560	2.09694E+19
2.64158E+03	1000260560	1.96639E+20	1000260560	1.96639E+20
8.33909E+03	1000260560	3.48684E+20	1000260560	3.48684E+20
3.20624E+03	1000260560	7.45349E+19	1000260560	7.45349E+19
5.66949E+03	1000260560	4.23447E+20	1000260560	4.23447E+20
8.28504E+03	1000260560	4.51496E+19	1000260560	4.51496E+19
5.80082E+03	1000260560	8.36396E+20	1000260560	8.36396E+20
7.73593E+03	1000260560	6.91519E+18	1000260560	6.91519E+18
2.38319E+03	1000260560	6.05545E+19	1000260560	6.05545E+19
2.67000E+02	1000260560	3.01582E+19	1000260560	3.01582E+19
8.25519E+03	1000260560	9.28755E+19	1000260560	9.28755E+19
2.82157E+02	1000260560	6.80050E+19	1000260560	6.80050E+19
3.76253E+03	1000260560	4.74091E+20	1000260560	4.74091E+20
2.25419E+02	1000260560	2.46334E+19	1000260560	2.46334E+19
4.46658E+03	1000260560	1.55000E+19	1000260560	1.55000E+19
1.65115E+03	1000260560	6.19594E+20	1000260560	6.19594E+20
6.32431E+03	1000260560	2.16225E+20	1000260560	2.16225E+20
3.45521E+03	1000260560	6.57261E+19	1000260560	6.57261E+19
8.43900E+02	1000260560	8.71506E+20	1000260560	8.71506E+20
7.75729E+02	1000260560	2.98571E+19	1000260560	2.98571E+19
1.96449E+03	1000260560	9.09142E+20	1000260560	9.09142E+20
1.47634E+02	1000260560	1.75675E+21	1000260560	1.75675E+21
3.39731E+03	1000260560	1.59582E+20	1000260560	1.59582E+20
1.31548E+03	1000260560	1.67356E+19	1000260560	1.67356E+19
4.47301E+03	1000260560	3.95052E+21	1000260560	3.95052E+21
6.40666E+02	1000260560	1.39287E+20	1000260560	1.39287E+20
1.75262E+03	1000260560	1.47332E+19	1000260560	1.47332E+19
2.05690E+03	1000260560	2.01397E+21	1000260560	2.01397E+21
1.22204E+03	1000260560	1.75067E+21	1000260560	1.75067E+21
1.86737E+03	1000260560	2.40998E+20	1000260560	2.40998E+20
1.71900E+02	1000260560	5.26007E+21	1000260560	5.26007E+21
6.25172E+03	1000260560	4.23643E+21	1000260560	4.23643E+21
2.00177E+02	1000260560	7.30144E+18	1000260560	7.30144E+18
2.80378E+03	1000260560	2.92260E+20	1000260560	2.92260E+20
2.38082E+03	1000260560	2.03483E+20	1000260560	2.03483E+20
7.90131E+02	1000260560	5.03222E+19	1000260560	5.03222E+19
4.99404E+02	1000260560	1.01411E+21	1000260560	1.01411E+21
4.78077E+03	1000260560	1.63986E+21	1000260560	1.63986E+21
5.13732E+03	1000260560	1.69363E+21	1000260560	1.69363E+21
1.94501E+03	1000260560	5.50435E+20	1000260560	5.50435E+20
1.21574E+03	1000260560	2.33217E+20	1000260560	2.33217E+20
5.29912E+03	1000260560	2.20224E+20	1000260560	2.20224E+20
9.09829E+03	1000260560	1.40834E+20	1000260560	1.40834E+20
1.53475E+03	1000260560	1.02500E+20	1000260560	1.02500E+20
3.26228E+02	1000260560	1.57563E+19	1000260560	1.57563E+19
3.52970E+03	1000260560	1.35437E+19	1000260560	1.35437E+19
6.72960E+03	1000260560	3.12514E+19	1000260560	3.12514E+19
8.70055E+03	1000260560	3.67536E+20	1000260560	3.67536E+20
6.99752E+03	1000260560	2.46188E+20	1000260560	2.46188E+20
7.50973E+02	1000260560	1.93430E+21	1000260560	1.93430E+21
3.45614E+03	1000260560	1.67079E+19	1000260560	1.67079E+19
2.31940E+03	1000260560	2.01756E+19	1000260560	2.01756E+19
2.77045E+03	1000260560	3.98939E+20	1000260560	3.98939E+20
3.14414E+02	1000260560	5.01199E+19	1000260560	5.01199E+19
3.88694E+03	1000260560	1.06771E+20	1000260560	1.06771E+20
3.58134E+03	1000260560	9.05066E+20	1000260560	9.05066E+20
2.52062E+03	1000260560	9.92470E+18	1000260560	9.92470E+18
3.67972E+03	1000260560	9.15832E+18	1000260560	9.15832E+18
6.94995E+03	1000260560	6.38051E+18	1000260560	6.38051E+18
2.33599E+03	1000260560	1.06877E+21	1000260560	1.06877E+21
4.88111E+02	1000260560	1.20192E+19	1000260560	1.20192E+19
3.67241E+02	1000260560	2.84990E+19	1000260560	2.84990E+19
5.16780E+02	1000260560	2.23058E+20	1000260560	2.23058E+20
7.16438E+03	1000260560	6.00095E+19	1000260560	6.00095E+19
5.79123E+02	1000260560	1.56369E+19	1000260560	1.56369E+19
3.28367E+03	1000260560	2.36941E+19	1000260560	2.36941E+19
4.39915E+03	1000260560	7.61614E+19	1000260560	7.61614E+19
5.65466E+03	1000260560	7.12667E+18	1000260560	7.12667E+18
8.73793E+02	1000260560	1.15026E+19	1000260560	1.15026E+19
2.51761E+03	1000260560	8.82092E+20	1000260560	8.82092E+20
4.76376E+03	1000260560	1.76380E+21	1000260560	1.76380E+21
1.16408E+03	1000260560	4.54583E+21	1000260560	4.54583E+21
4.33323E+03	1000260560	9.04810E+19	1000260560	9.04810E+19
2.63162E+03	1000260560	1.84821E+21	1000260560	1.84821E+21
2.54108E+03	1000260560	2.96031E+21	1000260560	2.96031E+21
2.33754E+03	1000260560	4.08210E+21	1000260560	4.08210E+21
3.95162E+02	1000260560	2.01547E+19	1000260560	2.01547E+19
3.57879E+03	1000260560	2.91254E+20	1000260560	2.91254E+20
7.47077E+02	1000260560	1.20532E+19	1000260560	1.20532E+19
3.11425E+03	1000260560	2.14872E+19	1000260560	2.14872E+19
3.44618E+03	1000260560	9.34265E+20	1000260560	9.34265E+20
4.73229E+03	1000260560	2.66160E+20	1000260560	2.66160E+20
1.25117E+03	1000260560	4.83632E+20	1000260560	4.83632E+20
5.55971E+03	1000260560	2.80099E+19	1000260560	2.80099E+19
3.55747E+03	1000260560	1.72739E+21	1000260560	1.72739E+21
3.00123E+03	1000260560	1.39839E+21	1000260560	1.39839E+21
7.60960E+03	1000260560	1.73396E+20	1000260560	1.73396E+20
3.79721E+03	1000260560	2.09265E+19	1000260560	2.09265E+19
7.62517E+02	1000260560	1.93008E+19	1000260560	1.93008E+19
1.42420E+03	1000260560	2.51936E+19	1000260560	2.51936E+19
1.50198E+03	1000260560	1.64139E+20	1000260560	1.64139E+20
1.22437E+03	1000260560	5.09105E+19	1000260560	5.09105E+19
2.52046E+03	1000260560	1.88855E+19	1000260560	1.88855E+19
2.50676E+03	1000260560	8.07631E+18	1000260560	8.07631E+18
1.19603E+03	1000260560	1.66155E+20	1000260560	1.66155E+20
3.60486E+02	1000260560	9.60200E+18	1000260560	9.60200E+18
6.75419E+02	1000260560	6.08350E+20	1000260560	6.08350E+20
3.48899E+02	1000260560	8.89749E+19	1000260560	8.89749E+19
5.59274E+03	1000260560	4.48052E+19	1000260560	4.48052E+19
3.57553E+03	1000260560	6.85543E+19	1000260560	6.85543E+19
3.13873E+03	1000260560	1.27552E+19	1000260560	1.27552E+19
1.53755E+03	1000260560	8.78672E+19	1000260560	8.78672E+19
2.17330E+03	1000260560	1.99236E+21	1000260560	1.99236E+21
4.34344E+02	1000260560	1.23461E+21	1000260560	1.23461E+21
5.12546E+03	1000260560	3.23362E+19	1000260560	3.23362E+19
5.88115E+03	1000260560	9.22984E+19	1000260560	9.22984E+19
7.46158E+02	1000260560	1.34964E+20	1000260560	1.34964E+20
7.03779E+02	1000260560	2.98153E+20	1000260560	2.98153E+20
1.81160E+03	1000260560	5.55192E+20	1000260560	5.55192E+20
4.56429E+03	1000260560	3.12233E+19	1000260560	3.12233E+19
3.75619E+03	1000260560	2.64597E+20	1000260560	2.64597E+20
4.18893E+03	1000260560	4.44357E+20	1000260560	4.44357E+20
3.99510E+03	1000260560	7.64507E+20	1000260560	7.64507E+20
3.23614E+03	1000260560	9.27373E+18	1000260560	9.27373E+18
7.71932E+02	1000260560	9.05811E+20	1000260560	9.05811E+20
2.30978E+03	1000260560	3.76705E+19	1000260560	3.76705E+19
1.30238E+03	1000260560	2.03557E+19	1000260560	2.03557E+19
7.77310E+03	1000260560	4.46278E+21	1000260560	4.46278E+21
5.27653E+03	1000260560	3.36303E+19	1000260560	3.36303E+19
4.31501E+03	1000260560	6.32226E+19	1000260560	6.32226E+19
4.01466E+03	1000260560	6.78209E+20	1000260560	6.78209E+20
9.30549E+03	1000260560	8.56352E+20	1000260560	8.56352E+20
8.32964E+03	1000260560	2.61515E+19	1000260560	2.61515E+19
4.34954E+03	1000260560	2.83774E+21	1000260560	2.83774E+21
4.45159E+03	1000260560	1.35247E+19	1000260560	1.35247E+19
3.12959E+03	1000260560	2.35875E+21	1000260560	2.35875E+21
2.03700E+03	1000260560	4.88459E+20	1000260560	4.88459E+20
9.58842E+02	1000260560	5.62745E+21	1000260560	5.62745E+21
1.51440E+03	1000260560	6.03400E+19	1000260560	6.03400E+19
1.16971E+03	1000260560	2.42723E+20	1000260560	2.42723E+20
3.36827E+03	1000260560	1.67250E+19	1000260560	1.67250E+19
6.97488E+03	1000260560	1.32189E+20	1000260560	1.32189E+20
2.89257E+03	1000260560	5.95388E+20	1000260560	5.95388E+20
3.25519E+03	1000260560	2.22901E+21	1000260560	2.22901E+21
4.79370E+03	1000260560	1.92845E+21	1000260560	1.92845E+21
3.73860E+03	1000260560	7.53808E+18	1000260560	7.53808E+18
2.77145E+03	1000260560	3.62700E+20	1000260560	3.62700E+20
1.99535E+02	1000260560	2.39300E+20	1000260560	2.39300E+20
6.64520E+03	1000260560	2.13680E+19	1000260560	2.13680E+19
6.17450E+02	1000260560	8.41491E+19	1000260560	8.41491E+19
2.55620E+03	1000260560	1.25074E+20	1000260560	1.25074E+20
5.17614E+02	1000260560	6.10195E+20	1000260560	6.10195E+20
1.59396E+03	1000260560	4.77775E+19	1000260560	4.77775E+19
6.55210E+03	1000260560	1.76070E+19	1000260560	1.76070E+19
4.31171E+03	1000260560	2.18087E+19	1000260560	2.18087E+19
3.93082E+03	1000260560	2.61090E+21	1000260560	2.61090E+21
6.12165E+02	1000260560	1.28352E+21	1000260560	1.28352E+21
2.72397E+03	1000260560	9.18306E+20	1000260560	9.18306E+20
3.44871E+03	1000260560	5.13620E+21	1000260560	5.13620E+21
1.43531E+02	1000260560	4.86214E+19	1000260560	4.86214E+19
5.78505E+03	1000260560	1.28599E+20	1000260560	1.28599E+20
1.43853E+03	1000260560	1.86945E+21	1000260560	1.86945E+21
2.49543E+03	1000260560	6.90992E+18	1000260560	6.90992E+18
7.81885E+03	1000260560	1.53611E+19	1000260560	1.53611E+19
5.22130E+02	1000260560	1.02372E+21	1000260560	1.02372E+21
5.94549E+03	1000260560	2.78415E+19	1000260560	2.78415E+19
5.46138E+03	1000260560	8.13963E+18	1000260560	8.13963E+18
7.00733E+03	1000260560	2.70118E+19	1000260560	2.70118E+19
1.57363E+03	1000260560	2.61730E+19	1000260560	2.61730E+19
1.09240E+03	1000260560	1.10859E+20	1000260560	1.10859E+20
4.97367E+03	1000260560	1.05877E+21	1000260560	1.05877E+21
4.40061E+03	1000260560	1.89927E+19	1000260560	1.89927E+19
9.49530E+02	1000260560	7.51605E+18	1000260560	7.51605E+18
1.65251E+03	1000260560	1.09330E+21	1000260560	1.09330E+21
4.15032E+03	1000260560	2.24395E+19	1000260560	2.24395E+19
3.11227E+03	1000260560	9.45153E+19	1000260560	9.45153E+19
1.60425E+03	1000260560	1.94243E+19	1000260560	1.94243E+19
1.03167E+03	1000260560	2.25089E+21	1000260560	2.25089E+21
1.42971E+03	1000260560	1.07263E+20	1000260560	1.07263E+20
9.88253E+03	1000260560	2.65018E+21	1000260560	2.65018E+21
3.93613E+03	1000260560	8.26697E+20	1000260560	8.26697E+20
2.32319E+03	1000260560	4.41087E+20	1000260560	4.41087E+20
5.39810E+03	1000260560	2.15275E+20	1000260560	2.15275E+20
9.30530E+03	1000260560	1.49156E+21	1000260560	1.49156E+21
3.76500E+03	1000260560	1.66760E+20	1000260560	1.66760E+20
8.08558E+03	1000260560	6.17357E+19	1000260560	6.17357E+19
7.89551E+03	1000260560	3.56839E+21	1000260560	3.56839E+21
1.63732E+03	1000260560	3.99873E+20	1000260560	3.99873E+20
5.32489E+02	1000260560	1.78904E+19	1000260560	1.78904E+19
1.30154E+03	1000260560	8.64609E+19	1000260560	8.64609E+19
9.18374E+03	1000260560	2.66969E+20	1000260560	2.66969E+20
6.32251E+03	1000260560	3.69601E+20	1000260560	3.69601E+20
3.18945E+02	1000260560	1.45695E+21	1000260560	1.45695E+21
1.45025E+02	1000260560	2.60244E+21	1000260560	2.60244E+21
6.70201E+02	1000260560	1.74500E+19	1000260560	1.74500E+19
1.23033E+03	1000260560	4.05156E+20	1000260560	4.05156E+20
2.90031E+02	1000260560	1.16199E+20	1000260560	1.16199E+20
3.35669E+03	1000260560	9.69526E+18	1000260560	9.69526E+18
3.45485E+03	1000260560	1.60574E+21	1000260560	1.60574E+21
5.07696E+03	1000260560	2.88979E+21	1000260560	2.88979E+21
2.71414E+03	1000260560	1.64202E+21	1000260560	1.64202E+21
2.18476E+03	1000260560	1.26757E+19	1000260560	1.26757E+19
5.19508E+02	1000260560	4.89917E+20	1000260560	4.89917E+20
3.15650E+03	1000260560	4.26499E+20	1000260560	4.26499E+20
2.03229E+02	1000260560	1.36634E+19	1000260560	1.36634E+19
3.64901E+02	1000260560	2.84206E+21	1000260560	2.84206E+21
7.20754E+03	1000260560	3.57968E+19	1000260560	3.57968E+19
1.04627E+03	1000260560	1.71979E+19	1000260560	1.71979E+19
2.87537E+02	1000260560	1.65523E+20	1000260560	1.65523E+20
4.23920E+02	1000260560	6.16288E+20	1000260560	6.16288E+20
2.72273E+02	1000260560	1.43347E+20	1000260560	1.43347E+20
