#	D	ID	E	ID0	E0
#
# D             Trajectory length [1 Mpc]
# ID/ID0/ID1    Particle type (PDG MC numbering scheme)
# E/E0/E1       Energy [1 EeV]
# no index = current, 0 = at source, 1 = at point of creation
#
# CRPropa version: -128-NOTFOUND
#
1.73807E+00	1000010010	3.54753E+21	1000010010	3.54753E+21
1.65104E+00	1000010010	1.67059E+19	1000010010	1.67059E+19
1.39100E+00	1000010010	2.08097E+21	1000010010	2.08097E+21
6.65642E+00	1000010010	3.75521E+20	1000010010	3.75521E+20
7.74726E+00	1000010010	1.40221E+20	1000010010	1.40221E+20
9.30293E+00	1000010010	1.89272E+19	1000010010	1.89272E+19
7.30627E+00	1000010010	2.04166E+21	1000010010	2.04166E+21
3.27519E+00	1000010010	1.24422E+20	1000010010	1.24422E+20
4.14801E+00	1000010010	1.40427E+20	1000010010	1.40427E+20
3.14897E+00	1000010010	1.16227E+21	1000010010	1.16227E+21
9.43121E+00	1000010010	1.69097E+21	1000010010	1.69097E+21
7.97122E+00	1000010010	6.12530E+19	1000010010	6.12530E+19
6.62053E+00	1000010010	1.22434E+21	1000010010	1.22434E+21
4.80520E+00	1000010010	2.70653E+21	1000010010	2.70653E+21
8.38574E+00	1000010010	1.79474E+21	1000010010	1.79474E+21
8.20215E-01	1000010010	1.16331E+20	1000010010	1.16331E+20
3.78319E+00	1000010010	3.28486E+21	1000010010	3.28486E+21
4.23831E+00	1000010010	5.01456E+20	1000010010	5.01456E+20
2.05150E+00	1000010010	9.20922E+20	1000010010	9.20922E+20
7.32957E+00	1000010010	4.11935E+21	1000010010	4.11935E+21
1.15673E+00	1000010010	5.82004E+19	1000010010	5.82004E+19
3.23493E-01	1000010010	5.05016E+20	1000010010	5.05016E+20
9.83370E-01	1000010010	2.63072E+20	1000010010	2.63072E+20
5.37930E+00	1000010010	2.53381E+21	1000010010	2.53381E+21
4.34829E+00	1000010010	1.14152E+19	1000010010	1.14152E+19
9.04790E+00	1000010010	8.57220E+18	1000010010	8.57220E+18
4.65267E+00	1000010010	6.62406E+18	1000010010	6.62406E+18
4.08858E+00	1000010010	3.90829E+21	1000010010	3.90829E+21
3.53202E+00	1000010010	4.17693E+19	1000010010	4.17693E+19
6.41410E+00	1000010010	2.30378E+19	1000010010	2.30378E+19
4.62880E+00	1000010010	1.32042E+21	1000010010	1.32042E+21
4.55576E+00	1000010010	1.27195E+19	1000010010	1.27195E+19
9.35741E+00	1000010010	7.81649E+18	1000010010	7.81649E+18
1.92995E+00	1000010010	2.15636E+21	1000010010	2.15636E+21
7.44408E+00	1000010010	3.75029E+19	1000010010	3.75029E+19
7.54828E+00	1000010010	6.16065E+19	1000010010	6.16065E+19
8.79513E+00	1000010010	1.33794E+21	1000010010	1.33794E+21
2.51129E+00	1000010010	9.88499E+20	1000010010	9.88499E+20
5.74715E+00	1000010010	5.74584E+20	1000010010	5.74584E+20
5.18418E-01	1000010010	1.92605E+20	1000010010	1.92605E+20
1.86954E+00	1000010010	2.99525E+19	1000010010	2.99525E+19
4.27030E+00	1000010010	1.18357E+21	1000010010	1.18357E+21
3.76501E+00	1000010010	7.32068E+18	1000010010	7.32068E+18
1.45421E+00	1000010010	5.75978E+19	1000010010	5.75978E+19
1.40186E+00	1000010010	2.58255E+19	1000010010	2.58255E+19
6.80055E+00	1000010010	9.01360E+18	1000010010	9.01360E+18
5.73530E+00	1000010010	6.79289E+19	1000010010	6.79289E+19
1.71562E+00	1000010010	1.34900E+20	1000010010	1.34900E+20
8.55594E-01	1000010010	7.45807E+18	1000010010	7.45807E+18
1.32099E+00	1000010010	5.55011E+19	1000010010	5.55011E+19
6.48288E+00	1000010010	5.38742E+20	1000010010	5.38742E+20
3.40990E+00	1000010010	6.83442E+18	1000010010	6.83442E+18
2.46550E+00	1000010010	6.60326E+19	1000010010	6.60326E+19
5.78572E+00	1000010010	2.91380E+20	1000010010	2.91380E+20
1.06268E+00	1000010010	8.90214E+20	1000010010	8.90214E+20
2.96771E-01	1000010010	1.38996E+19	1000010010	1.38996E+19
8.18396E-01	1000010010	1.63183E+21	1000010010	1.63183E+21
9.50642E+00	1000010010	1.20597E+21	1000010010	1.20597E+21
8.90869E+00	1000010010	2.70964E+20	1000010010	2.70964E+20
6.83898E+00	1000010010	8.09072E+20	1000010010	8.09072E+20
6.73873E+00	1000010010	1.66375E+21	1000010010	1.66375E+21
1.93964E+00	1000010010	1.40392E+19	1000010010	1.40392E+19
9.16156E+00	1000010010	3.93706E+20	1000010010	3.93706E+20
3.80514E+00	1000010010	2.41012E+19	1000010010	2.41012E+19
1.94410E+00	1000010010	5.38368E+19	1000010010	5.38368E+19
2.53635E+00	1000010010	1.16270E+20	1000010010	1.16270E+20
6.59788E+00	1000010010	3.03170E+20	1000010010	3.03170E+20
1.79288E+00	1000010010	2.02615E+21	1000010010	2.02615E+21
3.20517E+00	1000010010	3.92115E+20	1000010010	3.92115E+20
5.44868E+00	1000010010	5.57060E+19	1000010010	5.57060E+19
4.83934E+00	1000010010	1.99381E+20	1000010010	1.99381E+20
7.73647E+00	1000010010	5.67232E+19	1000010010	5.67232E+19
3.17941E+00	1000010010	4.25980E+21	1000010010	4.25980E+21
6.28857E+00	1000010010	1.94178E+20	1000010010	1.94178E+20
7.29563E+00	1000010010	1.21621E+20	1000010010	1.21621E+20
4.54305E+00	1000010010	2.65203E+19	1000010010	2.65203E+19
9.63948E+00	1000010010	1.81376E+21	1000010010	1.81376E+21
4.10209E+00	1000010010	6.52134E+20	1000010010	6.52134E+20
9.84982E+00	1000010010	1.86024E+21	1000010010	1.86024E+21
9.64142E+00	1000010010	4.14822E+20	1000010010	4.14822E+20
3.65880E+00	1000010010	1.53835E+20	1000010010	1.53835E+20
6.87868E+00	1000010010	3.09205E+21	1000010010	3.09205E+21
7.70703E+00	1000010010	3.09215E+19	1000010010	3.09215E+19
8.62174E+00	1000010010	7.36586E+18	1000010010	7.36586E+18
3.41359E+00	1000010010	4.70352E+20	1000010010	4.70352E+20
5.60061E+00	1000010010	1.03514E+19	1000010010	1.03514E+19
4.63529E+00	1000010010	2.17220E+21	1000010010	2.17220E+21
1.22107E+00	1000010010	1.11399E+19	1000010010	1.11399E+19
4.25515E+00	1000010010	3.12092E+21	1000010010	3.12092E+21
3.65970E-01	1000010010	1.03365E+20	1000010010	1.03365E+20
3.84522E+00	1000010010	7.26414E+20	1000010010	7.26414E+20
9.70225E+00	1000010010	2.47937E+19	1000010010	2.47937E+19
3.20152E+00	1000010010	4.89343E+21	1000010010	4.89343E+21
8.22716E+00	1000010010	3.05289E+19	1000010010	3.05289E+19
4.25158E+00	1000010010	1.00428E+19	1000010010	1.00428E+19
7.08303E+00	1000010010	3.79339E+21	1000010010	3.79339E+21
1.82546E+00	1000010010	2.10687E+20	1000010010	2.10687E+20
1.38434E+00	1000010010	2.20541E+19	1000010010	2.20541E+19
8.83801E+00	1000010010	1.21040E+20	1000010010	1.21040E+20
1.41125E+00	1000010010	4.46621E+19	1000010010	4.46621E+19
9.40868E+00	1000010010	3.92761E+21	1000010010	3.92761E+21
2.22596E+00	1000010010	1.17325E+19	1000010010	1.17325E+19
2.76863E+00	1000010010	2.40068E+19	1000010010	2.40068E+19
9.48794E+00	1000010010	1.22261E+21	1000010010	1.22261E+21
8.71179E+00	1000010010	2.91272E+21	1000010010	2.91272E+21
9.73655E+00	1000010010	2.16075E+21	1000010010	2.16075E+21
4.45641E+00	1000010010	3.05982E+19	1000010010	3.05982E+19
9.92316E+00	1000010010	3.76939E+20	1000010010	3.76939E+20
3.51419E+00	1000010010	5.06648E+20	1000010010	5.06648E+20
8.55663E+00	1000010010	1.74956E+20	1000010010	1.74956E+20
8.08486E+00	1000010010	5.16044E+21	1000010010	5.16044E+21
8.25998E+00	1000010010	3.41802E+20	1000010010	3.41802E+20
3.94324E+00	1000010010	7.83940E+18	1000010010	7.83940E+18
9.41891E-01	1000010010	1.41172E+21	1000010010	1.41172E+21
4.22734E+00	1000010010	5.96211E+21	1000010010	5.96211E+21
5.28462E+00	1000010010	7.18701E+20	1000010010	7.18701E+20
3.45301E+00	1000010010	2.23333E+21	1000010010	2.23333E+21
1.99761E-01	1000010010	2.41322E+19	1000010010	2.41322E+19
8.80309E+00	1000010010	7.66805E+20	1000010010	7.66805E+20
3.10022E+00	1000010010	7.39970E+18	1000010010	7.39970E+18
5.62236E+00	1000010010	2.33024E+19	1000010010	2.33024E+19
8.28168E-02	1000010010	1.57064E+19	1000010010	1.57064E+19
7.71409E+00	1000010010	6.53775E+18	1000010010	6.53775E+18
7.17422E+00	1000010010	2.43084E+21	1000010010	2.43084E+21
1.82936E+00	1000010010	4.52589E+19	1000010010	4.52589E+19
3.77517E+00	1000010010	2.43537E+19	1000010010	2.43537E+19
5.64541E-01	1000010010	8.98536E+19	1000010010	8.98536E+19
7.66327E+00	1000010010	2.91951E+19	1000010010	2.91951E+19
1.69929E+00	1000010010	4.95119E+19	1000010010	4.95119E+19
8.99857E+00	1000010010	8.21773E+18	1000010010	8.21773E+18
9.73293E+00	1000010010	2.99852E+21	1000010010	2.99852E+21
8.03118E-01	1000010010	2.33050E+19	1000010010	2.33050E+19
4.24713E+00	1000010010	3.02715E+20	1000010010	3.02715E+20
2.70934E+00	1000010010	3.29098E+20	1000010010	3.29098E+20
5.60922E+00	1000010010	3.05495E+20	1000010010	3.05495E+20
9.28632E+00	1000010010	4.20645E+20	1000010010	4.20645E+20
2.56568E+00	1000010010	5.60737E+19	1000010010	5.60737E+19
4.03129E+00	1000010010	1.98502E+20	1000010010	1.98502E+20
3.90420E+00	1000010010	1.69211E+20	1000010010	1.69211E+20
3.27265E-01	1000010010	1.45557E+20	1000010010	1.45557E+20
2.96700E+00	1000010010	1.61795E+20	1000010010	1.61795E+20
1.97376E+00	1000010010	1.40673E+20	1000010010	1.40673E+20
5.05152E+00	1000010010	1.23429E+19	1000010010	1.23429E+19
5.97342E-01	1000010010	2.95336E+20	1000010010	2.95336E+20
2.47505E+00	1000010010	2.11542E+19	1000010010	2.11542E+19
4.21706E+00	1000010010	1.72515E+19	1000010010	1.72515E+19
4.18300E+00	1000010010	1.22217E+21	1000010010	1.22217E+21
1.23675E+00	1000010010	2.22426E+19	1000010010	2.22426E+19
3.64647E+00	1000010010	4.44995E+21	1000010010	4.44995E+21
3.94061E-01	1000010010	3.10345E+21	1000010010	3.10345E+21
1.68971E+00	1000010010	2.94284E+21	1000010010	2.94284E+21
4.48939E+00	1000010010	1.82932E+20	1000010010	1.82932E+20
2.19026E+00	1000010010	1.42600E+21	1000010010	1.42600E+21
8.96607E+00	1000010010	3.36467E+19	1000010010	3.36467E+19
2.36541E-01	1000010010	9.13970E+18	1000010010	9.13970E+18
5.63108E+00	1000010010	2.55623E+21	1000010010	2.55623E+21
9.61679E+00	1000010010	1.88782E+21	1000010010	1.88782E+21
7.22695E+00	1000010010	1.40449E+21	1000010010	1.40449E+21
4.82211E+00	1000010010	2.24355E+19	1000010010	2.24355E+19
9.65862E+00	1000010010	3.76034E+21	1000010010	3.76034E+21
2.19282E+00	1000010010	1.76656E+19	1000010010	1.76656E+19
2.99010E+00	1000010010	6.67782E+20	1000010010	6.67782E+20
3.47883E+00	1000010010	1.46812E+20	1000010010	1.46812E+20
6.99668E+00	1000010010	7.27610E+18	1000010010	7.27610E+18
9.19499E+00	1000010010	6.46204E+20	1000010010	6.46204E+20
1.32135E+00	1000010010	5.74179E+20	1000010010	5.74179E+20
5.85171E+00	1000010010	1.65646E+20	1000010010	1.65646E+20
8.00047E-01	1000010010	1.74509E+19	1000010010	1.74509E+19
8.61313E+00	1000010010	3.77491E+20	1000010010	3.77491E+20
2.69338E+00	1000010010	1.61503E+21	1000010010	1.61503E+21
8.91522E+00	1000010010	5.93256E+19	1000010010	5.93256E+19
6.24811E-01	1000010010	7.66156E+18	1000010010	7.66156E+18
9.32603E+00	1000010010	1.03508E+19	1000010010	1.03508E+19
8.61433E+00	1000010010	9.92457E+20	1000010010	9.92457E+20
4.70647E+00	1000010010	1.12162E+19	1000010010	1.12162E+19
8.32709E+00	1000010010	6.49782E+19	1000010010	6.49782E+19
3.48378E+00	1000010010	3.90050E+21	1000010010	3.90050E+21
1.32154E-01	1000010010	1.18634E+20	1000010010	1.18634E+20
2.58443E+00	1000010010	5.86370E+20	1000010010	5.86370E+20
9.17524E+00	1000010010	4.40226E+21	1000010010	4.40226E+21
2.40812E+00	1000010010	3.35962E+19	1000010010	3.35962E+19
1.19665E+00	1000010010	7.67247E+18	1000010010	7.67247E+18
9.56859E+00	1000010010	2.75779E+19	1000010010	2.75779E+19
4.24250E+00	1000010010	1.08588E+19	1000010010	1.08588E+19
5.29730E+00	1000010010	8.13634E+18	1000010010	8.13634E+18
8.38302E+00	1000010010	2.25050E+21	1000010010	2.25050E+21
3.59799E+00	1000010010	5.34849E+21	1000010010	5.34849E+21
9.82744E+00	1000010010	3.02066E+20	1000010010	3.02066E+20
2.96798E+00	1000010010	1.33101E+20	1000010010	1.33101E+20
4.06800E+00	1000010010	1.13056E+21	1000010010	1.13056E+21
1.27580E+00	1000010010	1.92740E+21	1000010010	1.92740E+21
2.58687E+00	1000010010	1.21069E+20	1000010010	1.21069E+20
7.89076E+00	1000010010	1.24137E+19	1000010010	1.24137E+19
8.70309E+00	1000010010	3.01233E+19	1000010010	3.01233E+19
2.21177E+00	1000010010	7.74151E+18	1000010010	7.74151E+18
3.15391E+00	1000010010	1.51276E+19	1000010010	1.51276E+19
1.67230E+00	1000010010	3.19924E+21	1000010010	3.19924E+21
4.19392E+00	1000010010	5.65209E+21	1000010010	5.65209E+21
8.05067E-01	1000010010	4.97549E+21	1000010010	4.97549E+21
1.72448E+00	1000010010	4.29122E+19	1000010010	4.29122E+19
8.96307E+00	1000010010	2.85093E+21	1000010010	2.85093E+21
8.17016E+00	1000010010	5.06130E+21	1000010010	5.06130E+21
1.42078E+00	1000010010	1.32238E+21	1000010010	1.32238E+21
4.93764E-01	1000010010	1.96799E+20	1000010010	1.96799E+20
5.38738E+00	1000010010	1.24178E+21	1000010010	1.24178E+21
7.32033E+00	1000010010	5.11991E+19	1000010010	5.11991E+19
8.72411E+00	1000010010	1.02832E+20	1000010010	1.02832E+20
5.20609E+00	1000010010	7.56010E+18	1000010010	7.56010E+18
5.52851E-01	1000010010	3.61522E+19	1000010010	3.61522E+19
6.84481E+00	1000010010	3.33107E+19	1000010010	3.33107E+19
4.31430E+00	1000010010	1.44823E+21	1000010010	1.44823E+21
9.23188E+00	1000010010	3.64137E+21	1000010010	3.64137E+21
5.86477E+00	1000010010	2.52951E+19	1000010010	2.52951E+19
8.82383E+00	1000010010	6.06917E+20	1000010010	6.06917E+20
4.40017E+00	1000010010	4.36610E+20	1000010010	4.36610E+20
2.40416E+00	1000010010	1.55709E+21	1000010010	1.55709E+21
7.73644E+00	1000010010	1.85125E+19	1000010010	1.85125E+19
7.95424E+00	1000010010	1.21006E+21	1000010010	1.21006E+21
3.71987E+00	1000010010	5.65653E+19	1000010010	5.65653E+19
8.56533E+00	1000010010	3.98303E+21	1000010010	3.98303E+21
7.83973E+00	1000010010	1.13247E+19	1000010010	1.13247E+19
5.37670E+00	1000010010	5.60233E+21	1000010010	5.60233E+21
1.95422E+00	1000010010	4.95456E+20	1000010010	4.95456E+20
1.57537E+00	1000010010	7.93422E+19	1000010010	7.93422E+19
9.07823E+00	1000010010	3.08055E+20	1000010010	3.08055E+20
6.93399E+00	1000010010	3.79338E+20	1000010010	3.79338E+20
4.49414E+00	1000010010	1.89426E+21	1000010010	1.89426E+21
5.17977E-01	1000010010	4.29879E+20	1000010010	4.29879E+20
1.32794E-01	1000010010	2.53443E+19	1000010010	2.53443E+19
6.27284E+00	1000010010	3.88156E+20	1000010010	3.88156E+20
7.52477E+00	1000010010	1.19534E+20	1000010010	1.19534E+20
1.77358E+00	1000010010	2.22575E+20	1000010010	2.22575E+20
4.01091E+00	1000010010	7.92720E+19	1000010010	7.92720E+19
7.13034E+00	1000010010	9.24414E+19	1000010010	9.24414E+19
4.84490E+00	1000010010	1.55577E+20	1000010010	1.55577E+20
2.39728E+00	1000010010	1.62518E+19	1000010010	1.62518E+19
8.61909E+00	1000010010	6.25554E+20	1000010010	6.25554E+20
6.37515E+00	1000010010	4.87552E+21	1000010010	4.87552E+21
9.91068E+00	1000010010	3.63205E+21	1000010010	3.63205E+21
9.03769E+00	1000010010	3.00777E+21	1000010010	3.00777E+21
3.01967E-01	1000010010	2.26010E+21	1000010010	2.26010E+21
1.48268E+00	1000010010	3.77450E+21	1000010010	3.77450E+21
8.91604E+00	1000010010	5.62342E+19	1000010010	5.62342E+19
8.56438E+00	1000010010	2.83321E+21	1000010010	2.83321E+21
8.85715E+00	1000010010	6.04572E+21	1000010010	6.04572E+21
6.94156E+00	1000010010	6.30494E+18	1000010010	6.30494E+18
5.40715E+00	1000010010	3.12638E+21	1000010010	3.12638E+21
9.31084E+00	1000010010	1.79140E+20	1000010010	1.79140E+20
4.22608E-01	1000010010	2.12507E+21	1000010010	2.12507E+21
1.66656E+00	1000010010	1.43591E+21	1000010010	1.43591E+21
7.03033E-01	1000010010	1.46883E+20	1000010010	1.46883E+20
3.97839E+00	1000010010	5.53737E+20	1000010010	5.53737E+20
5.66113E+00	1000010010	1.31740E+19	1000010010	1.31740E+19
4.22185E+00	1000010010	5.61457E+19	1000010010	5.61457E+19
6.99605E+00	1000010010	3.00681E+20	1000010010	3.00681E+20
4.86628E+00	1000010010	5.35514E+21	1000010010	5.35514E+21
2.75967E+00	1000010010	7.63339E+20	1000010010	7.63339E+20
1.02589E+00	1000010010	3.57077E+21	1000010010	3.57077E+21
5.48743E+00	1000010010	1.71700E+19	1000010010	1.71700E+19
4.34327E+00	1000010010	1.46151E+21	1000010010	1.46151E+21
6.63026E+00	1000010010	1.62506E+21	1000010010	1.62506E+21
3.08871E+00	1000010010	2.67086E+20	1000010010	2.67086E+20
8.34552E+00	1000010010	5.00023E+21	1000010010	5.00023E+21
9.94071E+00	1000010010	3.19519E+19	1000010010	3.19519E+19
4.07752E+00	1000010010	1.64357E+21	1000010010	1.64357E+21
2.78466E+00	1000010010	7.93453E+18	1000010010	7.93453E+18
5.31330E+00	1000010010	1.74718E+20	1000010010	1.74718E+20
3.50344E+00	1000010010	1.15557E+19	1000010010	1.15557E+19
7.17295E+00	1000010010	1.78338E+21	1000010010	1.78338E+21
4.53553E+00	1000010010	5.02111E+19	1000010010	5.02111E+19
6.17062E+00	1000010010	8.00228E+19	1000010010	8.00228E+19
4.81500E+00	1000010010	3.96794E+20	1000010010	3.96794E+20
1.37566E+00	1000010010	1.55328E+19	1000010010	1.55328E+19
2.60862E+00	1000010010	1.96027E+20	1000010010	1.96027E+20
1.22150E-01	1000010010	1.44379E+19	1000010010	1.44379E+19
9.75173E+00	1000010010	6.09121E+19	1000010010	6.09121E+19
2.30328E+00	1000010010	6.73053E+20	1000010010	6.73053E+20
1.37738E+00	1000010010	1.49115E+19	1000010010	1.49115E+19
6.98457E+00	1000010010	4.69257E+19	1000010010	4.69257E+19
3.24090E+00	1000010010	8.90207E+19	1000010010	8.90207E+19
7.83496E+00	1000010010	7.39959E+19	1000010010	7.39959E+19
5.43127E+00	1000010010	2.37201E+20	1000010010	2.37201E+20
1.91568E+00	1000010010	8.72232E+18	1000010010	8.72232E+18
5.83647E+00	1000010010	1.78451E+21	1000010010	1.78451E+21
1.55704E+00	1000010010	3.40930E+21	1000010010	3.40930E+21
1.26250E+00	1000010010	5.84525E+20	1000010010	5.84525E+20
9.58088E-01	1000010010	7.32602E+19	1000010010	7.32602E+19
2.34665E+00	1000010010	1.01918E+21	1000010010	1.01918E+21
5.62440E+00	1000010010	6.79038E+18	1000010010	6.79038E+18
6.94321E+00	1000010010	7.00417E+19	1000010010	7.00417E+19
2.31363E-01	1000010010	9.82786E+20	1000010010	9.82786E+20
8.10416E+00	1000010010	1.42473E+20	1000010010	1.42473E+20
7.96141E+00	1000010010	8.17353E+18	1000010010	8.17353E+18
3.02333E+00	1000010010	2.12627E+20	1000010010	2.12627E+20
5.62057E+00	1000010010	2.25875E+21	1000010010	2.25875E+21
3.60067E-01	1000010010	1.90806E+20	1000010010	1.90806E+20
9.08416E-01	1000010010	2.74618E+21	1000010010	2.74618E+21
3.01103E+00	1000010010	2.39072E+21	1000010010	2.39072E+21
9.08061E+00	1000010010	1.56638E+21	1000010010	1.56638E+21
5.54553E+00	1000010010	1.03910E+21	1000010010	1.03910E+21
7.57450E+00	1000010010	3.41802E+20	1000010010	3.41802E+20
8.72779E+00	1000010010	3.05757E+19	1000010010	3.05757E+19
3.66338E-02	1000010010	2.06195E+21	1000010010	2.06195E+21
7.86531E+00	1000010010	5.44378E+19	1000010010	5.44378E+19
8.94210E+00	1000010010	1.22509E+19	1000010010	1.22509E+19
4.17743E+00	1000010010	1.27279E+21	1000010010	1.27279E+21
1.68384E+00	1000010010	1.58740E+19	1000010010	1.58740E+19
7.24639E+00	1000010010	3.46374E+20	1000010010	3.46374E+20
2.31809E+00	1000010010	6.50360E+19	1000010010	6.50360E+19
8.18589E+00	1000010010	1.46804E+21	1000010010	1.46804E+21
2.80287E+00	1000010010	2.94714E+20	1000010010	2.94714E+20
8.02363E+00	1000010010	1.39560E+21	1000010010	1.39560E+21
9.26522E-01	1000010010	5.06037E+20	1000010010	5.06037E+20
6.25983E+00	1000010010	1.24694E+20	1000010010	1.24694E+20
1.63144E+00	1000010010	1.14577E+21	1000010010	1.14577E+21
7.24671E+00	1000010010	1.19227E+20	1000010010	1.19227E+20
2.83431E+00	1000010010	1.84459E+20	1000010010	1.84459E+20
9.84346E+00	1000010010	1.38035E+21	1000010010	1.38035E+21
6.85759E+00	1000010010	4.00924E+19	1000010010	4.00924E+19
7.80407E+00	1000010010	2.79695E+19	1000010010	2.79695E+19
1.73031E+00	1000010010	1.55200E+21	1000010010	1.55200E+21
3.93457E+00	1000010010	1.54679E+19	1000010010	1.54679E+19
1.49662E+00	1000010010	8.01260E+18	1000010010	8.01260E+18
9.34501E+00	1000010010	4.58280E+19	1000010010	4.58280E+19
5.28076E+00	1000010010	8.04163E+18	1000010010	8.04163E+18
8.06151E+00	1000010010	9.42611E+19	1000010010	9.42611E+19
4.48076E+00	1000010010	1.40207E+19	1000010010	1.40207E+19
4.67522E-01	1000010010	9.90647E+19	1000010010	9.90647E+19
2.14665E+00	1000010010	4.87412E+19	1000010010	4.87412E+19
6.22732E+00	1000010010	3.37293E+20	1000010010	3.37293E+20
1.67793E+00	1000010010	5.20016E+20	1000010010	5.20016E+20
7.87536E+00	1000010010	1.79956E+19	1000010010	1.79956E+19
2.63017E+00	1000010010	1.85088E+21	1000010010	1.85088E+21
8.84448E+00	1000010010	1.15803E+19	1000010010	1.15803E+19
7.00767E+00	1000010010	7.52196E+18	1000010010	7.52196E+18
3.55034E+00	1000010010	3.35701E+19	1000010010	3.35701E+19
1.55600E+00	1000010010	3.17193E+20	1000010010	3.17193E+20
7.33874E+00	1000010010	1.89955E+20	1000010010	1.89955E+20
1.72838E+00	1000010010	1.12043E+20	1000010010	1.12043E+20
3.18783E+00	1000010010	1.48285E+19	1000010010	1.48285E+19
4.75664E+00	1000010010	2.14791E+19	1000010010	2.14791E+19
9.75314E+00	1000010010	9.60351E+19	1000010010	9.60351E+19
8.04411E+00	1000010010	5.69055E+20	1000010010	5.69055E+20
9.01904E-02	1000010010	9.14462E+20	1000010010	9.14462E+20
6.16841E+00	1000010010	3.51648E+19	1000010010	3.51648E+19
4.15917E+00	1000010010	4.80016E+21	1000010010	4.80016E+21
5.80481E+00	1000010010	2.30865E+20	1000010010	2.30865E+20
6.74999E+00	1000010010	4.90884E+19	1000010010	4.90884E+19
4.63138E+00	1000010010	2.92208E+21	1000010010	2.92208E+21
4.02899E+00	1000010010	3.88645E+19	1000010010	3.88645E+19
4.58076E+00	1000010010	9.39918E+20	1000010010	9.39918E+20
2.66837E+00	1000010010	7.53596E+20	1000010010	7.53596E+20
2.28459E-01	1000010010	1.60609E+20	1000010010	1.60609E+20
4.89973E+00	1000010010	3.33873E+20	1000010010	3.33873E+20
8.53421E+00	1000010010	4.63999E+21	1000010010	4.63999E+21
1.30230E+00	1000010010	4.81950E+21	1000010010	4.81950E+21
7.05946E-01	1000010010	8.38163E+18	1000010010	8.38163E+18
5.85462E+00	1000010010	2.70044E+21	1000010010	2.70044E+21
6.52835E+00	1000010010	5.28742E+20	1000010010	5.28742E+20
4.52357E+00	1000010010	5.04836E+21	1000010010	5.04836E+21
2.16646E+00	1000010010	2.92303E+19	1000010010	2.92303E+19
8.15807E+00	1000010010	1.93877E+19	1000010010	1.93877E+19
8.97305E+00	1000010010	1.46602E+19	1000010010	1.46602E+19
8.53875E+00	1000010010	8.93148E+20	1000010010	8.93148E+20
1.46198E+00	1000010010	7.07483E+19	1000010010	7.07483E+19
4.11647E+00	1000010010	7.02423E+19	1000010010	7.02423E+19
1.71787E+00	1000010010	6.68128E+19	1000010010	6.68128E+19
5.97969E+00	1000010010	9.68012E+18	1000010010	9.68012E+18
6.00681E+00	1000010010	8.17075E+18	1000010010	8.17075E+18
6.50152E+00	1000010010	2.95718E+20	1000010010	2.95718E+20
4.85675E+00	1000010010	3.10127E+19	1000010010	3.10127E+19
9.04326E+00	1000010010	1.66506E+21	1000010010	1.66506E+21
5.53915E+00	1000010010	8.58504E+18	1000010010	8.58504E+18
5.13143E+00	1000010010	5.47421E+20	1000010010	5.47421E+20
8.23978E+00	1000010010	2.71331E+21	1000010010	2.71331E+21
7.33018E+00	1000010010	2.25230E+19	1000010010	2.25230E+19
9.54483E+00	1000010010	1.79039E+20	1000010010	1.79039E+20
6.04091E+00	1000010010	4.82843E+21	1000010010	4.82843E+21
1.89526E+00	1000010010	8.68496E+18	1000010010	8.68496E+18
4.37013E+00	1000010010	2.33872E+19	1000010010	2.33872E+19
8.60034E-01	1000010010	4.93527E+21	1000010010	4.93527E+21
5.49329E+00	1000010010	1.19615E+19	1000010010	1.19615E+19
8.56954E+00	1000010010	5.58866E+19	1000010010	5.58866E+19
2.38254E+00	1000010010	4.42410E+21	1000010010	4.42410E+21
5.90646E-01	1000010010	3.32611E+19	1000010010	3.32611E+19
8.57671E+00	1000010010	2.61604E+19	1000010010	2.61604E+19
5.67488E+00	1000010010	1.53393E+21	1000010010	1.53393E+21
5.85866E+00	1000010010	2.96840E+20	1000010010	2.96840E+20
3.21027E+00	1000010010	5.42361E+20	1000010010	5.42361E+20
5.12488E+00	1000010010	2.08476E+20	1000010010	2.08476E+20
2.93415E+00	1000010010	1.54780E+19	1000010010	1.54780E+19
3.28771E+00	1000010010	2.90466E+20	1000010010	2.90466E+20
6.85620E+00	1000010010	4.76012E+21	1000010010	4.76012E+21
5.65784E+00	1000010010	9.15151E+19	1000010010	9.15151E+19
8.31858E+00	1000010010	6.37836E+20	1000010010	6.37836E+20
3.61455E+00	1000010010	3.70116E+21	1000010010	3.70116E+21
6.54715E+00	1000010010	1.04505E+19	1000010010	1.04505E+19
4.81388E+00	1000010010	3.01356E+19	1000010010	3.01356E+19
9.78140E+00	1000010010	5.42958E+20	1000010010	5.42958E+20
9.97150E+00	1000010010	2.86276E+20	1000010010	2.86276E+20
6.47536E+00	1000010010	3.65113E+19	1000010010	3.65113E+19
4.19029E+00	1000010010	1.24224E+21	1000010010	1.24224E+21
7.76661E+00	1000010010	1.16745E+20	1000010010	1.16745E+20
4.65809E+00	1000010010	2.39374E+19	1000010010	2.39374E+19
5.90365E-01	1000010010	1.46572E+19	1000010010	1.46572E+19
9.51773E-01	1000010010	2.64377E+21	1000010010	2.64377E+21
3.54824E+00	1000010010	1.05257E+20	1000010010	1.05257E+20
4.22247E+00	1000010010	1.42766E+19	1000010010	1.42766E+19
9.20504E+00	1000010010	1.34023E+19	1000010010	1.34023E+19
1.54492E+00	1000010010	1.21012E+20	1000010010	1.21012E+20
4.80106E+00	1000010010	3.54452E+20	1000010010	3.54452E+20
2.59680E+00	1000010010	4.59021E+20	1000010010	4.59021E+20
9.54847E+00	1000010010	6.26931E+19	1000010010	6.26931E+19
7.82119E+00	1000010010	4.95074E+21	1000010010	4.95074E+21
9.64848E+00	1000010010	6.67607E+20	1000010010	6.67607E+20
5.79482E+00	1000010010	4.33725E+19	1000010010	4.33725E+19
8.74604E+00	1000010010	1.15958E+21	1000010010	1.15958E+21
1.96193E+00	1000010010	2.30386E+21	1000010010	2.30386E+21
5.42983E+00	1000010010	4.53622E+19	1000010010	4.53622E+19
8.06017E+00	1000010010	6.76926E+19	1000010010	6.76926E+19
8.58431E+00	1000010010	1.88507E+21	1000010010	1.88507E+21
5.78847E+00	1000010010	6.43995E+20	1000010010	6.43995E+20
7.38882E+00	1000010010	2.28551E+21	1000010010	2.28551E+21
2.22005E+00	1000010010	5.52830E+19	1000010010	5.52830E+19
6.80057E+00	1000010010	6.02318E+20	1000010010	6.02318E+20
6.23953E+00	1000010010	3.75023E+21	1000010010	3.75023E+21
8.95881E+00	1000010010	1.97230E+21	1000010010	1.97230E+21
9.55874E+00	1000010010	6.97349E+20	1000010010	6.97349E+20
4.05012E+00	1000010010	1.29239E+19	1000010010	1.29239E+19
9.71346E+00	1000010010	2.41738E+20	1000010010	2.41738E+20
5.84673E+00	1000010010	1.11896E+19	1000010010	1.11896E+19
5.33196E+00	1000010010	4.39575E+21	1000010010	4.39575E+21
2.95507E-01	1000010010	1.07183E+19	1000010010	1.07183E+19
1.26708E+00	1000010010	5.31835E+19	1000010010	5.31835E+19
2.00985E+00	1000010010	8.57045E+18	1000010010	8.57045E+18
2.62466E+00	1000010010	2.25936E+20	1000010010	2.25936E+20
8.14296E+00	1000010010	1.05648E+19	1000010010	1.05648E+19
9.27088E+00	1000010010	2.02770E+19	1000010010	2.02770E+19
1.96125E+00	1000010010	3.05451E+20	1000010010	3.05451E+20
8.42446E+00	1000010010	2.44057E+19	1000010010	2.44057E+19
9.37996E+00	1000010010	5.74237E+21	1000010010	5.74237E+21
1.52161E+00	1000010010	1.80753E+20	1000010010	1.80753E+20
5.01007E+00	1000010010	3.20046E+20	1000010010	3.20046E+20
9.30012E+00	1000010010	7.58654E+20	1000010010	7.58654E+20
9.92646E+00	1000010010	1.28753E+19	1000010010	1.28753E+19
5.00867E+00	1000010010	4.16598E+20	1000010010	4.16598E+20
2.99527E+00	1000010010	1.57587E+21	1000010010	1.57587E+21
8.96574E-01	1000010010	1.06314E+19	1000010010	1.06314E+19
7.68049E+00	1000010010	2.87063E+19	1000010010	2.87063E+19
8.05080E-01	1000010010	4.52997E+19	1000010010	4.52997E+19
3.41854E+00	1000010010	2.68369E+21	1000010010	2.68369E+21
8.90530E+00	1000010010	5.91963E+20	1000010010	5.91963E+20
9.92414E+00	1000010010	2.41081E+20	1000010010	2.41081E+20
4.44473E+00	1000010010	3.48746E+21	1000010010	3.48746E+21
1.79135E+00	1000010010	3.82196E+21	1000010010	3.82196E+21
4.87374E+00	1000010010	1.05149E+19	1000010010	1.05149E+19
1.88438E+00	1000010010	1.32634E+20	1000010010	1.32634E+20
9.66712E+00	1000010010	4.68988E+21	1000010010	4.68988E+21
3.45163E+00	1000010010	1.16375E+20	1000010010	1.16375E+20
7.91112E-02	1000010010	1.14952E+21	1000010010	1.14952E+21
8.20109E+00	1000010010	7.91958E+20	1000010010	7.91958E+20
3.07789E+00	1000010010	1.00880E+21	1000010010	1.00880E+21
4.57726E+00	1000010010	2.05073E+20	1000010010	2.05073E+20
2.77522E+00	1000010010	1.10945E+19	1000010010	1.10945E+19
4.89042E+00	1000010010	3.83486E+19	1000010010	3.83486E+19
3.89462E+00	1000010010	3.78205E+20	1000010010	3.78205E+20
7.03882E+00	1000010010	3.51658E+21	1000010010	3.51658E+21
8.75581E+00	1000010010	4.59647E+19	1000010010	4.59647E+19
1.18941E+00	1000010010	5.42097E+19	1000010010	5.42097E+19
7.04881E+00	1000010010	1.28212E+21	1000010010	1.28212E+21
9.64668E+00	1000010010	1.53260E+21	1000010010	1.53260E+21
3.45852E+00	1000010010	4.67298E+20	1000010010	4.67298E+20
6.06675E+00	1000010010	1.58806E+21	1000010010	1.58806E+21
4.11704E-01	1000010010	6.28220E+19	1000010010	6.28220E+19
2.12932E+00	1000010010	3.23470E+20	1000010010	3.23470E+20
5.28701E+00	1000010010	4.01949E+20	1000010010	4.01949E+20
9.62843E+00	1000010010	9.29738E+18	1000010010	9.29738E+18
9.87496E+00	1000010010	3.20955E+19	1000010010	3.20955E+19
7.42798E+00	1000010010	5.30434E+20	1000010010	5.30434E+20
9.83035E-01	1000010010	3.28868E+21	1000010010	3.28868E+21
4.49471E+00	1000010010	8.95140E+20	1000010010	8.95140E+20
4.17020E+00	1000010010	6.90097E+19	1000010010	6.90097E+19
1.69440E+00	1000010010	1.13259E+20	1000010010	1.13259E+20
4.05481E+00	1000010010	1.20076E+21	1000010010	1.20076E+21
1.50328E+00	1000010010	1.26215E+19	1000010010	1.26215E+19
5.84693E+00	1000010010	7.18268E+18	1000010010	7.18268E+18
9.89243E+00	1000010010	5.39729E+20	1000010010	5.39729E+20
1.84259E+00	1000010010	1.19516E+21	1000010010	1.19516E+21
8.15217E+00	1000010010	2.20137E+20	1000010010	2.20137E+20
5.29465E+00	1000010010	3.21818E+20	1000010010	3.21818E+20
4.26380E+00	1000010010	1.26298E+20	1000010010	1.26298E+20
8.89476E+00	1000010010	5.55044E+19	1000010010	5.55044E+19
7.13079E+00	1000010010	4.79071E+21	1000010010	4.79071E+21
6.18125E+00	1000010010	4.26378E+21	1000010010	4.26378E+21
9.59355E+00	1000010010	6.85127E+19	1000010010	6.85127E+19
6.58354E+00	1000010010	1.99008E+20	1000010010	1.99008E+20
5.12742E+00	1000010010	2.79323E+20	1000010010	2.79323E+20
7.02482E+00	1000010010	2.82187E+19	1000010010	2.82187E+19
6.05610E+00	1000010010	1.56477E+21	1000010010	1.56477E+21
1.67045E+00	1000010010	3.65590E+20	1000010010	3.65590E+20
6.13138E+00	1000010010	1.84951E+21	1000010010	1.84951E+21
2.64109E+00	1000010010	3.13134E+19	1000010010	3.13134E+19
4.15927E+00	1000010010	1.66679E+19	1000010010	1.66679E+19
2.41750E+00	1000010010	9.54294E+18	1000010010	9.54294E+18
4.23598E+00	1000010010	1.07885E+21	1000010010	1.07885E+21
3.14477E-01	1000010010	3.11491E+19	1000010010	3.11491E+19
1.50690E+00	1000010010	3.48105E+20	1000010010	3.48105E+20
9.99622E+00	1000010010	1.62678E+20	1000010010	1.62678E+20
5.35740E-01	1000010010	1.06807E+21	1000010010	1.06807E+21
1.02701E+00	1000010010	9.50532E+18	1000010010	9.50532E+18
7.93698E+00	1000010010	1.85473E+20	1000010010	1.85473E+20
8.67711E+00	1000010010	1.00211E+21	1000010010	1.00211E+21
1.76708E+00	1000010010	1.07203E+20	1000010010	1.07203E+20
7.99478E+00	1000010010	5.29613E+19	1000010010	5.29613E+19
8.74923E+00	1000010010	3.60318E+19	1000010010	3.60318E+19
8.96791E+00	1000010010	4.77055E+20	1000010010	4.77055E+20
6.81893E+00	1000010010	1.35550E+21	1000010010	1.35550E+21
4.42364E+00	1000010010	1.83709E+20	1000010010	1.83709E+20
2.77139E+00	1000010010	1.68727E+20	1000010010	1.68727E+20
2.25631E+00	1000010010	1.87250E+20	1000010010	1.87250E+20
9.30504E+00	1000010010	2.80962E+20	1000010010	2.80962E+20
3.59710E+00	1000010010	5.12580E+20	1000010010	5.12580E+20
4.02121E+00	1000010010	1.04827E+21	1000010010	1.04827E+21
6.93600E+00	1000010010	4.87640E+20	1000010010	4.87640E+20
9.87806E+00	1000010010	1.46122E+21	1000010010	1.46122E+21
7.08653E+00	1000010010	3.31655E+21	1000010010	3.31655E+21
9.89597E+00	1000010010	2.16930E+21	1000010010	2.16930E+21
1.33626E+00	1000010010	2.56961E+20	1000010010	2.56961E+20
2.44008E+00	1000010010	3.11957E+20	1000010010	3.11957E+20
7.28050E+00	1000010010	3.58228E+19	1000010010	3.58228E+19
8.47993E+00	1000010010	5.51946E+20	1000010010	5.51946E+20
4.22751E-01	1000010010	7.35415E+20	1000010010	7.35415E+20
9.46763E+00	1000010010	1.47520E+21	1000010010	1.47520E+21
4.24821E+00	1000010010	2.48045E+20	1000010010	2.48045E+20
7.22126E+00	1000010010	6.47019E+20	1000010010	6.47019E+20
9.19249E+00	1000010010	2.38148E+19	1000010010	2.38148E+19
1.34090E+00	1000010010	4.07190E+20	1000010010	4.07190E+20
6.49950E-01	1000010010	2.32636E+21	1000010010	2.32636E+21
7.99674E-01	1000010010	8.00906E+19	1000010010	8.00906E+19
7.66194E-02	1000010010	3.84911E+20	1000010010	3.84911E+20
4.28763E+00	1000010010	2.12467E+20	1000010010	2.12467E+20
7.83932E+00	1000010010	2.06785E+21	1000010010	2.06785E+21
8.85930E+00	1000010010	2.56228E+21	1000010010	2.56228E+21
6.95673E+00	1000010010	5.13444E+19	1000010010	5.13444E+19
9.38769E+00	1000010010	3.51396E+21	1000010010	3.51396E+21
2.47214E+00	1000010010	1.88474E+20	1000010010	1.88474E+20
7.88704E+00	1000010010	3.92201E+20	1000010010	3.92201E+20
5.61661E+00	1000010010	2.08789E+19	1000010010	2.08789E+19
1.83722E+00	1000010010	1.72081E+21	1000010010	1.72081E+21
8.38852E+00	1000010010	1.33246E+21	1000010010	1.33246E+21
2.61030E+00	1000010010	2.65512E+21	1000010010	2.65512E+21
4.40135E-01	1000010010	7.15964E+20	1000010010	7.15964E+20
5.66024E-01	1000010010	2.19227E+21	1000010010	2.19227E+21
6.60612E-01	1000010010	1.84523E+20	1000010010	1.84523E+20
8.96851E+00	1000010010	9.93634E+20	1000010010	9.93634E+20
5.56737E+00	1000010010	7.36742E+20	1000010010	7.36742E+20
9.01045E+00	1000010010	6.17297E+21	1000010010	6.17297E+21
6.23356E+00	1000010010	7.14708E+19	1000010010	7.14708E+19
9.07846E+00	1000010010	1.76039E+19	1000010010	1.76039E+19
5.53560E+00	1000010010	6.24151E+20	1000010010	6.24151E+20
9.23336E+00	1000010010	3.55412E+21	1000010010	3.55412E+21
6.17485E+00	1000010010	5.62985E+19	1000010010	5.62985E+19
6.76265E-01	1000010010	3.64701E+20	1000010010	3.64701E+20
1.90515E+00	1000010010	4.42813E+19	1000010010	4.42813E+19
7.27432E+00	1000010010	8.82917E+18	1000010010	8.82917E+18
2.37992E+00	1000010010	6.97043E+20	1000010010	6.97043E+20
2.70030E+00	1000010010	6.52401E+19	1000010010	6.52401E+19
3.15904E+00	1000010010	1.25794E+21	1000010010	1.25794E+21
1.49913E+00	1000010010	2.23319E+20	1000010010	2.23319E+20
4.44407E+00	1000010010	5.72660E+20	1000010010	5.72660E+20
1.77926E+00	1000010010	1.27758E+20	1000010010	1.27758E+20
5.10843E+00	1000010010	1.13200E+20	1000010010	1.13200E+20
5.33096E-01	1000010010	1.51246E+19	1000010010	1.51246E+19
2.05716E+00	1000010010	6.13028E+19	1000010010	6.13028E+19
3.43215E+00	1000010010	9.55487E+19	1000010010	9.55487E+19
3.30268E+00	1000010010	2.95097E+21	1000010010	2.95097E+21
6.75030E+00	1000010010	5.20717E+19	1000010010	5.20717E+19
5.51724E+00	1000010010	3.62525E+20	1000010010	3.62525E+20
9.12666E+00	1000010010	2.93512E+19	1000010010	2.93512E+19
1.58911E+00	1000010010	9.71482E+18	1000010010	9.71482E+18
6.96410E+00	1000010010	1.33952E+20	1000010010	1.33952E+20
3.04688E+00	1000010010	1.41213E+20	1000010010	1.41213E+20
8.11672E+00	1000010010	4.73181E+19	1000010010	4.73181E+19
4.36939E+00	1000010010	4.12918E+19	1000010010	4.12918E+19
8.38001E+00	1000010010	4.66405E+21	1000010010	4.66405E+21
2.09442E-01	1000010010	1.44846E+21	1000010010	1.44846E+21
5.78183E+00	1000010010	5.06305E+20	1000010010	5.06305E+20
3.57992E+00	1000010010	9.20555E+18	1000010010	9.20555E+18
7.27152E+00	1000010010	1.43979E+20	1000010010	1.43979E+20
7.78343E+00	1000010010	2.01709E+20	1000010010	2.01709E+20
2.23351E+00	1000010010	5.39769E+20	1000010010	5.39769E+20
6.85395E+00	1000010010	2.95886E+19	1000010010	2.95886E+19
2.66019E+00	1000010010	5.33730E+21	1000010010	5.33730E+21
4.79504E+00	1000010010	1.79535E+20	1000010010	1.79535E+20
6.07474E+00	1000010010	1.15084E+21	1000010010	1.15084E+21
2.00000E-03	1000010010	2.38503E+19	1000010010	2.38503E+19
7.19129E+00	1000010010	2.84107E+20	1000010010	2.84107E+20
3.32996E+00	1000010010	5.34303E+19	1000010010	5.34303E+19
8.78170E+00	1000010010	1.19035E+20	1000010010	1.19035E+20
4.55344E+00	1000010010	1.71254E+20	1000010010	1.71254E+20
1.40721E+00	1000010010	8.93828E+20	1000010010	8.93828E+20
5.33381E-01	1000010010	5.25693E+21	1000010010	5.25693E+21
6.20902E+00	1000010010	3.81645E+20	1000010010	3.81645E+20
6.51855E+00	1000010010	7.99496E+19	1000010010	7.99496E+19
6.32519E+00	1000010010	7.09176E+19	1000010010	7.09176E+19
6.22877E+00	1000010010	1.85233E+20	1000010010	1.85233E+20
2.85583E+00	1000010010	7.41125E+19	1000010010	7.41125E+19
3.38307E+00	1000010010	9.07428E+20	1000010010	9.07428E+20
5.50146E+00	1000010010	3.21435E+19	1000010010	3.21435E+19
9.57912E-02	1000010010	1.39918E+19	1000010010	1.39918E+19
2.40826E+00	1000010010	3.24613E+21	1000010010	3.24613E+21
9.67148E-01	1000010010	7.14746E+20	1000010010	7.14746E+20
3.76093E+00	1000010010	2.47938E+20	1000010010	2.47938E+20
1.45874E+00	1000010010	1.26969E+20	1000010010	1.26969E+20
2.59268E+00	1000010010	3.57807E+19	1000010010	3.57807E+19
9.88799E+00	1000010010	3.14190E+21	1000010010	3.14190E+21
3.41245E+00	1000010010	3.39779E+20	1000010010	3.39779E+20
8.45332E+00	1000010010	4.03038E+19	1000010010	4.03038E+19
1.00979E+00	1000010010	2.65270E+19	1000010010	2.65270E+19
7.96123E+00	1000010010	9.88535E+20	1000010010	9.88535E+20
7.81346E+00	1000010010	7.42139E+20	1000010010	7.42139E+20
1.17786E+00	1000010010	4.47992E+20	1000010010	4.47992E+20
1.09434E+00	1000010010	3.44850E+19	1000010010	3.44850E+19
9.46588E+00	1000010010	1.57364E+21	1000010010	1.57364E+21
8.14362E+00	1000010010	9.22617E+19	1000010010	9.22617E+19
2.69973E+00	1000010010	3.85719E+20	1000010010	3.85719E+20
2.63540E+00	1000010010	4.33818E+20	1000010010	4.33818E+20
6.22980E+00	1000010010	5.96662E+20	1000010010	5.96662E+20
3.65487E+00	1000010010	1.00849E+20	1000010010	1.00849E+20
7.79915E+00	1000010010	1.97280E+19	1000010010	1.97280E+19
3.36976E+00	1000010010	5.12719E+21	1000010010	5.12719E+21
9.78975E-01	1000010010	1.01031E+20	1000010010	1.01031E+20
1.37827E+00	1000010010	1.19754E+20	1000010010	1.19754E+20
8.20200E+00	1000010010	6.81897E+19	1000010010	6.81897E+19
6.41213E+00	1000010010	1.87291E+20	1000010010	1.87291E+20
4.33124E+00	1000010010	9.17402E+20	1000010010	9.17402E+20
9.24179E+00	1000010010	3.25368E+21	1000010010	3.25368E+21
8.34475E+00	1000010010	7.85623E+20	1000010010	7.85623E+20
2.65630E+00	1000010010	1.33751E+21	1000010010	1.33751E+21
1.04873E+00	1000010010	3.09554E+21	1000010010	3.09554E+21
1.85191E+00	1000010010	9.48719E+20	1000010010	9.48719E+20
5.99472E+00	1000010010	3.65932E+20	1000010010	3.65932E+20
8.17699E-02	1000010010	1.14085E+21	1000010010	1.14085E+21
4.78403E+00	1000010010	7.60918E+18	1000010010	7.60918E+18
4.74643E+00	1000010010	1.37600E+21	1000010010	1.37600E+21
4.56491E+00	1000010010	2.24346E+20	1000010010	2.24346E+20
1.78512E-02	1000010010	2.85701E+20	1000010010	2.85701E+20
6.84173E+00	1000010010	2.56672E+19	1000010010	2.56672E+19
7.55913E+00	1000010010	8.20018E+18	1000010010	8.20018E+18
1.15203E+00	1000010010	3.22874E+19	1000010010	3.22874E+19
8.40259E+00	1000010010	2.67996E+21	1000010010	2.67996E+21
7.70698E+00	1000010010	3.20235E+20	1000010010	3.20235E+20
8.83340E+00	1000010010	1.54649E+21	1000010010	1.54649E+21
7.13703E+00	1000010010	4.32496E+20	1000010010	4.32496E+20
4.16659E+00	1000010010	9.45266E+20	1000010010	9.45266E+20
9.64796E+00	1000010010	4.22238E+21	1000010010	4.22238E+21
5.14541E+00	1000010010	1.46331E+19	1000010010	1.46331E+19
1.45419E+00	1000010010	2.39567E+20	1000010010	2.39567E+20
4.64138E+00	1000010010	1.04252E+20	1000010010	1.04252E+20
2.80117E+00	1000010010	1.65008E+19	1000010010	1.65008E+19
4.85279E+00	1000010010	1.24161E+20	1000010010	1.24161E+20
1.93489E+00	1000010010	1.06365E+19	1000010010	1.06365E+19
7.44542E-01	1000010010	5.40379E+20	1000010010	5.40379E+20
5.91942E+00	1000010010	1.42248E+19	1000010010	1.42248E+19
1.90120E+00	1000010010	4.73022E+19	1000010010	4.73022E+19
9.90870E+00	1000010010	1.70969E+21	1000010010	1.70969E+21
8.33876E+00	1000010010	5.34290E+21	1000010010	5.34290E+21
4.44970E+00	1000010010	4.41753E+20	1000010010	4.41753E+20
4.76768E+00	1000010010	1.00975E+20	1000010010	1.00975E+20
2.81749E+00	1000010010	1.35877E+20	1000010010	1.35877E+20
9.69841E+00	1000010010	1.06400E+21	1000010010	1.06400E+21
3.03855E+00	1000010010	4.70473E+21	1000010010	4.70473E+21
5.07003E+00	1000010010	2.98896E+19	1000010010	2.98896E+19
7.55514E+00	1000010010	1.03221E+20	1000010010	1.03221E+20
9.28206E+00	1000010010	4.81882E+20	1000010010	4.81882E+20
6.86447E+00	1000010010	1.42569E+20	1000010010	1.42569E+20
9.59475E+00	1000010010	3.75524E+19	1000010010	3.75524E+19
8.55925E+00	1000010010	1.11789E+21	1000010010	1.11789E+21
5.93101E-01	1000010010	1.72970E+20	1000010010	1.72970E+20
4.40560E+00	1000010010	8.44453E+19	1000010010	8.44453E+19
2.43356E+00	1000010010	3.81684E+21	1000010010	3.81684E+21
3.02907E+00	1000010010	8.52401E+19	1000010010	8.52401E+19
4.56750E+00	1000010010	2.00954E+19	1000010010	2.00954E+19
8.46608E+00	1000010010	3.84532E+20	1000010010	3.84532E+20
8.60031E+00	1000010010	3.76942E+19	1000010010	3.76942E+19
6.59838E+00	1000010010	2.91646E+19	1000010010	2.91646E+19
2.47178E-01	1000010010	4.96980E+20	1000010010	4.96980E+20
2.67944E-02	1000010010	1.02716E+19	1000010010	1.02716E+19
9.39359E-01	1000010010	1.21137E+20	1000010010	1.21137E+20
3.61860E+00	1000010010	1.00897E+21	1000010010	1.00897E+21
8.58555E+00	1000010010	1.65905E+21	1000010010	1.65905E+21
5.51621E-01	1000010010	1.45360E+19	1000010010	1.45360E+19
9.43973E-02	1000010010	3.56420E+21	1000010010	3.56420E+21
3.82980E+00	1000010010	1.56970E+19	1000010010	1.56970E+19
6.25644E-01	1000010010	1.53430E+21	1000010010	1.53430E+21
8.91182E+00	1000010010	7.76289E+18	1000010010	7.76289E+18
9.17498E+00	1000010010	3.92937E+21	1000010010	3.92937E+21
9.66997E+00	1000010010	7.35509E+19	1000010010	7.35509E+19
3.15650E+00	1000010010	2.13021E+20	1000010010	2.13021E+20
2.48758E+00	1000010010	9.55039E+19	1000010010	9.55039E+19
3.77198E+00	1000010010	1.41921E+21	1000010010	1.41921E+21
1.36425E+00	1000010010	1.71607E+21	1000010010	1.71607E+21
4.16880E+00	1000010010	8.59130E+20	1000010010	8.59130E+20
6.87532E+00	1000010010	3.87103E+19	1000010010	3.87103E+19
2.75204E+00	1000010010	3.09219E+20	1000010010	3.09219E+20
9.79808E-01	1000010010	1.34771E+19	1000010010	1.34771E+19
7.40432E+00	1000010010	8.29919E+20	1000010010	8.29919E+20
7.61648E+00	1000010010	2.66885E+21	1000010010	2.66885E+21
9.26498E+00	1000010010	8.77647E+19	1000010010	8.77647E+19
2.59208E-01	1000010010	7.73820E+18	1000010010	7.73820E+18
7.29869E+00	1000010010	6.29306E+19	1000010010	6.29306E+19
5.12253E+00	1000010010	3.10986E+19	1000010010	3.10986E+19
4.32175E+00	1000010010	6.56792E+18	1000010010	6.56792E+18
4.78787E+00	1000010010	4.90673E+19	1000010010	4.90673E+19
4.24704E+00	1000010010	3.06368E+21	1000010010	3.06368E+21
1.60585E+00	1000010010	9.35503E+20	1000010010	9.35503E+20
1.27712E+00	1000010010	2.44098E+19	1000010010	2.44098E+19
1.92025E+00	1000010010	3.80447E+20	1000010010	3.80447E+20
2.63023E+00	1000010010	2.26206E+20	1000010010	2.26206E+20
4.93621E+00	1000010010	1.91564E+20	1000010010	1.91564E+20
5.72179E+00	1000010010	2.15268E+20	1000010010	2.15268E+20
8.97875E+00	1000010010	5.19958E+19	1000010010	5.19958E+19
6.67252E+00	1000010010	5.52919E+20	1000010010	5.52919E+20
8.24740E+00	1000010010	1.52617E+20	1000010010	1.52617E+20
7.81261E+00	1000010010	3.25326E+20	1000010010	3.25326E+20
1.77791E-01	1000010010	2.51298E+21	1000010010	2.51298E+21
2.88480E-01	1000010010	1.16337E+20	1000010010	1.16337E+20
8.67301E+00	1000010010	1.11777E+19	1000010010	1.11777E+19
5.17063E+00	1000010010	1.16621E+20	1000010010	1.16621E+20
4.96131E-01	1000010010	4.32479E+19	1000010010	4.32479E+19
6.02828E+00	1000010010	2.48467E+21	1000010010	2.48467E+21
1.45131E+00	1000010010	5.12432E+20	1000010010	5.12432E+20
9.76574E+00	1000010010	1.27415E+20	1000010010	1.27415E+20
4.05382E+00	1000010010	4.24254E+21	1000010010	4.24254E+21
4.03969E+00	1000010010	5.35396E+21	1000010010	5.35396E+21
2.63708E+00	1000010010	5.25710E+19	1000010010	5.25710E+19
4.21109E+00	1000010010	9.37434E+18	1000010010	9.37434E+18
8.00778E+00	1000010010	3.79197E+21	1000010010	3.79197E+21
9.18031E+00	1000010010	1.38861E+21	1000010010	1.38861E+21
1.28189E+00	1000010010	8.52121E+20	1000010010	8.52121E+20
6.09497E+00	1000010010	8.66793E+20	1000010010	8.66793E+20
2.22684E+00	1000010010	5.35025E+19	1000010010	5.35025E+19
4.30476E+00	1000010010	3.45935E+21	1000010010	3.45935E+21
3.61767E-01	1000010010	6.58887E+20	1000010010	6.58887E+20
4.94550E+00	1000010010	4.34696E+21	1000010010	4.34696E+21
1.13044E+00	1000010010	9.60202E+19	1000010010	9.60202E+19
1.91443E-01	1000010010	2.33389E+21	1000010010	2.33389E+21
2.50152E+00	1000010010	6.00384E+19	1000010010	6.00384E+19
2.89932E-01	1000010010	9.21508E+19	1000010010	9.21508E+19
9.05767E+00	1000010010	1.30825E+20	1000010010	1.30825E+20
7.94338E+00	1000010010	8.92457E+18	1000010010	8.92457E+18
3.35731E+00	1000010010	5.26671E+21	1000010010	5.26671E+21
4.94527E-02	1000010010	4.59687E+21	1000010010	4.59687E+21
9.00065E+00	1000010010	9.54498E+20	1000010010	9.54498E+20
4.65468E+00	1000010010	7.71825E+20	1000010010	7.71825E+20
6.82691E+00	1000010010	2.02868E+19	1000010010	2.02868E+19
6.08446E+00	1000010010	1.96169E+19	1000010010	1.96169E+19
4.72332E+00	1000010010	1.18995E+21	1000010010	1.18995E+21
6.66480E-01	1000010010	5.31170E+20	1000010010	5.31170E+20
3.40174E+00	1000010010	1.09933E+21	1000010010	1.09933E+21
6.22794E+00	1000010010	3.29747E+21	1000010010	3.29747E+21
7.57699E+00	1000010010	6.04572E+21	1000010010	6.04572E+21
9.91137E+00	1000010010	1.39808E+21	1000010010	1.39808E+21
3.35507E+00	1000010010	6.42872E+20	1000010010	6.42872E+20
6.39232E+00	1000010010	1.22159E+20	1000010010	1.22159E+20
8.58940E+00	1000010010	1.13773E+20	1000010010	1.13773E+20
9.50486E+00	1000010010	9.41851E+19	1000010010	9.41851E+19
3.14095E+00	1000010010	2.13473E+21	1000010010	2.13473E+21
7.98389E+00	1000010010	3.76760E+21	1000010010	3.76760E+21
1.88946E+00	1000010010	1.94681E+19	1000010010	1.94681E+19
9.08421E+00	1000010010	1.09162E+19	1000010010	1.09162E+19
5.79139E+00	1000010010	1.10655E+20	1000010010	1.10655E+20
3.98710E+00	1000010010	5.40532E+19	1000010010	5.40532E+19
6.59077E+00	1000010010	7.52147E+20	1000010010	7.52147E+20
4.82358E+00	1000010010	2.56756E+19	1000010010	2.56756E+19
2.54484E+00	1000010010	2.16386E+21	1000010010	2.16386E+21
3.26333E+00	1000010010	1.99773E+20	1000010010	1.99773E+20
5.25546E-01	1000010010	3.11327E+19	1000010010	3.11327E+19
3.39851E+00	1000010010	1.91932E+19	1000010010	1.91932E+19
1.40619E+00	1000010010	8.72724E+19	1000010010	8.72724E+19
4.89655E+00	1000010010	1.01775E+21	1000010010	1.01775E+21
7.96128E+00	1000010010	4.36538E+21	1000010010	4.36538E+21
1.62987E+00	1000010010	5.69115E+19	1000010010	5.69115E+19
1.25457E+00	1000010010	1.25676E+21	1000010010	1.25676E+21
4.32899E+00	1000010010	1.78668E+20	1000010010	1.78668E+20
9.55496E+00	1000010010	3.39086E+21	1000010010	3.39086E+21
3.94560E-01	1000010010	1.68236E+21	1000010010	1.68236E+21
8.41888E+00	1000010010	2.05342E+21	1000010010	2.05342E+21
8.67986E+00	1000010010	3.19840E+21	1000010010	3.19840E+21
9.54447E+00	1000010010	2.31831E+21	1000010010	2.31831E+21
7.94315E+00	1000010010	4.13043E+21	1000010010	4.13043E+21
5.22126E+00	1000010010	4.90067E+21	1000010010	4.90067E+21
2.40963E+00	1000010010	6.22099E+21	1000010010	6.22099E+21
8.89985E+00	1000010010	5.19762E+19	1000010010	5.19762E+19
6.10071E+00	1000010010	7.12186E+19	1000010010	7.12186E+19
2.99306E+00	1000010010	4.75479E+20	1000010010	4.75479E+20
9.85538E+00	1000010010	3.21221E+19	1000010010	3.21221E+19
3.53980E+00	1000010010	1.33862E+20	1000010010	1.33862E+20
2.02786E+00	1000010010	1.23107E+20	1000010010	1.23107E+20
3.47466E+00	1000010010	1.29710E+20	1000010010	1.29710E+20
1.33655E+00	1000010010	2.92940E+21	1000010010	2.92940E+21
2.86674E+00	1000010010	3.49107E+20	1000010010	3.49107E+20
9.44347E+00	1000010010	1.93792E+21	1000010010	1.93792E+21
8.00846E+00	1000010010	3.18536E+19	1000010010	3.18536E+19
5.61853E+00	1000010010	1.95122E+19	1000010010	1.95122E+19
2.90214E+00	1000010010	2.01977E+21	1000010010	2.01977E+21
5.92989E+00	1000010010	2.97118E+19	1000010010	2.97118E+19
2.22980E+00	1000010010	1.56011E+21	1000010010	1.56011E+21
9.97237E+00	1000010010	4.91520E+20	1000010010	4.91520E+20
2.34161E+00	1000010010	1.80888E+21	1000010010	1.80888E+21
8.25613E+00	1000010010	8.56529E+18	1000010010	8.56529E+18
9.88821E+00	1000010010	2.77175E+21	1000010010	2.77175E+21
6.85210E+00	1000010010	1.51661E+21	1000010010	1.51661E+21
5.18956E+00	1000010010	3.34185E+21	1000010010	3.34185E+21
2.01712E+00	1000010010	2.24836E+19	1000010010	2.24836E+19
6.09415E+00	1000010010	9.53574E+18	1000010010	9.53574E+18
7.60104E+00	1000010010	5.19459E+19	1000010010	5.19459E+19
5.41910E+00	1000010010	7.27080E+18	1000010010	7.27080E+18
7.22590E+00	1000010010	4.09919E+21	1000010010	4.09919E+21
3.44527E+00	1000010010	3.83085E+19	1000010010	3.83085E+19
5.57015E-01	1000010010	1.17632E+19	1000010010	1.17632E+19
3.01826E+00	1000010010	1.34878E+20	1000010010	1.34878E+20
9.96112E+00	1000010010	8.68055E+20	1000010010	8.68055E+20
9.06978E+00	1000010010	2.23181E+21	1000010010	2.23181E+21
5.10343E-01	1000010010	4.36280E+21	1000010010	4.36280E+21
5.61059E+00	1000010010	3.90549E+20	1000010010	3.90549E+20
5.67684E+00	1000010010	2.04688E+19	1000010010	2.04688E+19
6.79293E+00	1000010010	7.91357E+20	1000010010	7.91357E+20
6.57787E+00	1000010010	2.04115E+20	1000010010	2.04115E+20
4.41580E+00	1000010010	5.59328E+19	1000010010	5.59328E+19
4.58945E-01	1000010010	1.68528E+20	1000010010	1.68528E+20
1.94563E+00	1000010010	3.74820E+19	1000010010	3.74820E+19
9.49095E-01	1000010010	3.45921E+19	1000010010	3.45921E+19
7.27951E-01	1000010010	8.97087E+18	1000010010	8.97087E+18
3.16129E+00	1000010010	8.09232E+20	1000010010	8.09232E+20
5.69994E+00	1000010010	1.97263E+19	1000010010	1.97263E+19
7.10361E+00	1000010010	1.97668E+20	1000010010	1.97668E+20
7.49375E+00	1000010010	3.04535E+19	1000010010	3.04535E+19
4.93202E+00	1000010010	5.07505E+21	1000010010	5.07505E+21
6.23775E+00	1000010010	6.28066E+20	1000010010	6.28066E+20
6.10988E+00	1000010010	2.65839E+21	1000010010	2.65839E+21
2.02984E+00	1000010010	5.94082E+21	1000010010	5.94082E+21
8.75180E+00	1000010010	1.55644E+20	1000010010	1.55644E+20
1.26386E+00	1000010010	5.80718E+19	1000010010	5.80718E+19
6.75487E-01	1000010010	5.35668E+20	1000010010	5.35668E+20
7.69534E+00	1000010010	1.28376E+20	1000010010	1.28376E+20
1.02180E+00	1000010010	1.49246E+21	1000010010	1.49246E+21
6.01237E-01	1000010010	2.35004E+21	1000010010	2.35004E+21
8.74807E+00	1000010010	1.11319E+20	1000010010	1.11319E+20
1.23717E+00	1000010010	1.80089E+19	1000010010	1.80089E+19
3.91070E-01	1000010010	1.59075E+19	1000010010	1.59075E+19
2.23713E+00	1000010010	2.54297E+21	1000010010	2.54297E+21
7.24998E+00	1000010010	4.31130E+21	1000010010	4.31130E+21
7.94736E+00	1000010010	5.89974E+20	1000010010	5.89974E+20
7.49637E+00	1000010010	1.73137E+19	1000010010	1.73137E+19
4.83915E+00	1000010010	4.87154E+20	1000010010	4.87154E+20
7.24171E+00	1000010010	1.52661E+21	1000010010	1.52661E+21
3.68168E+00	1000010010	3.02834E+21	1000010010	3.02834E+21
5.06921E+00	1000010010	1.21513E+21	1000010010	1.21513E+21
8.53897E+00	1000010010	3.20542E+19	1000010010	3.20542E+19
5.02478E-01	1000010010	1.48865E+21	1000010010	1.48865E+21
6.16864E+00	1000010010	6.52283E+18	1000010010	6.52283E+18
4.43887E+00	1000010010	2.17436E+20	1000010010	2.17436E+20
3.20764E+00	1000010010	6.86969E+19	1000010010	6.86969E+19
8.38635E+00	1000010010	9.69753E+19	1000010010	9.69753E+19
4.10068E+00	1000010010	2.47202E+19	1000010010	2.47202E+19
8.84205E+00	1000010010	4.33761E+19	1000010010	4.33761E+19
8.08913E+00	1000010010	1.18567E+19	1000010010	1.18567E+19
8.04279E+00	1000010010	3.70984E+19	1000010010	3.70984E+19
7.23519E+00	1000010010	7.38598E+18	1000010010	7.38598E+18
5.28191E+00	1000010010	6.53187E+19	1000010010	6.53187E+19
2.91152E+00	1000010010	5.91991E+21	1000010010	5.91991E+21
7.67812E+00	1000010010	1.56740E+20	1000010010	1.56740E+20
2.83506E+00	1000010010	6.57705E+18	1000010010	6.57705E+18
3.93114E+00	1000010010	2.41493E+21	1000010010	2.41493E+21
2.03729E-01	1000010010	1.27573E+20	1000010010	1.27573E+20
7.11338E+00	1000010010	1.14703E+20	1000010010	1.14703E+20
5.35779E-02	1000010010	3.09859E+21	1000010010	3.09859E+21
5.89316E+00	1000010010	2.08143E+20	1000010010	2.08143E+20
3.21155E+00	1000010010	1.55865E+19	1000010010	1.55865E+19
7.36522E+00	1000010010	7.05529E+19	1000010010	7.05529E+19
2.19910E+00	1000010010	3.04580E+21	1000010010	3.04580E+21
1.16532E+00	1000010010	1.07927E+21	1000010010	1.07927E+21
2.37255E-01	1000010010	4.56843E+21	1000010010	4.56843E+21
8.25256E+00	1000010010	5.70920E+19	1000010010	5.70920E+19
2.91750E+00	1000010010	1.30247E+20	1000010010	1.30247E+20
9.30180E+00	1000010010	2.90846E+19	1000010010	2.90846E+19
7.93750E-02	1000010010	2.95076E+19	1000010010	2.95076E+19
4.68436E+00	1000010010	1.21170E+19	1000010010	1.21170E+19
4.99259E+00	1000010010	8.77544E+20	1000010010	8.77544E+20
4.83848E+00	1000010010	2.87302E+20	1000010010	2.87302E+20
6.59788E+00	1000010010	5.07462E+20	1000010010	5.07462E+20
2.80110E+00	1000010010	1.14226E+20	1000010010	1.14226E+20
1.21846E+00	1000010010	7.98815E+19	1000010010	7.98815E+19
5.63390E+00	1000010010	6.22759E+20	1000010010	6.22759E+20
6.59949E+00	1000010010	3.21921E+19	1000010010	3.21921E+19
4.60561E+00	1000010010	5.03222E+21	1000010010	5.03222E+21
2.12137E+00	1000010010	1.12090E+19	1000010010	1.12090E+19
7.54361E-01	1000010010	3.88991E+21	1000010010	3.88991E+21
7.64068E+00	1000010010	1.14595E+20	1000010010	1.14595E+20
3.03922E+00	1000010010	3.99013E+19	1000010010	3.99013E+19
3.07444E-01	1000010010	6.76855E+20	1000010010	6.76855E+20
6.40694E+00	1000010010	8.28666E+20	1000010010	8.28666E+20
2.88274E+00	1000010010	3.32284E+20	1000010010	3.32284E+20
7.22562E+00	1000010010	1.07248E+21	1000010010	1.07248E+21
9.53882E+00	1000010010	4.34556E+20	1000010010	4.34556E+20
1.38340E+00	1000010010	7.90103E+20	1000010010	7.90103E+20
3.68436E+00	1000010010	2.63662E+19	1000010010	2.63662E+19
6.14551E+00	1000010010	1.04707E+20	1000010010	1.04707E+20
5.31504E+00	1000010010	1.20418E+19	1000010010	1.20418E+19
9.55744E+00	1000010010	5.51585E+21	1000010010	5.51585E+21
8.83403E+00	1000010010	1.24501E+21	1000010010	1.24501E+21
7.37150E+00	1000010010	9.60729E+20	1000010010	9.60729E+20
5.40916E+00	1000010010	2.35307E+21	1000010010	2.35307E+21
7.03606E+00	1000010010	3.79902E+21	1000010010	3.79902E+21
9.65041E+00	1000010010	6.38606E+20	1000010010	6.38606E+20
4.86362E-01	1000010010	1.01841E+19	1000010010	1.01841E+19
1.33233E+00	1000010010	7.84231E+19	1000010010	7.84231E+19
4.31509E+00	1000010010	4.83749E+19	1000010010	4.83749E+19
6.64258E+00	1000010010	1.94194E+20	1000010010	1.94194E+20
3.19373E+00	1000010010	1.50107E+21	1000010010	1.50107E+21
3.79099E+00	1000010010	5.44766E+21	1000010010	5.44766E+21
8.66503E+00	1000010010	1.90266E+21	1000010010	1.90266E+21
7.76597E+00	1000010010	2.39474E+21	1000010010	2.39474E+21
3.44266E+00	1000010010	1.10903E+19	1000010010	1.10903E+19
3.80557E+00	1000010010	2.63180E+20	1000010010	2.63180E+20
2.29086E+00	1000010010	2.06691E+20	1000010010	2.06691E+20
6.89016E+00	1000010010	2.87507E+20	1000010010	2.87507E+20
5.20438E+00	1000010010	7.88507E+19	1000010010	7.88507E+19
5.77555E+00	1000010010	2.53677E+20	1000010010	2.53677E+20
4.07367E+00	1000010010	1.24646E+21	1000010010	1.24646E+21
5.41896E+00	1000010010	6.45921E+18	1000010010	6.45921E+18
8.65376E+00	1000010010	5.08506E+21	1000010010	5.08506E+21
9.05370E+00	1000010010	1.07418E+21	1000010010	1.07418E+21
5.17465E+00	1000010010	7.79124E+20	1000010010	7.79124E+20
4.27305E+00	1000010010	5.35571E+21	1000010010	5.35571E+21
4.66765E+00	1000010010	1.85572E+20	1000010010	1.85572E+20
9.59156E+00	1000010010	1.38068E+20	1000010010	1.38068E+20
9.65323E+00	1000010010	1.31520E+21	1000010010	1.31520E+21
8.59692E+00	1000010010	6.47959E+19	1000010010	6.47959E+19
6.90396E+00	1000010010	1.73205E+20	1000010010	1.73205E+20
6.38605E+00	1000010010	2.60254E+19	1000010010	2.60254E+19
2.39200E+00	1000010010	2.63209E+21	1000010010	2.63209E+21
5.03821E+00	1000010010	6.31435E+20	1000010010	6.31435E+20
7.86759E+00	1000010010	2.08050E+20	1000010010	2.08050E+20
7.35326E+00	1000010010	1.97548E+19	1000010010	1.97548E+19
6.67934E-01	1000010010	2.85169E+21	1000010010	2.85169E+21
3.89480E+00	1000010010	2.27317E+19	1000010010	2.27317E+19
4.15630E+00	1000010010	1.38831E+21	1000010010	1.38831E+21
5.48437E+00	1000010010	7.38869E+18	1000010010	7.38869E+18
4.14677E+00	1000010010	7.62013E+19	1000010010	7.62013E+19
6.05559E+00	1000010010	6.01138E+21	1000010010	6.01138E+21
5.35594E-01	1000010010	7.53109E+18	1000010010	7.53109E+18
5.89493E+00	1000010010	3.01248E+21	1000010010	3.01248E+21
1.04029E+00	1000010010	3.47957E+20	1000010010	3.47957E+20
1.16702E-01	1000010010	5.10361E+20	1000010010	5.10361E+20
2.36237E+00	1000010010	1.54080E+21	1000010010	1.54080E+21
8.63437E+00	1000010010	1.40618E+19	1000010010	1.40618E+19
7.82715E+00	1000010010	3.40088E+21	1000010010	3.40088E+21
7.97590E+00	1000010010	7.55817E+19	1000010010	7.55817E+19
8.18233E+00	1000010010	2.70166E+19	1000010010	2.70166E+19
4.08265E+00	1000010010	6.05523E+21	1000010010	6.05523E+21
4.31024E+00	1000010010	5.51691E+20	1000010010	5.51691E+20
4.78902E+00	1000010010	6.69992E+19	1000010010	6.69992E+19
5.54184E+00	1000010010	1.83276E+19	1000010010	1.83276E+19
4.98439E+00	1000010010	6.67042E+19	1000010010	6.67042E+19
9.21056E+00	1000010010	7.94546E+18	1000010010	7.94546E+18
2.27737E+00	1000010010	4.12409E+19	1000010010	4.12409E+19
5.10576E+00	1000010010	1.92895E+21	1000010010	1.92895E+21
3.57705E+00	1000010010	4.59122E+20	1000010010	4.59122E+20
9.66328E+00	1000010010	9.67215E+19	1000010010	9.67215E+19
3.28116E+00	1000010010	2.46367E+19	1000010010	2.46367E+19
8.24375E+00	1000010010	5.65306E+21	1000010010	5.65306E+21
3.26410E+00	1000010010	3.11760E+19	1000010010	3.11760E+19
3.73905E+00	1000010010	2.22591E+21	1000010010	2.22591E+21
9.32839E+00	1000010010	8.17748E+18	1000010010	8.17748E+18
9.68010E+00	1000010010	4.72963E+20	1000010010	4.72963E+20
2.76562E+00	1000010010	3.73464E+19	1000010010	3.73464E+19
3.08052E+00	1000010010	7.11807E+20	1000010010	7.11807E+20
8.07253E+00	1000010010	7.51821E+18	1000010010	7.51821E+18
6.30581E+00	1000010010	8.67289E+19	1000010010	8.67289E+19
4.82139E+00	1000010010	5.43989E+20	1000010010	5.43989E+20
9.21015E+00	1000010010	4.18184E+20	1000010010	4.18184E+20
3.43334E+00	1000010010	2.93958E+21	1000010010	2.93958E+21
6.51629E+00	1000010010	1.00789E+19	1000010010	1.00789E+19
2.07846E+00	1000010010	3.31308E+21	1000010010	3.31308E+21
4.68888E+00	1000010010	6.34957E+18	1000010010	6.34957E+18
7.53885E+00	1000010010	1.89878E+19	1000010010	1.89878E+19
5.73120E-01	1000010010	1.18893E+20	1000010010	1.18893E+20
8.19040E+00	1000010010	5.89820E+21	1000010010	5.89820E+21
7.73169E+00	1000010010	5.26246E+19	1000010010	5.26246E+19
2.79323E+00	1000010010	2.41815E+20	1000010010	2.41815E+20
3.65318E-01	1000010010	2.35892E+21	1000010010	2.35892E+21
2.93748E-01	1000010010	5.09935E+20	1000010010	5.09935E+20
8.77864E+00	1000010010	3.24064E+20	1000010010	3.24064E+20
5.10724E+00	1000010010	1.14046E+19	1000010010	1.14046E+19
8.73699E+00	1000010010	5.91047E+21	1000010010	5.91047E+21
4.28221E+00	1000010010	1.83694E+20	1000010010	1.83694E+20
2.59125E+00	1000010010	2.10757E+19	1000010010	2.10757E+19
7.80829E+00	1000010010	3.94580E+20	1000010010	3.94580E+20
