#	D	ID	E	ID0	E0
#
# D             Trajectory length [1 Mpc]
# ID/ID0/ID1    Particle type (PDG MC numbering scheme)
# E/E0/E1       Energy [1 EeV]
# no index = current, 0 = at source, 1 = at point of creation
#
# CRPropa version: -128-NOTFOUND
#
2.93418E+03	1000260560	3.23995E+20	1000260560	3.23995E+20
6.27685E+03	1000260560	4.58360E+20	1000260560	4.58360E+20
3.60109E+02	1000260560	1.32949E+20	1000260560	1.32949E+20
1.46768E+02	1000260560	2.50225E+19	1000260560	2.50225E+19
1.57264E+03	1000260560	3.37609E+19	1000260560	3.37609E+19
2.11558E+03	1000260560	1.13389E+20	1000260560	1.13389E+20
9.27598E+03	1000260560	1.09214E+19	1000260560	1.09214E+19
1.08102E+03	1000260560	2.10357E+21	1000260560	2.10357E+21
6.74423E+03	1000260560	1.08754E+21	1000260560	1.08754E+21
2.44881E+03	1000260560	1.81722E+20	1000260560	1.81722E+20
9.00025E+02	1000260560	1.52004E+19	1000260560	1.52004E+19
3.28181E+03	1000260560	9.54600E+20	1000260560	9.54600E+20
7.71599E+02	1000260560	2.59391E+19	1000260560	2.59391E+19
3.13404E+03	1000260560	4.10375E+19	1000260560	4.10375E+19
2.81442E+03	1000260560	7.22018E+18	1000260560	7.22018E+18
4.58244E+03	1000260560	2.37192E+20	1000260560	2.37192E+20
6.23322E+03	1000260560	1.12440E+20	1000260560	1.12440E+20
5.05830E+03	1000260560	7.70028E+19	1000260560	7.70028E+19
1.49342E+03	1000260560	3.58549E+21	1000260560	3.58549E+21
5.08890E+03	1000260560	5.37223E+20	1000260560	5.37223E+20
8.57057E+03	1000260560	1.26884E+19	1000260560	1.26884E+19
4.86250E+03	1000260560	6.68231E+19	1000260560	6.68231E+19
2.13777E+03	1000260560	4.50736E+20	1000260560	4.50736E+20
1.25235E+03	1000260560	4.52653E+19	1000260560	4.52653E+19
8.68221E+03	1000260560	1.30603E+20	1000260560	1.30603E+20
4.06311E+03	1000260560	1.70360E+20	1000260560	1.70360E+20
6.99261E+02	1000260560	8.57132E+20	1000260560	8.57132E+20
7.26307E+03	1000260560	4.11620E+20	1000260560	4.11620E+20
8.25600E+03	1000260560	6.19971E+21	1000260560	6.19971E+21
3.48912E+02	1000260560	5.52354E+19	1000260560	5.52354E+19
9.08457E+02	1000260560	2.91010E+20	1000260560	2.91010E+20
1.30648E+03	1000260560	1.01810E+19	1000260560	1.01810E+19
1.14312E+03	1000260560	4.05477E+21	1000260560	4.05477E+21
1.44281E+03	1000260560	1.35532E+21	1000260560	1.35532E+21
1.72620E+03	1000260560	1.38539E+19	1000260560	1.38539E+19
5.30723E+03	1000260560	4.30517E+19	1000260560	4.30517E+19
6.75883E+03	1000260560	2.64888E+19	1000260560	2.64888E+19
1.95649E+03	1000260560	1.24432E+19	1000260560	1.24432E+19
9.89449E+03	1000260560	8.97204E+20	1000260560	8.97204E+20
2.40277E+03	1000260560	5.81749E+20	1000260560	5.81749E+20
3.01805E+03	1000260560	6.74335E+19	1000260560	6.74335E+19
4.28821E+02	1000260560	5.30889E+21	1000260560	5.30889E+21
2.69508E+03	1000260560	1.83127E+21	1000260560	1.83127E+21
3.85308E+02	1000260560	6.59471E+20	1000260560	6.59471E+20
9.32187E+03	1000260560	3.65295E+19	1000260560	3.65296E+19
1.71003E+03	1000260560	6.73944E+19	1000260560	6.73944E+19
4.61145E+03	1000260560	5.37807E+21	1000260560	5.37807E+21
8.89352E+03	1000260560	2.55460E+19	1000260560	2.55460E+19
5.62142E+03	1000260560	2.80844E+19	1000260560	2.80844E+19
4.97571E+03	1000260560	1.47931E+21	1000260560	1.47931E+21
4.32885E+03	1000260560	4.69213E+21	1000260560	4.69213E+21
7.19607E+03	1000260560	4.43658E+20	1000260560	4.43658E+20
4.21310E+03	1000260560	2.03321E+19	1000260560	2.03321E+19
2.08739E+03	1000260560	9.31903E+20	1000260560	9.31903E+20
1.69560E+03	1000260560	3.16312E+19	1000260560	3.16312E+19
3.05844E+03	1000260560	4.33281E+19	1000260560	4.33281E+19
4.09416E+03	1000260560	1.41313E+20	1000260560	1.41313E+20
1.68579E+02	1000260560	1.14717E+21	1000260560	1.14717E+21
7.28552E+03	1000260560	9.18279E+19	1000260560	9.18279E+19
6.92060E+03	1000260560	2.75268E+20	1000260560	2.75268E+20
5.26758E+03	1000260560	4.75440E+20	1000260560	4.75440E+20
4.22114E+03	1000260560	2.51947E+19	1000260560	2.51947E+19
8.53009E+03	1000260560	1.50766E+20	1000260560	1.50766E+20
6.01893E+03	1000260560	2.72010E+19	1000260560	2.72010E+19
1.04240E+03	1000260560	4.70270E+21	1000260560	4.70270E+21
6.84303E+02	1000260560	3.04737E+19	1000260560	3.04737E+19
2.45542E+03	1000260560	1.49566E+20	1000260560	1.49566E+20
7.44066E+02	1000260560	1.32857E+21	1000260560	1.32857E+21
8.02234E+03	1000260560	2.36215E+20	1000260560	2.36215E+20
1.44013E+03	1000260560	1.85901E+21	1000260560	1.85901E+21
1.42872E+03	1000260560	3.03330E+21	1000260560	3.03330E+21
5.03787E+02	1000260560	2.30668E+21	1000260560	2.30668E+21
4.73475E+03	1000260560	4.57316E+20	1000260560	4.57316E+20
5.92748E+03	1000260560	6.08362E+21	1000260560	6.08362E+21
2.54015E+03	1000260560	3.03080E+19	1000260560	3.03080E+19
9.27179E+03	1000260560	1.95640E+21	1000260560	1.95640E+21
2.34147E+03	1000260560	9.43217E+18	1000260560	9.43217E+18
7.22166E+03	1000260560	2.33626E+19	1000260560	2.33626E+19
2.21171E+03	1000260560	1.90994E+20	1000260560	1.90994E+20
1.65749E+03	1000260560	2.08225E+21	1000260560	2.08225E+21
4.82580E+03	1000260560	2.63817E+21	1000260560	2.63817E+21
1.66433E+03	1000260560	3.94168E+19	1000260560	3.94168E+19
5.55752E+03	1000260560	1.56192E+19	1000260560	1.56192E+19
3.31360E+03	1000260560	5.19998E+19	1000260560	5.19998E+19
8.73323E+03	1000260560	2.22336E+20	1000260560	2.22336E+20
3.72439E+03	1000260560	1.08184E+20	1000260560	1.08184E+20
5.40362E+03	1000260560	1.78252E+19	1000260560	1.78252E+19
3.26657E+02	1000260560	1.07851E+19	1000260560	1.07851E+19
4.03575E+03	1000260560	6.91314E+19	1000260560	6.91314E+19
8.51638E+03	1000260560	9.25176E+18	1000260560	9.25177E+18
3.88943E+03	1000260560	6.16136E+20	1000260560	6.16136E+20
1.56853E+03	1000260560	2.42019E+20	1000260560	2.42019E+20
8.47228E+03	1000260560	9.00668E+18	1000260560	9.00669E+18
5.80760E+02	1000260560	2.42147E+20	1000260560	2.42147E+20
4.09031E+02	1000260560	4.77958E+19	1000260560	4.77958E+19
2.62811E+03	1000260560	1.11185E+19	1000260560	1.11185E+19
8.45709E+02	1000260560	2.71536E+21	1000260560	2.71536E+21
6.17651E+02	1000260560	5.42918E+21	1000260560	5.42918E+21
2.90391E+03	1000260560	2.86820E+21	1000260560	2.86820E+21
1.34781E+03	1000260560	4.40628E+20	1000260560	4.40628E+20
4.83354E+03	1000260560	1.10718E+20	1000260560	1.10718E+20
1.12735E+03	1000260560	2.78446E+19	1000260560	2.78446E+19
5.27775E+03	1000260560	5.64352E+20	1000260560	5.64352E+20
9.53963E+03	1000260560	1.55467E+20	1000260560	1.55467E+20
3.39672E+03	1000260560	7.44642E+19	1000260560	7.44642E+19
3.55288E+03	1000260560	1.46620E+21	1000260560	1.46620E+21
5.40512E+02	1000260560	5.24890E+21	1000260560	5.24890E+21
4.59232E+03	1000260560	1.99746E+20	1000260560	1.99746E+20
2.74580E+03	1000260560	1.26330E+19	1000260560	1.26330E+19
5.89262E+03	1000260560	2.75217E+19	1000260560	2.75217E+19
7.19947E+03	1000260560	7.84348E+19	1000260560	7.84349E+19
1.91676E+02	1000260560	1.12035E+20	1000260560	1.12035E+20
3.84036E+03	1000260560	2.52071E+19	1000260560	2.52071E+19
1.30898E+02	1000260560	5.23015E+20	1000260560	5.23015E+20
3.23223E+03	1000260560	5.97238E+20	1000260560	5.97238E+20
8.56856E+02	1000260560	3.49107E+21	1000260560	3.49107E+21
6.01905E+02	1000260560	1.80883E+19	1000260560	1.80883E+19
1.21584E+03	1000260560	2.01397E+20	1000260560	2.01397E+20
4.78595E+03	1000260560	6.39407E+18	1000260560	6.39407E+18
1.19793E+03	1000260560	4.85143E+20	1000260560	4.85143E+20
8.24756E+03	1000260560	9.58985E+18	1000260560	9.58986E+18
2.23470E+03	1000260560	1.17588E+19	1000260560	1.17588E+19
7.82856E+03	1000260560	1.02737E+21	1000260560	1.02737E+21
2.12582E+03	1000260560	5.43349E+21	1000260560	5.43349E+21
7.71654E+03	1000260560	1.78181E+21	1000260560	1.78181E+21
1.07240E+03	1000260560	9.44368E+20	1000260560	9.44368E+20
5.79571E+03	1000260560	3.72574E+19	1000260560	3.72574E+19
4.44601E+03	1000260560	5.55884E+19	1000260560	5.55884E+19
1.91825E+03	1000260560	6.47934E+18	1000260560	6.47934E+18
6.74763E+02	1000260560	7.10972E+20	1000260560	7.10972E+20
2.59095E+03	1000260560	2.30642E+21	1000260560	2.30642E+21
8.91387E+03	1000260560	3.07662E+21	1000260560	3.07662E+21
7.03756E+02	1000260560	1.48435E+19	1000260560	1.48435E+19
2.22731E+03	1000260560	2.91514E+20	1000260560	2.91514E+20
4.24846E+03	1000260560	1.98478E+19	1000260560	1.98478E+19
2.76858E+03	1000260560	3.27015E+21	1000260560	3.27015E+21
1.41665E+03	1000260560	5.14289E+19	1000260560	5.14289E+19
1.27272E+03	1000260560	2.36835E+20	1000260560	2.36835E+20
3.53687E+02	1000260560	1.22883E+21	1000260560	1.22883E+21
7.05122E+03	1000260560	2.96856E+19	1000260560	2.96857E+19
2.10322E+03	1000260560	6.51652E+18	1000260560	6.51652E+18
3.48099E+03	1000260560	2.61086E+20	1000260560	2.61086E+20
8.37267E+02	1000260560	6.31543E+19	1000260560	6.31543E+19
4.48935E+02	1000260560	1.72023E+21	1000260560	1.72023E+21
4.94829E+03	1000260560	5.97747E+20	1000260560	5.97747E+20
3.87318E+02	1000260560	3.06881E+19	1000260560	3.06881E+19
1.50564E+03	1000260560	1.01936E+21	1000260560	1.01936E+21
8.88844E+02	1000260560	3.96672E+19	1000260560	3.96672E+19
4.06166E+03	1000260560	2.99147E+20	1000260560	2.99147E+20
5.48278E+02	1000260560	1.33747E+20	1000260560	1.33747E+20
2.73421E+03	1000260560	1.58819E+20	1000260560	1.58819E+20
1.36005E+03	1000260560	3.19130E+19	1000260560	3.19130E+19
1.75439E+03	1000260560	3.81892E+21	1000260560	3.81892E+21
4.61661E+03	1000260560	1.18571E+19	1000260560	1.18571E+19
4.81817E+03	1000260560	4.94400E+20	1000260560	4.94400E+20
8.99105E+02	1000260560	2.00889E+20	1000260560	2.00889E+20
3.62956E+03	1000260560	1.22507E+21	1000260560	1.22507E+21
9.32121E+03	1000260560	9.79740E+19	1000260560	9.79740E+19
2.79228E+03	1000260560	1.02639E+20	1000260560	1.02639E+20
8.18206E+03	1000260560	5.49274E+21	1000260560	5.49274E+21
1.92233E+03	1000260560	7.23025E+18	1000260560	7.23025E+18
5.26091E+03	1000260560	4.40224E+19	1000260560	4.40224E+19
2.11460E+03	1000260560	3.28223E+20	1000260560	3.28223E+20
3.44621E+03	1000260560	1.94608E+19	1000260560	1.94608E+19
7.02877E+03	1000260560	2.12748E+20	1000260560	2.12748E+20
4.17339E+03	1000260560	1.92776E+21	1000260560	1.92776E+21
3.23604E+03	1000260560	1.33871E+21	1000260560	1.33871E+21
5.80341E+02	1000260560	1.07260E+21	1000260560	1.07260E+21
3.55684E+03	1000260560	2.43698E+19	1000260560	2.43698E+19
1.21827E+03	1000260560	1.13976E+19	1000260560	1.13976E+19
2.06035E+03	1000260560	6.95073E+18	1000260560	6.95073E+18
1.00577E+03	1000260560	1.43916E+19	1000260560	1.43916E+19
2.45762E+03	1000260560	1.76183E+21	1000260560	1.76183E+21
3.51321E+03	1000260560	5.88863E+21	1000260560	5.88863E+21
8.35409E+02	1000260560	7.04725E+19	1000260560	7.04725E+19
3.35215E+03	1000260560	1.18284E+20	1000260560	1.18284E+20
3.21854E+03	1000260560	1.04828E+19	1000260560	1.04828E+19
2.10065E+03	1000260560	7.94527E+18	1000260560	7.94527E+18
3.40204E+03	1000260560	7.21512E+20	1000260560	7.21512E+20
3.68906E+03	1000260560	2.99337E+20	1000260560	2.99337E+20
1.04810E+03	1000260560	9.31035E+18	1000260560	9.31035E+18
4.31778E+03	1000260560	1.16459E+20	1000260560	1.16459E+20
2.76136E+03	1000260560	7.23375E+18	1000260560	7.23375E+18
7.66461E+03	1000260560	2.28333E+20	1000260560	2.28333E+20
1.60757E+03	1000260560	1.04517E+20	1000260560	1.04517E+20
4.09214E+02	1000260560	3.12537E+19	1000260560	3.12537E+19
8.52928E+03	1000260560	6.36841E+20	1000260560	6.36841E+20
9.44394E+03	1000260560	9.44931E+19	1000260560	9.44932E+19
1.11250E+03	1000260560	5.79103E+20	1000260560	5.79103E+20
1.79480E+03	1000260560	2.23381E+21	1000260560	2.23381E+21
3.12370E+03	1000260560	1.11375E+20	1000260560	1.11375E+20
9.35248E+03	1000260560	2.89007E+20	1000260560	2.89007E+20
2.90095E+03	1000260560	3.31714E+20	1000260560	3.31714E+20
4.37203E+03	1000260560	5.89254E+19	1000260560	5.89254E+19
1.67267E+02	1000260560	7.61438E+18	1000260560	7.61438E+18
2.63442E+02	1000260560	3.32354E+21	1000260560	3.32354E+21
1.78517E+02	1000260560	1.72834E+19	1000260560	1.72834E+19
4.77435E+02	1000260560	5.10063E+21	1000260560	5.10063E+21
7.08378E+02	1000260560	3.05272E+20	1000260560	3.05272E+20
7.99189E+03	1000260560	1.51535E+19	1000260560	1.51536E+19
5.93891E+03	1000260560	7.18415E+18	1000260560	7.18415E+18
4.62936E+03	1000260560	3.74956E+19	1000260560	3.74956E+19
7.47015E+03	1000260560	5.84548E+20	1000260560	5.84548E+20
3.91260E+03	1000260560	4.99405E+21	1000260560	4.99405E+21
7.26295E+03	1000260560	1.31834E+20	1000260560	1.31834E+20
6.93159E+03	1000260560	7.73941E+20	1000260560	7.73941E+20
1.64886E+03	1000260560	1.15753E+19	1000260560	1.15753E+19
1.26566E+03	1000260560	3.00026E+19	1000260560	3.00026E+19
6.52463E+03	1000260560	1.18351E+19	1000260560	1.18351E+19
1.89929E+03	1000260560	4.22522E+19	1000260560	4.22522E+19
2.41260E+03	1000260560	2.78265E+20	1000260560	2.78265E+20
5.33803E+03	1000260560	4.91446E+21	1000260560	4.91446E+21
1.04111E+03	1000260560	8.67018E+19	1000260560	8.67018E+19
1.01171E+03	1000260560	4.92304E+20	1000260560	4.92304E+20
9.75027E+02	1000260560	2.38629E+19	1000260560	2.38629E+19
2.13820E+03	1000260560	2.47642E+20	1000260560	2.47642E+20
4.28058E+03	1000260560	3.47214E+21	1000260560	3.47214E+21
4.69502E+02	1000260560	7.67810E+19	1000260560	7.67810E+19
6.65699E+03	1000260560	3.86149E+19	1000260560	3.86149E+19
1.33025E+03	1000260560	9.24219E+18	1000260560	9.24219E+18
2.96908E+03	1000260560	8.49516E+20	1000260560	8.49516E+20
3.91661E+03	1000260560	1.80131E+21	1000260560	1.80131E+21
3.38351E+03	1000260560	1.94386E+20	1000260560	1.94386E+20
1.47178E+03	1000260560	5.12665E+19	1000260560	5.12665E+19
3.57945E+03	1000260560	4.84275E+21	1000260560	4.84275E+21
2.65489E+03	1000260560	6.46363E+20	1000260560	6.46363E+20
9.62085E+03	1000260560	3.71897E+20	1000260560	3.71897E+20
1.13658E+03	1000260560	2.32127E+21	1000260560	2.32127E+21
8.20734E+03	1000260560	7.28475E+18	1000260560	7.28476E+18
7.96098E+03	1000260560	2.39094E+19	1000260560	2.39094E+19
1.69741E+03	1000260560	2.72141E+19	1000260560	2.72141E+19
1.61324E+02	1000260560	4.28306E+20	1000260560	4.28306E+20
9.89566E+02	1000260560	2.09963E+20	1000260560	2.09963E+20
6.15754E+02	1000260560	7.13854E+19	1000260560	7.13854E+19
2.89126E+03	1000260560	2.60803E+19	1000260560	2.60803E+19
7.06030E+03	1000260560	3.66557E+19	1000260560	3.66557E+19
2.35785E+03	1000260560	3.59796E+21	1000260560	3.59796E+21
1.21158E+03	1000260560	1.56304E+20	1000260560	1.56304E+20
5.10789E+03	1000260560	9.40718E+19	1000260560	9.40718E+19
8.91398E+03	1000260560	2.85589E+21	1000260560	2.85589E+21
1.09365E+03	1000260560	1.63855E+19	1000260560	1.63855E+19
2.17857E+03	1000260560	1.46826E+19	1000260560	1.46826E+19
8.23374E+03	1000260560	2.55740E+21	1000260560	2.55740E+21
6.14406E+03	1000260560	1.24474E+19	1000260560	1.24474E+19
8.56643E+03	1000260560	2.12076E+21	1000260560	2.12076E+21
1.34588E+03	1000260560	1.20635E+19	1000260560	1.20635E+19
2.33502E+03	1000260560	1.32830E+20	1000260560	1.32830E+20
6.50407E+02	1000260560	1.84988E+21	1000260560	1.84988E+21
8.45859E+03	1000260560	1.07049E+19	1000260560	1.07049E+19
3.44806E+03	1000260560	1.09695E+21	1000260560	1.09695E+21
3.42539E+03	1000260560	3.47281E+19	1000260560	3.47281E+19
3.57394E+03	1000260560	1.91618E+19	1000260560	1.91618E+19
2.85467E+03	1000260560	3.48003E+20	1000260560	3.48003E+20
1.33945E+03	1000260560	3.81700E+20	1000260560	3.81700E+20
2.26037E+03	1000260560	9.03195E+19	1000260560	9.03195E+19
1.86812E+03	1000260560	1.54187E+21	1000260560	1.54187E+21
1.55213E+03	1000260560	1.10616E+19	1000260560	1.10616E+19
4.06267E+03	1000260560	3.68294E+20	1000260560	3.68294E+20
1.18168E+03	1000260560	2.99222E+19	1000260560	2.99222E+19
2.38331E+03	1000260560	9.80984E+18	1000260560	9.80984E+18
2.22626E+02	1000260560	6.87188E+19	1000260560	6.87188E+19
2.77303E+03	1000260560	1.69088E+20	1000260560	1.69088E+20
8.29453E+03	1000260560	1.09879E+20	1000260560	1.09879E+20
3.52584E+02	1000260560	2.75631E+20	1000260560	2.75631E+20
8.15924E+02	1000260560	9.66075E+18	1000260560	9.66075E+18
5.93365E+03	1000260560	6.76553E+18	1000260560	6.76553E+18
3.33822E+03	1000260560	1.06997E+20	1000260560	1.06997E+20
2.61385E+03	1000260560	5.27853E+19	1000260560	5.27853E+19
5.98443E+03	1000260560	7.99198E+20	1000260560	7.99198E+20
1.75251E+03	1000260560	1.23338E+20	1000260560	1.23338E+20
1.76966E+03	1000260560	1.15113E+21	1000260560	1.15113E+21
4.89865E+03	1000260560	3.25800E+20	1000260560	3.25800E+20
3.40382E+03	1000260560	1.97869E+20	1000260560	1.97869E+20
6.02222E+03	1000260560	4.25257E+21	1000260560	4.25257E+21
9.20696E+02	1000260560	4.02737E+20	1000260560	4.02737E+20
6.98376E+02	1000260560	2.53085E+21	1000260560	2.53085E+21
1.34072E+02	1000260560	1.56954E+19	1000260560	1.56954E+19
6.28352E+03	1000260560	2.85000E+21	1000260560	2.85000E+21
1.08657E+03	1000260560	1.14537E+20	1000260560	1.14537E+20
1.84399E+02	1000260560	3.62094E+20	1000260560	3.62094E+20
3.93043E+03	1000260560	1.54649E+20	1000260560	1.54649E+20
3.31991E+03	1000260560	4.50805E+19	1000260560	4.50805E+19
6.42578E+02	1000260560	2.42235E+20	1000260560	2.42235E+20
5.04383E+02	1000260560	1.64064E+19	1000260560	1.64064E+19
5.38533E+02	1000260560	9.55670E+20	1000260560	9.55670E+20
3.47970E+03	1000260560	3.71603E+21	1000260560	3.71603E+21
2.38570E+03	1000260560	3.12346E+20	1000260560	3.12346E+20
4.36751E+03	1000260560	2.48047E+19	1000260560	2.48047E+19
4.89921E+03	1000260560	2.83092E+19	1000260560	2.83092E+19
2.12377E+02	1000260560	2.49502E+21	1000260560	2.49502E+21
8.12628E+02	1000260560	1.53286E+19	1000260560	1.53286E+19
1.74666E+02	1000260560	1.36846E+20	1000260560	1.36846E+20
3.28413E+03	1000260560	1.22003E+21	1000260560	1.22003E+21
4.42598E+03	1000260560	1.17714E+21	1000260560	1.17714E+21
6.58460E+03	1000260560	6.40914E+20	1000260560	6.40914E+20
4.17211E+03	1000260560	1.16431E+20	1000260560	1.16431E+20
3.57140E+02	1000260560	1.37102E+21	1000260560	1.37102E+21
3.30133E+02	1000260560	6.35125E+20	1000260560	6.35125E+20
1.81785E+03	1000260560	8.42623E+18	1000260560	8.42623E+18
2.56250E+03	1000260560	1.20164E+19	1000260560	1.20164E+19
5.56944E+03	1000260560	7.65057E+18	1000260560	7.65058E+18
3.09926E+03	1000260560	8.80170E+18	1000260560	8.80170E+18
2.31151E+03	1000260560	4.54527E+19	1000260560	4.54527E+19
1.00198E+03	1000260560	1.04424E+19	1000260560	1.04424E+19
1.32653E+03	1000260560	1.05448E+20	1000260560	1.05448E+20
4.62651E+03	1000260560	2.60165E+19	1000260560	2.60165E+19
1.11993E+02	1000260560	1.97545E+21	1000260560	1.97545E+21
2.36311E+02	1000260560	6.50771E+19	1000260560	6.50771E+19
1.39833E+03	1000260560	2.84693E+19	1000260560	2.84693E+19
7.44812E+02	1000260560	8.02360E+19	1000260560	8.02360E+19
6.15180E+03	1000260560	8.01497E+19	1000260560	8.01497E+19
5.35737E+03	1000260560	2.94032E+21	1000260560	2.94032E+21
1.27262E+03	1000260560	4.50489E+19	1000260560	4.50489E+19
2.87575E+03	1000260560	3.54321E+21	1000260560	3.54321E+21
6.63419E+02	1000260560	3.94039E+21	1000260560	3.94039E+21
3.51077E+03	1000260560	6.74399E+20	1000260560	6.74399E+20
2.76010E+03	1000260560	3.21760E+19	1000260560	3.21760E+19
4.97290E+03	1000260560	8.44457E+18	1000260560	8.44457E+18
2.71161E+03	1000260560	1.00995E+19	1000260560	1.00995E+19
7.56332E+03	1000260560	1.92005E+21	1000260560	1.92005E+21
2.49656E+03	1000260560	9.25903E+19	1000260560	9.25903E+19
3.05599E+03	1000260560	1.21307E+21	1000260560	1.21307E+21
1.31564E+02	1000260560	1.59283E+19	1000260560	1.59283E+19
6.03710E+03	1000260560	9.27713E+20	1000260560	9.27713E+20
4.98651E+03	1000260560	9.31402E+18	1000260560	9.31402E+18
2.50909E+03	1000260560	7.45661E+19	1000260560	7.45662E+19
6.31965E+02	1000260560	2.92044E+21	1000260560	2.92044E+21
7.83113E+03	1000260560	2.48738E+20	1000260560	2.48738E+20
5.58755E+02	1000260560	2.17899E+19	1000260560	2.17899E+19
2.56280E+03	1000260560	3.24045E+19	1000260560	3.24045E+19
5.82768E+03	1000260560	9.25545E+20	1000260560	9.25545E+20
6.63983E+02	1000260560	6.84509E+19	1000260560	6.84509E+19
6.76367E+03	1000260560	7.85874E+19	1000260560	7.85874E+19
2.80551E+03	1000260560	5.86861E+20	1000260560	5.86861E+20
9.26454E+03	1000260560	2.60450E+19	1000260560	2.60450E+19
6.91919E+03	1000260560	2.90633E+19	1000260560	2.90633E+19
5.13608E+03	1000260560	1.07652E+21	1000260560	1.07652E+21
1.87077E+03	1000260560	1.00036E+19	1000260560	1.00036E+19
6.03595E+03	1000260560	7.97283E+19	1000260560	7.97283E+19
4.16471E+02	1000260560	7.71428E+19	1000260560	7.71428E+19
9.76119E+02	1000260560	1.38617E+21	1000260560	1.38617E+21
5.92001E+03	1000260560	1.07202E+21	1000260560	1.07202E+21
4.16817E+03	1000260560	1.61606E+21	1000260560	1.61606E+21
6.47189E+03	1000260560	5.60111E+19	1000260560	5.60111E+19
1.49669E+03	1000260560	7.39055E+20	1000260560	7.39055E+20
5.15276E+03	1000260560	2.78735E+21	1000260560	2.78735E+21
2.92844E+03	1000260560	5.44174E+19	1000260560	5.44174E+19
2.22770E+03	1000260560	1.72997E+19	1000260560	1.72997E+19
8.90910E+03	1000260560	1.61300E+20	1000260560	1.61300E+20
8.89304E+03	1000260560	2.13230E+21	1000260560	2.13230E+21
2.04625E+03	1000260560	6.03473E+21	1000260560	6.03473E+21
3.14749E+02	1000260560	2.64845E+19	1000260560	2.64845E+19
6.93195E+03	1000260560	7.23924E+19	1000260560	7.23924E+19
2.12001E+03	1000260560	8.95125E+18	1000260560	8.95125E+18
3.99170E+03	1000260560	3.94624E+21	1000260560	3.94624E+21
8.01891E+02	1000260560	1.04637E+21	1000260560	1.04637E+21
8.82691E+02	1000260560	5.13102E+20	1000260560	5.13102E+20
4.46570E+02	1000260560	3.58749E+19	1000260560	3.58749E+19
2.08285E+03	1000260560	7.35229E+19	1000260560	7.35229E+19
4.73449E+03	1000260560	4.82574E+19	1000260560	4.82574E+19
3.69012E+03	1000260560	1.89926E+19	1000260560	1.89926E+19
7.80767E+02	1000260560	2.00428E+20	1000260560	2.00428E+20
8.54280E+03	1000260560	1.09245E+21	1000260560	1.09245E+21
1.10572E+03	1000260560	1.11240E+20	1000260560	1.11240E+20
7.95424E+03	1000260560	1.30991E+20	1000260560	1.30991E+20
3.53831E+03	1000260560	1.36750E+21	1000260560	1.36750E+21
1.24161E+03	1000260560	1.34256E+20	1000260560	1.34256E+20
1.30770E+03	1000260560	1.06210E+20	1000260560	1.06210E+20
5.28877E+03	1000260560	2.95440E+20	1000260560	2.95440E+20
9.74453E+03	1000260560	9.57211E+19	1000260560	9.57212E+19
1.26547E+02	1000260560	6.15108E+19	1000260560	6.15108E+19
1.48807E+03	1000260560	8.19969E+18	1000260560	8.19969E+18
1.16285E+02	1000260560	1.66431E+21	1000260560	1.66431E+21
1.08071E+03	1000260560	1.29308E+19	1000260560	1.29308E+19
7.59720E+03	1000260560	6.66223E+18	1000260560	6.66223E+18
3.15012E+02	1000260560	1.84273E+19	1000260560	1.84273E+19
7.82517E+03	1000260560	8.22622E+20	1000260560	8.22622E+20
1.41783E+03	1000260560	5.16872E+19	1000260560	5.16872E+19
9.54899E+03	1000260560	9.13793E+18	1000260560	9.13795E+18
5.89287E+03	1000260560	5.49527E+21	1000260560	5.49527E+21
9.80156E+03	1000260560	2.97643E+20	1000260560	2.97643E+20
7.27265E+03	1000260560	7.46668E+18	1000260560	7.46668E+18
3.92916E+03	1000260560	2.93063E+21	1000260560	2.93063E+21
6.83478E+03	1000260560	8.29368E+20	1000260560	8.29368E+20
6.03882E+03	1000260560	1.56008E+20	1000260560	1.56008E+20
7.89749E+03	1000260560	1.89873E+19	1000260560	1.89874E+19
3.47336E+03	1000260560	5.27365E+21	1000260560	5.27365E+21
5.63506E+02	1000260560	1.53172E+20	1000260560	1.53172E+20
2.38149E+03	1000260560	8.47140E+20	1000260560	8.47140E+20
7.91540E+03	1000260560	1.35715E+19	1000260560	1.35715E+19
5.66427E+03	1000260560	7.53901E+19	1000260560	7.53902E+19
1.41975E+03	1000260560	4.82458E+20	1000260560	4.82458E+20
2.89969E+03	1000260560	1.14809E+19	1000260560	1.14810E+19
1.62905E+03	1000260560	7.03734E+20	1000260560	7.03734E+20
5.40906E+03	1000260560	1.40727E+21	1000260560	1.40727E+21
7.71894E+03	1000260560	3.93125E+19	1000260560	3.93125E+19
1.35679E+02	1000260560	7.32417E+18	1000260560	7.32417E+18
2.85389E+02	1000260560	3.46796E+20	1000260560	3.46796E+20
4.47716E+03	1000260560	1.21420E+20	1000260560	1.21420E+20
4.26663E+03	1000260560	5.34340E+21	1000260560	5.34340E+21
3.32960E+03	1000260560	1.68455E+19	1000260560	1.68455E+19
2.40538E+03	1000260560	4.00995E+21	1000260560	4.00995E+21
4.71364E+03	1000260560	1.42693E+21	1000260560	1.42693E+21
3.56033E+03	1000260560	7.17555E+18	1000260560	7.17555E+18
3.70355E+03	1000260560	2.82614E+20	1000260560	2.82614E+20
7.78767E+03	1000260560	5.06105E+21	1000260560	5.06105E+21
8.48819E+02	1000260560	1.18659E+19	1000260560	1.18659E+19
1.00636E+03	1000260560	2.60156E+21	1000260560	2.60156E+21
1.03329E+03	1000260560	9.58566E+20	1000260560	9.58566E+20
2.12570E+02	1000260560	2.75311E+19	1000260560	2.75311E+19
9.62798E+03	1000260560	3.52096E+21	1000260560	3.52096E+21
6.07807E+02	1000260560	4.92710E+21	1000260560	4.92710E+21
6.24165E+03	1000260560	3.85128E+19	1000260560	3.85128E+19
2.63874E+03	1000260560	2.16790E+19	1000260560	2.16790E+19
1.06380E+03	1000260560	1.91164E+21	1000260560	1.91164E+21
6.14767E+03	1000260560	6.69141E+19	1000260560	6.69142E+19
8.64056E+03	1000260560	1.00344E+19	1000260560	1.00344E+19
3.46786E+03	1000260560	1.42722E+21	1000260560	1.42722E+21
3.64205E+03	1000260560	4.44591E+21	1000260560	4.44591E+21
6.33968E+03	1000260560	2.41862E+21	1000260560	2.41862E+21
2.84062E+03	1000260560	1.47236E+21	1000260560	1.47236E+21
3.29017E+03	1000260560	1.60337E+21	1000260560	1.60337E+21
4.74256E+03	1000260560	3.75157E+20	1000260560	3.75157E+20
2.06083E+03	1000260560	5.17624E+19	1000260560	5.17624E+19
9.59187E+03	1000260560	4.06075E+19	1000260560	4.06075E+19
3.46038E+03	1000260560	1.14072E+21	1000260560	1.14072E+21
3.65032E+03	1000260560	5.64730E+20	1000260560	5.64730E+20
2.06606E+03	1000260560	1.17783E+21	1000260560	1.17783E+21
6.17988E+03	1000260560	2.52938E+19	1000260560	2.52938E+19
1.72233E+03	1000260560	6.26768E+20	1000260560	6.26768E+20
9.30395E+02	1000260560	5.49277E+21	1000260560	5.49277E+21
8.17698E+03	1000260560	1.66102E+21	1000260560	1.66102E+21
1.79722E+02	1000260560	3.74480E+19	1000260560	3.74480E+19
5.79961E+03	1000260560	6.20541E+21	1000260560	6.20541E+21
2.33527E+03	1000260560	4.57319E+19	1000260560	4.57319E+19
4.10721E+03	1000260560	4.07060E+19	1000260560	4.07060E+19
3.58249E+02	1000260560	1.39417E+20	1000260560	1.39417E+20
2.27239E+02	1000260560	1.03909E+20	1000260560	1.03909E+20
3.06133E+03	1000260560	6.13762E+19	1000260560	6.13762E+19
8.10489E+03	1000260560	6.83422E+20	1000260560	6.83422E+20
6.46390E+03	1000260560	4.55562E+19	1000260560	4.55562E+19
1.42784E+03	1000260560	7.73484E+19	1000260560	7.73484E+19
9.35754E+02	1000260560	1.89508E+21	1000260560	1.89508E+21
1.74088E+03	1000260560	1.23002E+21	1000260560	1.23002E+21
4.67419E+03	1000260560	2.21877E+19	1000260560	2.21877E+19
8.61053E+03	1000260560	2.66447E+19	1000260560	2.66447E+19
2.30743E+03	1000260560	6.62862E+18	1000260560	6.62862E+18
1.75553E+02	1000260560	9.49669E+18	1000260560	9.49669E+18
1.14665E+03	1000260560	1.38188E+20	1000260560	1.38188E+20
3.86118E+03	1000260560	7.74519E+18	1000260560	7.74519E+18
4.95394E+03	1000260560	1.41232E+21	1000260560	1.41232E+21
5.35647E+03	1000260560	1.74637E+20	1000260560	1.74637E+20
6.96466E+03	1000260560	5.90062E+21	1000260560	5.90062E+21
6.16377E+03	1000260560	4.02807E+20	1000260560	4.02807E+20
1.72899E+03	1000260560	1.04108E+20	1000260560	1.04108E+20
1.04010E+03	1000260560	3.90518E+20	1000260560	3.90518E+20
1.69617E+03	1000260560	2.05531E+21	1000260560	2.05531E+21
6.71514E+03	1000260560	1.40855E+20	1000260560	1.40855E+20
2.71385E+03	1000260560	2.81304E+21	1000260560	2.81304E+21
5.63097E+03	1000260560	1.68382E+20	1000260560	1.68382E+20
2.52344E+03	1000260560	6.59908E+20	1000260560	6.59908E+20
2.79066E+03	1000260560	1.14062E+21	1000260560	1.14062E+21
1.30287E+03	1000260560	1.49783E+20	1000260560	1.49783E+20
1.80827E+03	1000260560	5.93604E+21	1000260560	5.93604E+21
1.21524E+03	1000260560	1.14908E+21	1000260560	1.14908E+21
7.51759E+03	1000260560	1.20217E+21	1000260560	1.20217E+21
1.51526E+03	1000260560	8.55552E+19	1000260560	8.55552E+19
1.74563E+03	1000260560	1.56709E+21	1000260560	1.56709E+21
7.42918E+02	1000260560	1.86123E+21	1000260560	1.86123E+21
3.04253E+03	1000260560	1.07646E+19	1000260560	1.07646E+19
3.16955E+02	1000260560	2.70769E+21	1000260560	2.70769E+21
6.47166E+03	1000260560	5.65507E+19	1000260560	5.65507E+19
9.32456E+03	1000260560	5.75970E+20	1000260560	5.75970E+20
3.39930E+02	1000260560	6.01241E+20	1000260560	6.01241E+20
7.26277E+03	1000260560	1.80682E+20	1000260560	1.80682E+20
6.23292E+02	1000260560	8.11583E+19	1000260560	8.11583E+19
9.95355E+02	1000260560	6.64632E+19	1000260560	6.64632E+19
1.93650E+02	1000260560	1.35178E+21	1000260560	1.35178E+21
1.92602E+03	1000260560	2.68625E+19	1000260560	2.68625E+19
7.20560E+03	1000260560	1.14247E+21	1000260560	1.14247E+21
4.68294E+03	1000260560	4.72336E+19	1000260560	4.72336E+19
2.54963E+03	1000260560	1.28287E+20	1000260560	1.28287E+20
3.23240E+03	1000260560	5.87871E+20	1000260560	5.87871E+20
2.58964E+03	1000260560	6.91527E+20	1000260560	6.91527E+20
1.98484E+03	1000260560	2.06789E+20	1000260560	2.06789E+20
2.36586E+03	1000260560	4.49976E+21	1000260560	4.49976E+21
2.02381E+03	1000260560	5.06690E+20	1000260560	5.06690E+20
6.80375E+03	1000260560	2.10413E+21	1000260560	2.10413E+21
4.70780E+03	1000260560	2.26827E+20	1000260560	2.26827E+20
1.50775E+03	1000260560	3.52699E+20	1000260560	3.52699E+20
6.34642E+02	1000260560	1.32069E+20	1000260560	1.32069E+20
2.26609E+03	1000260560	6.46262E+18	1000260560	6.46262E+18
5.43926E+03	1000260560	2.04399E+20	1000260560	2.04399E+20
7.89026E+03	1000260560	1.36472E+21	1000260560	1.36472E+21
2.53144E+03	1000260560	1.23708E+20	1000260560	1.23708E+20
5.99090E+03	1000260560	6.40999E+18	1000260560	6.40999E+18
5.70351E+03	1000260560	5.97837E+21	1000260560	5.97837E+21
8.95075E+03	1000260560	1.82604E+21	1000260560	1.82604E+21
1.66078E+03	1000260560	2.10790E+21	1000260560	2.10790E+21
4.90079E+03	1000260560	1.16619E+20	1000260560	1.16619E+20
4.12679E+03	1000260560	3.75880E+21	1000260560	3.75880E+21
3.25661E+02	1000260560	3.60991E+21	1000260560	3.60991E+21
6.87626E+03	1000260560	1.48808E+19	1000260560	1.48808E+19
3.80322E+02	1000260560	1.35999E+20	1000260560	1.35999E+20
8.62767E+02	1000260560	3.74285E+19	1000260560	3.74285E+19
6.57999E+03	1000260560	1.01708E+20	1000260560	1.01708E+20
1.08119E+03	1000260560	8.69619E+20	1000260560	8.69619E+20
3.32347E+03	1000260560	1.48917E+21	1000260560	1.48917E+21
8.72893E+02	1000260560	6.70738E+18	1000260560	6.70738E+18
1.23333E+03	1000260560	5.10366E+21	1000260560	5.10366E+21
6.35070E+03	1000260560	2.15293E+19	1000260560	2.15293E+19
3.89081E+03	1000260560	4.99271E+21	1000260560	4.99271E+21
8.64515E+03	1000260560	1.04977E+19	1000260560	1.04977E+19
3.90608E+03	1000260560	3.47264E+20	1000260560	3.47264E+20
1.05676E+03	1000260560	5.66642E+21	1000260560	5.66642E+21
2.09311E+02	1000260560	2.59226E+19	1000260560	2.59226E+19
4.53338E+03	1000260560	6.01780E+19	1000260560	6.01780E+19
3.96838E+02	1000260560	5.05983E+19	1000260560	5.05983E+19
1.68801E+03	1000260560	1.18982E+20	1000260560	1.18982E+20
1.32717E+03	1000260560	6.64425E+20	1000260560	6.64425E+20
9.13374E+02	1000260560	3.49714E+21	1000260560	3.49714E+21
4.83577E+03	1000260560	1.02320E+20	1000260560	1.02320E+20
4.97488E+03	1000260560	6.50016E+20	1000260560	6.50016E+20
1.93559E+03	1000260560	1.57643E+19	1000260560	1.57643E+19
1.99750E+03	1000260560	4.77424E+20	1000260560	4.77424E+20
8.93786E+02	1000260560	1.03197E+20	1000260560	1.03197E+20
1.04415E+03	1000260560	3.39488E+20	1000260560	3.39488E+20
2.73047E+03	1000260560	9.28984E+19	1000260560	9.28984E+19
2.25594E+03	1000260560	1.08450E+21	1000260560	1.08450E+21
7.07806E+03	1000260560	1.48366E+21	1000260560	1.48366E+21
7.81016E+03	1000260560	5.50079E+21	1000260560	5.50079E+21
3.67248E+03	1000260560	2.74487E+20	1000260560	2.74487E+20
2.48388E+02	1000260560	3.87948E+19	1000260560	3.87948E+19
1.37632E+03	1000260560	2.87480E+21	1000260560	2.87480E+21
2.65770E+03	1000260560	1.81694E+20	1000260560	1.81694E+20
6.56235E+03	1000260560	2.39026E+19	1000260560	2.39026E+19
3.93523E+02	1000260560	7.94080E+19	1000260560	7.94080E+19
5.69940E+03	1000260560	2.66728E+21	1000260560	2.66728E+21
3.66179E+03	1000260560	2.71208E+19	1000260560	2.71208E+19
3.61940E+03	1000260560	9.55286E+20	1000260560	9.55286E+20
3.76035E+02	1000260560	1.99376E+19	1000260560	1.99376E+19
2.15568E+03	1000260560	6.81530E+19	1000260560	6.81530E+19
6.94867E+03	1000260560	1.71402E+21	1000260560	1.71403E+21
3.43679E+03	1000260560	1.38465E+21	1000260560	1.38465E+21
4.61463E+03	1000260560	2.44721E+21	1000260560	2.44721E+21
3.06961E+03	1000260560	6.72446E+19	1000260560	6.72446E+19
9.92292E+03	1000260560	9.08881E+20	1000260560	9.08881E+20
6.48942E+02	1000260560	5.43174E+19	1000260560	5.43174E+19
4.09247E+03	1000260560	2.38495E+19	1000260560	2.38495E+19
5.78271E+03	1000260560	2.42795E+21	1000260560	2.42795E+21
2.24698E+03	1000260560	3.09674E+20	1000260560	3.09674E+20
2.33842E+03	1000260560	3.30613E+20	1000260560	3.30613E+20
1.30376E+03	1000260560	1.61826E+20	1000260560	1.61826E+20
1.43103E+03	1000260560	1.38425E+19	1000260560	1.38425E+19
4.63876E+03	1000260560	5.29121E+19	1000260560	5.29121E+19
1.38727E+03	1000260560	8.79735E+20	1000260560	8.79735E+20
3.06659E+03	1000260560	7.03682E+19	1000260560	7.03682E+19
8.40102E+02	1000260560	4.46243E+21	1000260560	4.46243E+21
8.36508E+03	1000260560	1.35845E+20	1000260560	1.35845E+20
9.80109E+02	1000260560	3.64874E+21	1000260560	3.64874E+21
3.64357E+03	1000260560	1.01197E+19	1000260560	1.01197E+19
5.30257E+02	1000260560	9.40700E+18	1000260560	9.40700E+18
2.74293E+02	1000260560	6.52119E+18	1000260560	6.52119E+18
7.70440E+03	1000260560	3.07410E+19	1000260560	3.07411E+19
4.90851E+03	1000260560	1.10081E+19	1000260560	1.10081E+19
2.61829E+03	1000260560	1.13900E+21	1000260560	1.13900E+21
8.74241E+02	1000260560	2.13878E+19	1000260560	2.13878E+19
3.01829E+03	1000260560	1.05801E+21	1000260560	1.05801E+21
1.77750E+03	1000260560	2.16939E+21	1000260560	2.16939E+21
1.28049E+03	1000260560	5.00977E+19	1000260560	5.00977E+19
3.32467E+03	1000260560	4.57731E+19	1000260560	4.57731E+19
2.63122E+03	1000260560	2.13278E+19	1000260560	2.13278E+19
2.38222E+03	1000260560	8.24305E+20	1000260560	8.24305E+20
4.04102E+03	1000260560	9.16433E+20	1000260560	9.16433E+20
1.71298E+03	1000260560	4.84208E+21	1000260560	4.84208E+21
2.88095E+03	1000260560	3.97097E+20	1000260560	3.97097E+20
4.96480E+03	1000260560	2.83903E+21	1000260560	2.83903E+21
1.49597E+03	1000260560	5.47263E+20	1000260560	5.47263E+20
8.89871E+02	1000260560	9.22451E+18	1000260560	9.22451E+18
1.88423E+03	1000260560	6.49837E+19	1000260560	6.49837E+19
1.40176E+03	1000260560	5.62182E+20	1000260560	5.62182E+20
5.51885E+03	1000260560	8.54627E+18	1000260560	8.54628E+18
4.85676E+03	1000260560	3.00911E+19	1000260560	3.00911E+19
8.95502E+02	1000260560	9.79293E+18	1000260560	9.79293E+18
2.73783E+03	1000260560	1.73390E+20	1000260560	1.73390E+20
3.27093E+03	1000260560	4.46179E+20	1000260560	4.46179E+20
5.27135E+03	1000260560	2.12250E+20	1000260560	2.12250E+20
9.63753E+03	1000260560	2.03390E+19	1000260560	2.03390E+19
6.14155E+02	1000260560	1.87433E+21	1000260560	1.87433E+21
5.71537E+03	1000260560	1.12166E+19	1000260560	1.12166E+19
7.35116E+02	1000260560	3.75495E+20	1000260560	3.75495E+20
5.44472E+02	1000260560	3.53099E+19	1000260560	3.53099E+19
6.25995E+03	1000260560	2.38034E+19	1000260560	2.38034E+19
2.08551E+02	1000260560	7.05441E+19	1000260560	7.05441E+19
9.98677E+03	1000260560	1.64169E+20	1000260560	1.64169E+20
6.38583E+03	1000260560	3.33139E+19	1000260560	3.33139E+19
1.31402E+02	1000260560	8.79923E+19	1000260560	8.79923E+19
6.31380E+03	1000260560	1.23629E+19	1000260560	1.23629E+19
2.98263E+03	1000260560	1.24567E+20	1000260560	1.24567E+20
6.30186E+02	1000260560	1.66846E+20	1000260560	1.66846E+20
8.53923E+03	1000260560	5.02227E+19	1000260560	5.02227E+19
3.89544E+03	1000260560	4.10178E+19	1000260560	4.10178E+19
1.24868E+03	1000260560	2.25539E+19	1000260560	2.25540E+19
3.02364E+03	1000260560	4.99564E+20	1000260560	4.99564E+20
7.56993E+03	1000260560	9.11055E+19	1000260560	9.11055E+19
1.73727E+03	1000260560	5.81270E+20	1000260560	5.81270E+20
2.66351E+03	1000260560	8.99515E+19	1000260560	8.99515E+19
8.05415E+03	1000260560	9.44301E+19	1000260560	9.44301E+19
2.59904E+03	1000260560	1.23747E+21	1000260560	1.23747E+21
3.71842E+03	1000260560	5.44250E+20	1000260560	5.44250E+20
8.35314E+03	1000260560	1.06701E+20	1000260560	1.06701E+20
6.46148E+03	1000260560	9.50422E+20	1000260560	9.50422E+20
3.11099E+03	1000260560	2.73120E+20	1000260560	2.73120E+20
3.94167E+03	1000260560	1.04119E+20	1000260560	1.04119E+20
2.37239E+02	1000260560	4.40461E+20	1000260560	4.40461E+20
3.60629E+03	1000260560	7.67428E+20	1000260560	7.67428E+20
9.03424E+02	1000260560	1.31985E+21	1000260560	1.31985E+21
1.44501E+03	1000260560	3.16770E+20	1000260560	3.16770E+20
3.92977E+03	1000260560	5.24466E+19	1000260560	5.24466E+19
5.45375E+02	1000260560	2.95547E+21	1000260560	2.95547E+21
5.77057E+03	1000260560	1.60629E+21	1000260560	1.60629E+21
5.46659E+03	1000260560	3.29256E+21	1000260560	3.29256E+21
2.91797E+02	1000260560	1.55148E+20	1000260560	1.55148E+20
5.07847E+03	1000260560	2.14380E+19	1000260560	2.14380E+19
2.83824E+03	1000260560	4.88255E+21	1000260560	4.88255E+21
2.70391E+02	1000260560	3.05967E+20	1000260560	3.05967E+20
6.37647E+03	1000260560	5.44395E+21	1000260560	5.44395E+21
3.09724E+03	1000260560	3.14333E+19	1000260560	3.14333E+19
7.10262E+03	1000260560	4.95233E+20	1000260560	4.95233E+20
4.39076E+03	1000260560	1.81190E+19	1000260560	1.81190E+19
2.49552E+03	1000260560	5.80788E+21	1000260560	5.80788E+21
2.89741E+03	1000260560	8.28147E+20	1000260560	8.28147E+20
8.29570E+03	1000260560	6.52118E+19	1000260560	6.52118E+19
1.48393E+03	1000260560	1.86560E+20	1000260560	1.86560E+20
1.66677E+03	1000260560	3.99777E+20	1000260560	3.99777E+20
7.87685E+02	1000260560	1.28111E+19	1000260560	1.28111E+19
4.05523E+03	1000260560	6.32768E+18	1000260560	6.32768E+18
7.56966E+03	1000260560	9.27094E+19	1000260560	9.27095E+19
1.57349E+03	1000260560	1.01633E+19	1000260560	1.01633E+19
2.62890E+03	1000260560	5.63508E+20	1000260560	5.63508E+20
4.42588E+03	1000260560	1.31215E+21	1000260560	1.31215E+21
5.96424E+03	1000260560	3.61292E+19	1000260560	3.61293E+19
4.06850E+03	1000260560	1.30279E+20	1000260560	1.30279E+20
4.06009E+03	1000260560	2.29481E+21	1000260560	2.29481E+21
8.89377E+03	1000260560	1.14171E+19	1000260560	1.14171E+19
1.90590E+03	1000260560	1.16592E+19	1000260560	1.16592E+19
1.44991E+03	1000260560	2.25355E+20	1000260560	2.25355E+20
1.29623E+02	1000260560	4.29683E+19	1000260560	4.29683E+19
5.50954E+02	1000260560	1.82935E+21	1000260560	1.82935E+21
3.92922E+03	1000260560	3.88805E+20	1000260560	3.88805E+20
1.47617E+03	1000260560	1.88169E+19	1000260560	1.88169E+19
1.59713E+03	1000260560	7.63346E+18	1000260560	7.63346E+18
6.54698E+03	1000260560	6.95940E+18	1000260560	6.95940E+18
4.57087E+02	1000260560	5.52147E+20	1000260560	5.52147E+20
1.99360E+03	1000260560	2.02257E+21	1000260560	2.02257E+21
1.29616E+03	1000260560	3.21501E+19	1000260560	3.21501E+19
2.24484E+03	1000260560	7.14806E+19	1000260560	7.14806E+19
8.57615E+03	1000260560	7.38116E+18	1000260560	7.38117E+18
2.39920E+03	1000260560	2.78218E+21	1000260560	2.78218E+21
1.52322E+03	1000260560	2.83243E+21	1000260560	2.83243E+21
8.06719E+03	1000260560	1.32445E+20	1000260560	1.32445E+20
7.35324E+03	1000260560	6.73022E+20	1000260560	6.73022E+20
4.96213E+03	1000260560	2.54096E+20	1000260560	2.54096E+20
1.71453E+03	1000260560	1.36208E+19	1000260560	1.36208E+19
5.77573E+03	1000260560	1.81002E+20	1000260560	1.81002E+20
8.93975E+02	1000260560	8.12997E+20	1000260560	8.12997E+20
8.00407E+03	1000260560	2.19955E+20	1000260560	2.19955E+20
9.84625E+02	1000260560	2.72221E+19	1000260560	2.72221E+19
4.70522E+03	1000260560	6.65760E+19	1000260560	6.65760E+19
3.49727E+03	1000260560	3.75654E+19	1000260560	3.75654E+19
2.63089E+03	1000260560	3.91949E+20	1000260560	3.91949E+20
6.22577E+03	1000260560	1.62190E+20	1000260560	1.62190E+20
1.32601E+03	1000260560	2.10037E+21	1000260560	2.10037E+21
1.80761E+03	1000260560	6.78920E+19	1000260560	6.78920E+19
4.85071E+02	1000260560	1.03854E+21	1000260560	1.03854E+21
1.87617E+03	1000260560	8.66057E+18	1000260560	8.66057E+18
1.48165E+02	1000260560	1.55488E+21	1000260560	1.55488E+21
4.62957E+02	1000260560	8.19121E+18	1000260560	8.19121E+18
2.58730E+03	1000260560	4.99785E+19	1000260560	4.99785E+19
8.31197E+03	1000260560	1.05418E+21	1000260560	1.05418E+21
1.37948E+03	1000260560	3.15463E+21	1000260560	3.15463E+21
2.70102E+03	1000260560	1.16918E+21	1000260560	1.16918E+21
5.79749E+02	1000260560	2.77633E+20	1000260560	2.77633E+20
3.16171E+03	1000260560	7.26625E+20	1000260560	7.26625E+20
7.71745E+03	1000260560	2.33840E+21	1000260560	2.33840E+21
6.51996E+03	1000260560	2.80682E+21	1000260560	2.80682E+21
8.71590E+02	1000260560	5.97588E+20	1000260560	5.97588E+20
1.75235E+03	1000260560	3.11288E+19	1000260560	3.11288E+19
4.99348E+03	1000260560	5.73691E+19	1000260560	5.73691E+19
3.30529E+03	1000260560	6.55467E+18	1000260560	6.55467E+18
3.78594E+03	1000260560	1.93965E+21	1000260560	1.93965E+21
3.80313E+03	1000260560	4.38308E+20	1000260560	4.38308E+20
5.38909E+03	1000260560	5.13739E+21	1000260560	5.13739E+21
3.10285E+03	1000260560	6.22349E+19	1000260560	6.22349E+19
4.94872E+03	1000260560	2.71965E+20	1000260560	2.71965E+20
2.25701E+03	1000260560	2.33139E+20	1000260560	2.33139E+20
2.84107E+03	1000260560	1.22605E+20	1000260560	1.22605E+20
1.70479E+03	1000260560	1.56696E+20	1000260560	1.56696E+20
2.34770E+03	1000260560	2.94688E+20	1000260560	2.94688E+20
3.61205E+03	1000260560	8.21001E+20	1000260560	8.21001E+20
5.30462E+03	1000260560	2.93306E+19	1000260560	2.93306E+19
2.71839E+03	1000260560	5.38911E+19	1000260560	5.38911E+19
3.13397E+03	1000260560	2.46313E+19	1000260560	2.46313E+19
4.86865E+02	1000260560	2.89843E+19	1000260560	2.89843E+19
3.01665E+03	1000260560	2.11706E+21	1000260560	2.11706E+21
6.63697E+03	1000260560	1.55372E+19	1000260560	1.55372E+19
7.97982E+02	1000260560	3.91492E+20	1000260560	3.91492E+20
5.32034E+03	1000260560	2.44046E+20	1000260560	2.44046E+20
6.39127E+02	1000260560	7.68602E+19	1000260560	7.68602E+19
3.86157E+03	1000260560	3.63711E+19	1000260560	3.63711E+19
5.28141E+03	1000260560	1.66130E+20	1000260560	1.66130E+20
9.48082E+03	1000260560	2.08168E+20	1000260560	2.08168E+20
9.86245E+02	1000260560	2.05617E+21	1000260560	2.05617E+21
2.66587E+03	1000260560	1.10918E+21	1000260560	1.10918E+21
7.44760E+03	1000260560	1.71524E+19	1000260560	1.71524E+19
3.78495E+03	1000260560	3.20184E+21	1000260560	3.20184E+21
5.23483E+03	1000260560	9.95271E+19	1000260560	9.95271E+19
3.12946E+03	1000260560	7.50011E+20	1000260560	7.50011E+20
1.64118E+03	1000260560	3.06404E+20	1000260560	3.06404E+20
5.96287E+02	1000260560	5.57097E+21	1000260560	5.57097E+21
1.34484E+03	1000260560	7.63390E+19	1000260560	7.63390E+19
6.24661E+02	1000260560	2.20163E+19	1000260560	2.20163E+19
8.48145E+02	1000260560	6.14044E+19	1000260560	6.14044E+19
8.03195E+02	1000260560	2.01017E+19	1000260560	2.01017E+19
4.75175E+03	1000260560	2.12608E+21	1000260560	2.12608E+21
3.99830E+03	1000260560	1.03264E+20	1000260560	1.03264E+20
1.53770E+03	1000260560	2.42933E+21	1000260560	2.42933E+21
5.35624E+03	1000260560	9.25900E+18	1000260560	9.25900E+18
1.51003E+03	1000260560	1.74246E+19	1000260560	1.74246E+19
6.21100E+03	1000260560	3.98192E+21	1000260560	3.98192E+21
2.35540E+03	1000260560	4.21690E+21	1000260560	4.21690E+21
3.39734E+03	1000260560	9.57635E+18	1000260560	9.57635E+18
8.92838E+02	1000260560	1.75637E+19	1000260560	1.75637E+19
3.81244E+03	1000260560	2.02046E+19	1000260560	2.02046E+19
1.73855E+03	1000260560	2.86655E+20	1000260560	2.86655E+20
1.41861E+03	1000260560	4.03731E+20	1000260560	4.03731E+20
1.97906E+03	1000260560	1.86999E+20	1000260560	1.86999E+20
3.89310E+03	1000260560	5.84379E+19	1000260560	5.84379E+19
1.83560E+03	1000260560	6.00667E+21	1000260560	6.00667E+21
4.18908E+03	1000260560	8.02086E+18	1000260560	8.02086E+18
3.80571E+03	1000260560	1.48397E+21	1000260560	1.48397E+21
1.08369E+03	1000260560	2.26947E+21	1000260560	2.26947E+21
6.38555E+03	1000260560	1.58199E+21	1000260560	1.58199E+21
4.17589E+02	1000260560	8.66303E+19	1000260560	8.66303E+19
1.14742E+03	1000260560	2.38238E+20	1000260560	2.38238E+20
6.68483E+03	1000260560	1.69902E+21	1000260560	1.69902E+21
1.56043E+03	1000260560	6.91870E+18	1000260560	6.91870E+18
2.22585E+03	1000260560	5.83933E+21	1000260560	5.83933E+21
3.13287E+02	1000260560	1.06240E+19	1000260560	1.06240E+19
4.97968E+03	1000260560	8.45499E+19	1000260560	8.45499E+19
2.72597E+03	1000260560	2.09376E+20	1000260560	2.09376E+20
3.81077E+03	1000260560	2.37092E+19	1000260560	2.37092E+19
3.03262E+03	1000260560	1.17702E+21	1000260560	1.17702E+21
5.64717E+03	1000260560	1.19378E+21	1000260560	1.19378E+21
1.74824E+03	1000260560	1.69467E+20	1000260560	1.69467E+20
1.40105E+03	1000260560	1.91329E+21	1000260560	1.91329E+21
1.83748E+03	1000260560	2.03116E+20	1000260560	2.03116E+20
1.83284E+03	1000260560	2.09534E+19	1000260560	2.09534E+19
2.68822E+03	1000260560	3.88964E+20	1000260560	3.88964E+20
2.89009E+03	1000260560	2.13834E+19	1000260560	2.13834E+19
1.62388E+03	1000260560	1.53724E+21	1000260560	1.53724E+21
2.35475E+02	1000260560	6.79313E+20	1000260560	6.79313E+20
2.17945E+02	1000260560	1.79682E+21	1000260560	1.79682E+21
3.08382E+03	1000260560	4.94898E+20	1000260560	4.94898E+20
3.52477E+03	1000260560	1.72615E+20	1000260560	1.72615E+20
2.46766E+02	1000260560	2.63159E+19	1000260560	2.63159E+19
4.73427E+03	1000260560	5.86360E+19	1000260560	5.86360E+19
3.30949E+03	1000260560	3.41439E+19	1000260560	3.41439E+19
6.73026E+02	1000260560	5.36649E+21	1000260560	5.36649E+21
1.58302E+03	1000260560	1.03065E+20	1000260560	1.03065E+20
4.08445E+03	1000260560	1.39538E+21	1000260560	1.39538E+21
2.07842E+03	1000260560	7.86767E+20	1000260560	7.86767E+20
1.26279E+03	1000260560	5.59653E+20	1000260560	5.59653E+20
7.24151E+03	1000260560	3.52492E+20	1000260560	3.52492E+20
8.65404E+03	1000260560	2.56226E+19	1000260560	2.56226E+19
3.27596E+03	1000260560	6.62578E+18	1000260560	6.62578E+18
3.04197E+03	1000260560	6.05960E+19	1000260560	6.05960E+19
8.55387E+03	1000260560	9.82598E+19	1000260560	9.82598E+19
8.58819E+02	1000260560	6.78665E+20	1000260560	6.78665E+20
3.62271E+03	1000260560	5.72550E+21	1000260560	5.72550E+21
1.69005E+03	1000260560	1.00923E+19	1000260560	1.00923E+19
4.77652E+03	1000260560	4.69302E+20	1000260560	4.69302E+20
8.41794E+02	1000260560	5.26155E+21	1000260560	5.26155E+21
4.94292E+03	1000260560	2.38396E+20	1000260560	2.38396E+20
2.25990E+03	1000260560	6.90251E+20	1000260560	6.90251E+20
2.09883E+03	1000260560	3.25404E+20	1000260560	3.25404E+20
6.35568E+03	1000260560	1.90242E+20	1000260560	1.90242E+20
1.67763E+03	1000260560	8.22874E+19	1000260560	8.22875E+19
2.97170E+03	1000260560	1.72901E+21	1000260560	1.72901E+21
1.05988E+03	1000260560	1.84585E+19	1000260560	1.84585E+19
1.52257E+03	1000260560	1.16813E+20	1000260560	1.16813E+20
1.26108E+03	1000260560	1.97851E+20	1000260560	1.97851E+20
2.34499E+03	1000260560	1.84950E+19	1000260560	1.84950E+19
4.15327E+03	1000260560	3.89050E+19	1000260560	3.89050E+19
6.16248E+03	1000260560	1.22152E+21	1000260560	1.22152E+21
2.51216E+02	1000260560	7.95496E+18	1000260560	7.95496E+18
2.65411E+02	1000260560	2.82157E+20	1000260560	2.82157E+20
1.61339E+03	1000260560	9.85890E+19	1000260560	9.85890E+19
4.18551E+03	1000260560	3.85577E+20	1000260560	3.85577E+20
9.46854E+03	1000260560	8.58418E+20	1000260560	8.58418E+20
2.28733E+03	1000260560	1.86531E+20	1000260560	1.86531E+20
1.48339E+03	1000260560	6.75435E+20	1000260560	6.75435E+20
4.35201E+03	1000260560	4.57058E+19	1000260560	4.57058E+19
1.57019E+02	1000260560	1.29693E+19	1000260560	1.29693E+19
2.14726E+02	1000260560	8.15707E+19	1000260560	8.15707E+19
3.99367E+03	1000260560	3.53942E+21	1000260560	3.53942E+21
4.65236E+03	1000260560	2.91161E+21	1000260560	2.91161E+21
2.27743E+03	1000260560	7.67289E+20	1000260560	7.67289E+20
5.85529E+03	1000260560	1.59419E+20	1000260560	1.59419E+20
8.95517E+02	1000260560	6.05019E+19	1000260560	6.05019E+19
1.76160E+03	1000260560	3.81880E+19	1000260560	3.81880E+19
8.76721E+03	1000260560	5.47165E+19	1000260560	5.47165E+19
3.24231E+03	1000260560	2.10902E+19	1000260560	2.10902E+19
4.50313E+03	1000260560	5.67289E+21	1000260560	5.67289E+21
7.43834E+03	1000260560	1.14854E+19	1000260560	1.14854E+19
3.37593E+03	1000260560	2.30606E+21	1000260560	2.30606E+21
2.65972E+03	1000260560	2.85374E+21	1000260560	2.85374E+21
2.92924E+03	1000260560	3.74267E+21	1000260560	3.74267E+21
2.81938E+03	1000260560	1.24525E+21	1000260560	1.24525E+21
2.77495E+03	1000260560	1.17671E+20	1000260560	1.17671E+20
5.59976E+03	1000260560	1.17766E+21	1000260560	1.17766E+21
7.41494E+02	1000260560	1.20306E+20	1000260560	1.20306E+20
1.02779E+03	1000260560	1.64059E+19	1000260560	1.64059E+19
2.54914E+03	1000260560	8.03443E+18	1000260560	8.03443E+18
2.48116E+03	1000260560	3.02363E+19	1000260560	3.02363E+19
2.19876E+03	1000260560	1.34017E+21	1000260560	1.34017E+21
1.19256E+03	1000260560	2.68086E+20	1000260560	2.68086E+20
1.09820E+03	1000260560	2.45145E+21	1000260560	2.45145E+21
1.08454E+03	1000260560	2.18153E+20	1000260560	2.18153E+20
4.12724E+03	1000260560	6.31080E+20	1000260560	6.31081E+20
1.98800E+03	1000260560	1.65872E+19	1000260560	1.65872E+19
5.16068E+03	1000260560	1.03673E+20	1000260560	1.03673E+20
6.48799E+02	1000260560	3.01946E+21	1000260560	3.01946E+21
1.92484E+02	1000260560	2.49823E+21	1000260560	2.49823E+21
3.07789E+03	1000260560	5.99497E+21	1000260560	5.99497E+21
8.35760E+03	1000260560	5.51420E+20	1000260560	5.51420E+20
2.70892E+03	1000260560	3.82354E+21	1000260560	3.82354E+21
5.99037E+02	1000260560	6.75643E+19	1000260560	6.75643E+19
6.52551E+03	1000260560	9.71062E+20	1000260560	9.71062E+20
7.20986E+02	1000260560	3.47415E+19	1000260560	3.47415E+19
3.74613E+03	1000260560	1.82063E+20	1000260560	1.82063E+20
6.54344E+03	1000260560	1.49225E+21	1000260560	1.49225E+21
6.52345E+03	1000260560	3.04939E+19	1000260560	3.04939E+19
3.14466E+03	1000260560	2.62436E+21	1000260560	2.62436E+21
3.11130E+02	1000260560	3.72456E+20	1000260560	3.72456E+20
3.40779E+02	1000260560	2.39275E+21	1000260560	2.39275E+21
4.25588E+03	1000260560	1.49635E+21	1000260560	1.49635E+21
5.38815E+03	1000260560	2.85264E+20	1000260560	2.85264E+20
8.50269E+03	1000260560	4.57925E+20	1000260560	4.57925E+20
3.61165E+02	1000260560	1.77212E+20	1000260560	1.77212E+20
3.11208E+03	1000260560	2.33660E+20	1000260560	2.33660E+20
6.15815E+03	1000260560	1.10384E+19	1000260560	1.10384E+19
5.28432E+02	1000260560	5.26025E+19	1000260560	5.26025E+19
3.59066E+03	1000260560	5.14821E+21	1000260560	5.14821E+21
1.39765E+03	1000260560	1.42292E+20	1000260560	1.42292E+20
3.69045E+03	1000260560	6.31958E+18	1000260560	6.31958E+18
1.05629E+02	1000260560	1.63259E+21	1000260560	1.63259E+21
2.05552E+03	1000260560	1.65802E+19	1000260560	1.65802E+19
2.64193E+03	1000260560	8.73160E+19	1000260560	8.73160E+19
2.96117E+03	1000260560	3.39966E+20	1000260560	3.39966E+20
1.93447E+03	1000260560	3.37013E+19	1000260560	3.37013E+19
6.31136E+03	1000260560	1.15763E+19	1000260560	1.15763E+19
1.03965E+03	1000260560	4.67321E+21	1000260560	4.67321E+21
5.30765E+03	1000260560	2.65667E+20	1000260560	2.65667E+20
4.27786E+03	1000260560	1.07317E+21	1000260560	1.07317E+21
1.57750E+03	1000260560	5.24894E+20	1000260560	5.24894E+20
4.39757E+03	1000260560	9.69632E+20	1000260560	9.69632E+20
3.78260E+03	1000260560	1.67501E+20	1000260560	1.67501E+20
1.70423E+03	1000260560	5.70184E+21	1000260560	5.70184E+21
8.00705E+02	1000260560	1.18020E+20	1000260560	1.18020E+20
3.77338E+03	1000260560	3.14485E+19	1000260560	3.14486E+19
2.71148E+03	1000260560	4.73153E+20	1000260560	4.73153E+20
7.67914E+03	1000260560	2.84984E+19	1000260560	2.84984E+19
5.43069E+03	1000260560	1.04465E+19	1000260560	1.04465E+19
1.68789E+02	1000260560	1.45253E+21	1000260560	1.45253E+21
7.98660E+03	1000260560	4.85163E+21	1000260560	4.85163E+21
5.12516E+03	1000260560	3.20698E+21	1000260560	3.20699E+21
1.62763E+03	1000260560	5.48936E+20	1000260560	5.48936E+20
5.78194E+03	1000260560	4.69610E+21	1000260560	4.69610E+21
3.65665E+03	1000260560	1.10120E+20	1000260560	1.10120E+20
5.99349E+03	1000260560	2.17494E+20	1000260560	2.17494E+20
5.44614E+03	1000260560	3.18953E+19	1000260560	3.18953E+19
5.78912E+03	1000260560	1.90049E+20	1000260560	1.90049E+20
2.43800E+03	1000260560	1.04793E+21	1000260560	1.04793E+21
1.80284E+03	1000260560	5.55819E+19	1000260560	5.55819E+19
2.75620E+02	1000260560	1.96214E+20	1000260560	1.96214E+20
6.51312E+03	1000260560	2.62465E+21	1000260560	2.62465E+21
1.10417E+03	1000260560	3.89049E+19	1000260560	3.89049E+19
1.74282E+02	1000260560	9.65877E+19	1000260560	9.65877E+19
5.50627E+03	1000260560	4.37439E+19	1000260560	4.37439E+19
3.67113E+02	1000260560	8.56754E+19	1000260560	8.56754E+19
3.06807E+03	1000260560	1.17064E+19	1000260560	1.17064E+19
1.85178E+03	1000260560	5.13712E+19	1000260560	5.13712E+19
2.31182E+03	1000260560	5.51846E+19	1000260560	5.51846E+19
1.57799E+02	1000260560	1.09873E+20	1000260560	1.09873E+20
4.08624E+03	1000260560	1.25810E+20	1000260560	1.25810E+20
3.85100E+03	1000260560	2.88182E+20	1000260560	2.88182E+20
1.30842E+03	1000260560	3.39475E+19	1000260560	3.39475E+19
3.20967E+03	1000260560	1.29763E+21	1000260560	1.29763E+21
2.91215E+03	1000260560	3.14338E+19	1000260560	3.14338E+19
6.47678E+02	1000260560	7.60212E+20	1000260560	7.60212E+20
4.16061E+03	1000260560	2.31484E+20	1000260560	2.31484E+20
1.52299E+03	1000260560	4.75479E+20	1000260560	4.75479E+20
5.07486E+03	1000260560	1.31606E+19	1000260560	1.31606E+19
3.71130E+03	1000260560	2.01713E+19	1000260560	2.01713E+19
4.46036E+02	1000260560	3.88782E+19	1000260560	3.88782E+19
2.71718E+03	1000260560	2.09836E+21	1000260560	2.09836E+21
9.41257E+02	1000260560	3.40811E+21	1000260560	3.40811E+21
5.56261E+03	1000260560	6.34161E+18	1000260560	6.34161E+18
9.63185E+03	1000260560	2.31846E+20	1000260560	2.31846E+20
8.46394E+02	1000260560	2.69954E+21	1000260560	2.69954E+21
4.31155E+03	1000260560	5.51405E+19	1000260560	5.51405E+19
4.58224E+03	1000260560	9.59785E+18	1000260560	9.59786E+18
3.40071E+02	1000260560	1.34038E+20	1000260560	1.34038E+20
3.17193E+03	1000260560	1.05732E+21	1000260560	1.05732E+21
9.14143E+03	1000260560	2.60599E+19	1000260560	2.60599E+19
3.03963E+03	1000260560	1.42173E+21	1000260560	1.42173E+21
9.14541E+03	1000260560	1.32592E+20	1000260560	1.32592E+20
7.93317E+02	1000260560	1.65251E+21	1000260560	1.65251E+21
2.35072E+03	1000260560	7.01648E+20	1000260560	7.01648E+20
5.41171E+03	1000260560	6.70752E+20	1000260560	6.70752E+20
4.12137E+03	1000260560	9.26237E+18	1000260560	9.26238E+18
4.04504E+03	1000260560	3.24688E+21	1000260560	3.24688E+21
2.54443E+03	1000260560	1.93871E+20	1000260560	1.93871E+20
2.49199E+03	1000260560	5.71887E+19	1000260560	5.71887E+19
3.76841E+03	1000260560	1.38083E+21	1000260560	1.38083E+21
9.78299E+02	1000260560	1.50043E+21	1000260560	1.50043E+21
3.60234E+03	1000260560	5.21377E+20	1000260560	5.21377E+20
2.97375E+03	1000260560	5.88401E+19	1000260560	5.88401E+19
4.39010E+03	1000260560	1.88107E+20	1000260560	1.88107E+20
6.26136E+03	1000260560	6.08196E+21	1000260560	6.08196E+21
8.06020E+02	1000260560	2.87192E+21	1000260560	2.87192E+21
3.21245E+03	1000260560	7.64802E+18	1000260560	7.64802E+18
1.11417E+03	1000260560	2.51921E+19	1000260560	2.51921E+19
5.60212E+03	1000260560	5.88485E+21	1000260560	5.88485E+21
8.11257E+02	1000260560	3.65492E+21	1000260560	3.65492E+21
1.44607E+03	1000260560	2.03723E+19	1000260560	2.03723E+19
2.66853E+03	1000260560	4.46619E+21	1000260560	4.46619E+21
3.06589E+02	1000260560	1.92054E+20	1000260560	1.92054E+20
2.53769E+03	1000260560	2.42528E+20	1000260560	2.42528E+20
1.86691E+03	1000260560	8.68379E+18	1000260560	8.68379E+18
1.77650E+03	1000260560	2.33417E+21	1000260560	2.33417E+21
1.35505E+03	1000260560	3.58406E+21	1000260560	3.58406E+21
2.98885E+03	1000260560	7.71917E+18	1000260560	7.71917E+18
3.58800E+03	1000260560	4.35004E+19	1000260560	4.35004E+19
6.21125E+03	1000260560	3.02074E+21	1000260560	3.02074E+21
5.93964E+03	1000260560	3.62090E+19	1000260560	3.62090E+19
8.09486E+03	1000260560	5.00484E+21	1000260560	5.00484E+21
4.59620E+03	1000260560	2.37775E+20	1000260560	2.37775E+20
1.30311E+02	1000260560	8.16961E+18	1000260560	8.16961E+18
2.27965E+03	1000260560	5.54464E+21	1000260560	5.54464E+21
6.02278E+03	1000260560	2.29622E+20	1000260560	2.29622E+20
2.40199E+02	1000260560	4.58365E+20	1000260560	4.58365E+20
4.85395E+02	1000260560	2.39241E+20	1000260560	2.39241E+20
9.72637E+02	1000260560	3.38801E+21	1000260560	3.38801E+21
3.33630E+02	1000260560	2.80751E+21	1000260560	2.80751E+21
3.11456E+03	1000260560	1.40121E+21	1000260560	1.40121E+21
7.23013E+02	1000260560	3.16867E+19	1000260560	3.16867E+19
6.89342E+03	1000260560	1.62074E+19	1000260560	1.62074E+19
4.45135E+03	1000260560	2.45602E+19	1000260560	2.45602E+19
4.73497E+02	1000260560	2.18994E+19	1000260560	2.18994E+19
1.53052E+02	1000260560	9.35305E+18	1000260560	9.35305E+18
4.01642E+02	1000260560	2.03565E+21	1000260560	2.03565E+21
1.48599E+03	1000260560	2.08504E+19	1000260560	2.08504E+19
1.49618E+03	1000260560	1.70730E+20	1000260560	1.70730E+20
6.56632E+02	1000260560	1.91934E+20	1000260560	1.91934E+20
1.86531E+03	1000260560	1.21877E+19	1000260560	1.21877E+19
2.43360E+03	1000260560	4.48997E+21	1000260560	4.48997E+21
8.42798E+02	1000260560	8.50594E+18	1000260560	8.50594E+18
2.13696E+03	1000260560	1.45532E+20	1000260560	1.45532E+20
4.62363E+03	1000260560	3.58209E+19	1000260560	3.58209E+19
3.12890E+02	1000260560	2.63721E+19	1000260560	2.63721E+19
9.92996E+02	1000260560	2.44967E+20	1000260560	2.44967E+20
8.23911E+02	1000260560	4.86328E+21	1000260560	4.86328E+21
4.63468E+03	1000260560	1.79311E+21	1000260560	1.79311E+21
8.34581E+02	1000260560	1.27734E+21	1000260560	1.27734E+21
3.34317E+03	1000260560	7.70925E+18	1000260560	7.70925E+18
4.61350E+03	1000260560	1.22008E+19	1000260560	1.22008E+19
2.92239E+03	1000260560	2.19292E+21	1000260560	2.19292E+21
2.54265E+03	1000260560	9.13283E+19	1000260560	9.13283E+19
8.91299E+02	1000260560	9.76490E+20	1000260560	9.76490E+20
1.30523E+03	1000260560	1.30934E+20	1000260560	1.30934E+20
2.26569E+03	1000260560	1.05953E+20	1000260560	1.05953E+20
2.81013E+03	1000260560	3.53597E+19	1000260560	3.53597E+19
1.11401E+03	1000260560	4.03937E+20	1000260560	4.03937E+20
7.34486E+03	1000260560	1.43879E+20	1000260560	1.43879E+20
6.67243E+03	1000260560	7.87969E+20	1000260560	7.87969E+20
3.44110E+03	1000260560	5.08615E+20	1000260560	5.08615E+20
6.28857E+03	1000260560	5.15591E+21	1000260560	5.15591E+21
7.25707E+02	1000260560	5.61813E+21	1000260560	5.61813E+21
9.85229E+03	1000260560	9.34198E+20	1000260560	9.34198E+20
7.20763E+03	1000260560	3.45360E+19	1000260560	3.45360E+19
4.66620E+03	1000260560	1.67224E+20	1000260560	1.67224E+20
2.05869E+02	1000260560	1.42399E+21	1000260560	1.42399E+21
4.58288E+03	1000260560	4.71603E+19	1000260560	4.71603E+19
3.87742E+03	1000260560	2.24387E+19	1000260560	2.24388E+19
9.65565E+02	1000260560	1.33267E+19	1000260560	1.33267E+19
8.14489E+03	1000260560	2.18502E+21	1000260560	2.18502E+21
5.65379E+03	1000260560	7.34348E+19	1000260560	7.34348E+19
3.86151E+03	1000260560	1.41546E+19	1000260560	1.41546E+19
