#	D	ID	E	ID0	E0
#
# D             Trajectory length [1 Mpc]
# ID/ID0/ID1    Particle type (PDG MC numbering scheme)
# E/E0/E1       Energy [1 EeV]
# no index = current, 0 = at source, 1 = at point of creation
#
# CRPropa version: -128-NOTFOUND
#
2.96515E+03	1000010010	8.22800E+18	1000010010	8.22800E+18
9.64253E+02	1000010010	9.19794E+18	1000010010	9.19794E+18
9.01197E+02	1000010010	1.05491E+19	1000010010	1.05491E+19
6.16181E+01	1000010010	1.97707E+19	1000010010	1.97707E+19
3.46167E+03	1000010010	7.97167E+18	1000010010	7.97167E+18
2.25986E+03	1000010010	2.87613E+20	1000010010	2.87613E+20
9.72344E+02	1000010010	7.68713E+18	1000010010	7.68713E+18
1.81076E+03	1000010010	6.51521E+18	1000010010	6.51521E+18
2.28066E+03	1000010010	9.36009E+18	1000010010	9.36009E+18
2.18602E+02	1000010010	9.95589E+18	1000010010	9.95589E+18
1.03557E+03	1000010010	2.21499E+19	1000010010	2.21499E+19
1.16414E+03	1000010010	3.49252E+19	1000010010	3.49252E+19
4.97291E+03	1000010010	7.53021E+18	1000010010	7.53021E+18
3.27937E+02	1000010010	9.78698E+18	1000010010	9.78698E+18
3.78528E+03	1000010010	9.11973E+18	1000010010	9.11973E+18
2.57485E+03	1000010010	8.84061E+18	1000010010	8.84061E+18
3.28833E+03	1000010010	1.88090E+19	1000010010	1.88090E+19
2.64046E+03	1000010010	7.83749E+18	1000010010	7.83749E+18
1.23835E+03	1000010010	1.04155E+19	1000010010	1.04155E+19
4.09685E+03	1000010010	1.06838E+19	1000010010	1.06838E+19
2.97975E+02	1000010010	1.70639E+19	1000010010	1.70639E+19
2.97098E+03	1000010010	4.10920E+19	1000010010	4.10920E+19
1.69888E+03	1000010010	7.71307E+18	1000010010	7.71307E+18
3.92756E+03	1000010010	2.18507E+20	1000010010	2.18507E+20
6.22066E+02	1000010010	1.37739E+19	1000010010	1.37739E+19
8.58339E+02	1000010010	8.90996E+18	1000010010	8.90996E+18
6.42567E+02	1000010010	6.62281E+18	1000010010	6.62281E+18
1.14296E+03	1000010010	6.58363E+18	1000010010	6.58363E+18
1.90629E+03	1000010010	1.56759E+21	1000010010	1.56759E+21
2.36438E+02	1000010010	7.46456E+18	1000010010	7.46456E+18
3.54096E+03	1000010010	6.06597E+19	1000010010	6.06597E+19
3.04700E+03	1000010010	1.75769E+19	1000010010	1.75769E+19
3.89603E+02	1000010010	7.42285E+18	1000010010	7.42285E+18
1.26330E+03	1000010010	1.47398E+19	1000010010	1.47398E+19
4.71739E+03	1000010010	3.08932E+19	1000010010	3.08932E+19
1.81304E+03	1000010010	1.89767E+19	1000010010	1.89767E+19
1.33036E+03	1000010010	8.25937E+18	1000010010	8.25937E+18
4.39555E+03	1000010010	6.39831E+18	1000010010	6.39831E+18
2.24704E+03	1000010010	1.21318E+19	1000010010	1.21318E+19
5.06197E+03	1000010010	2.67759E+20	1000010010	2.67759E+20
1.71687E+03	1000010010	7.17125E+18	1000010010	7.17125E+18
5.59288E+02	1000010010	7.44650E+19	1000010010	7.44650E+19
3.89688E+03	1000010010	6.36332E+18	1000010010	6.36332E+18
4.54897E+03	1000010010	8.89136E+18	1000010010	8.89136E+18
2.78369E+03	1000010010	6.27430E+18	1000010010	6.27430E+18
5.23507E+03	1000010010	1.04413E+19	1000010010	1.04413E+19
3.84465E+03	1000010010	4.34291E+19	1000010010	4.34291E+19
7.37087E+02	1000010010	1.23676E+20	1000010010	1.23676E+20
1.20338E+03	1000010010	1.21351E+19	1000010010	1.21351E+19
1.48826E+03	1000010010	8.29966E+18	1000010010	8.29966E+18
3.31966E+03	1000010010	6.41255E+18	1000010010	6.41255E+18
2.99121E+03	1000010010	2.97866E+19	1000010010	2.97866E+19
3.09602E+02	1000010010	8.25577E+18	1000010010	8.25577E+18
1.12065E+03	1000010010	2.47316E+19	1000010010	2.47316E+19
3.52079E+03	1000010010	7.48257E+18	1000010010	7.48257E+18
5.02036E+03	1000010010	2.12915E+19	1000010010	2.12915E+19
3.02934E+03	1000010010	7.76494E+18	1000010010	7.76494E+18
1.89921E+03	1000010010	9.53754E+19	1000010010	9.53754E+19
4.52841E+03	1000010010	3.12280E+19	1000010010	3.12280E+19
2.36819E+02	1000010010	3.92882E+19	1000010010	3.92882E+19
1.23361E+03	1000010010	1.01277E+19	1000010010	1.01277E+19
8.04827E+02	1000010010	8.82254E+18	1000010010	8.82254E+18
1.54435E+03	1000010010	7.69634E+18	1000010010	7.69634E+18
1.95160E+03	1000010010	8.90053E+18	1000010010	8.90053E+18
6.79183E+02	1000010010	3.15702E+19	1000010010	3.15702E+19
3.58483E+02	1000010010	1.53097E+19	1000010010	1.53097E+19
6.60699E+02	1000010010	8.70627E+18	1000010010	8.70627E+18
1.69723E+03	1000010010	7.19800E+18	1000010010	7.19800E+18
4.44802E+03	1000010010	2.80018E+19	1000010010	2.80018E+19
2.76554E+03	1000010010	1.33079E+19	1000010010	1.33079E+19
3.41762E+03	1000010010	1.16605E+19	1000010010	1.16605E+19
2.78005E+03	1000010010	8.42420E+18	1000010010	8.42420E+18
2.16496E+03	1000010010	7.20848E+19	1000010010	7.20848E+19
4.07241E+02	1000010010	6.74667E+18	1000010010	6.74667E+18
1.91333E+03	1000010010	1.09972E+19	1000010010	1.09972E+19
6.60490E+02	1000010010	1.01760E+19	1000010010	1.01760E+19
5.08419E+03	1000010010	3.29180E+19	1000010010	3.29180E+19
4.92000E+03	1000010010	7.27596E+18	1000010010	7.27596E+18
2.20826E+03	1000010010	1.36425E+19	1000010010	1.36425E+19
9.35279E+02	1000010010	7.65041E+18	1000010010	7.65041E+18
5.24457E+03	1000010010	8.75264E+18	1000010010	8.75264E+18
3.87033E+03	1000010010	7.48891E+19	1000010010	7.48891E+19
4.54954E+03	1000010010	1.83228E+19	1000010010	1.83228E+19
1.98917E+03	1000010010	5.22953E+20	1000010010	5.22953E+20
2.13964E+03	1000010010	7.57987E+18	1000010010	7.57987E+18
1.90975E+03	1000010010	9.23876E+18	1000010010	9.23876E+18
7.50390E+01	1000010010	5.78166E+19	1000010010	5.78166E+19
3.08114E+02	1000010010	1.12238E+19	1000010010	1.12238E+19
4.70755E+03	1000010010	1.59203E+19	1000010010	1.59203E+19
9.96726E+02	1000010010	4.62673E+19	1000010010	4.62673E+19
3.55213E+03	1000010010	1.91979E+19	1000010010	1.91979E+19
1.74964E+03	1000010010	1.93740E+19	1000010010	1.93740E+19
2.16771E+03	1000010010	1.54771E+19	1000010010	1.54771E+19
5.03630E+03	1000010010	6.67953E+18	1000010010	6.67953E+18
5.10560E+03	1000010010	4.12166E+19	1000010010	4.12166E+19
1.14363E+03	1000010010	7.40917E+18	1000010010	7.40917E+18
3.37436E+03	1000010010	1.09441E+19	1000010010	1.09441E+19
3.14985E+03	1000010010	1.10391E+19	1000010010	1.10391E+19
1.84689E+03	1000010010	8.10946E+18	1000010010	8.10946E+18
5.20985E+03	1000010010	3.78059E+19	1000010010	3.78059E+19
2.12688E+03	1000010010	7.46711E+18	1000010010	7.46711E+18
1.01735E+03	1000010010	1.15445E+19	1000010010	1.15445E+19
3.14536E+03	1000010010	1.04334E+19	1000010010	1.04334E+19
4.79895E+03	1000010010	9.04858E+18	1000010010	9.04858E+18
2.07894E+03	1000010010	8.36996E+18	1000010010	8.36996E+18
3.85004E+03	1000010010	7.83972E+18	1000010010	7.83972E+18
5.10372E+03	1000010010	5.65664E+19	1000010010	5.65664E+19
1.41064E+03	1000010010	2.98111E+20	1000010010	2.98111E+20
4.55405E+03	1000010010	6.37066E+18	1000010010	6.37066E+18
1.21086E+02	1000010010	6.53725E+20	1000010010	6.53725E+20
3.72914E+03	1000010010	3.27127E+21	1000010010	3.27127E+21
2.81114E+03	1000010010	8.18618E+18	1000010010	8.18618E+18
2.17941E+02	1000010010	2.35223E+19	1000010010	2.35223E+19
3.02955E+02	1000010010	7.29849E+18	1000010010	7.29849E+18
1.54424E+03	1000010010	1.02840E+19	1000010010	1.02840E+19
2.17252E+03	1000010010	9.80699E+18	1000010010	9.80699E+18
3.58961E+03	1000010010	7.62368E+18	1000010010	7.62368E+18
4.74238E+02	1000010010	9.79400E+18	1000010010	9.79400E+18
1.78286E+03	1000010010	7.60395E+18	1000010010	7.60395E+18
3.87712E+02	1000010010	8.32997E+20	1000010010	8.32997E+20
5.64900E+01	1000010010	1.27419E+19	1000010010	1.27419E+19
3.86174E+03	1000010010	1.64171E+20	1000010010	1.64171E+20
3.76112E+03	1000010010	1.28441E+19	1000010010	1.28441E+19
8.44126E+02	1000010010	6.48305E+18	1000010010	6.48305E+18
5.31264E+03	1000010010	9.01194E+18	1000010010	9.01194E+18
1.42443E+02	1000010010	2.66242E+19	1000010010	2.66242E+19
1.75447E+03	1000010010	6.55312E+18	1000010010	6.55312E+18
2.25818E+03	1000010010	1.13308E+19	1000010010	1.13308E+19
6.42673E+02	1000010010	1.08660E+19	1000010010	1.08660E+19
1.45805E+03	1000010010	5.96617E+20	1000010010	5.96617E+20
4.90841E+03	1000010010	2.20489E+19	1000010010	2.20489E+19
9.27714E+02	1000010010	1.02320E+19	1000010010	1.02320E+19
1.85586E+03	1000010010	9.98453E+18	1000010010	9.98453E+18
1.75852E+03	1000010010	6.28704E+18	1000010010	6.28704E+18
5.11223E+03	1000010010	2.85461E+20	1000010010	2.85461E+20
3.44796E+03	1000010010	6.91845E+18	1000010010	6.91845E+18
2.29293E+02	1000010010	8.03973E+18	1000010010	8.03973E+18
1.46966E+03	1000010010	1.69835E+19	1000010010	1.69835E+19
3.44765E+03	1000010010	2.19938E+19	1000010010	2.19938E+19
5.60141E+02	1000010010	9.64927E+18	1000010010	9.64927E+18
2.20202E+02	1000010010	1.03019E+19	1000010010	1.03019E+19
4.97030E+03	1000010010	2.33665E+19	1000010010	2.33665E+19
3.29689E+02	1000010010	6.55817E+18	1000010010	6.55817E+18
2.04940E+03	1000010010	7.91700E+18	1000010010	7.91700E+18
2.08907E+01	1000010010	8.97015E+18	1000010010	8.97015E+18
2.62056E+03	1000010010	1.32128E+20	1000010010	1.32128E+20
2.06731E+03	1000010010	1.33406E+19	1000010010	1.33406E+19
2.46846E+03	1000010010	1.11985E+19	1000010010	1.11985E+19
2.56597E+03	1000010010	1.25038E+19	1000010010	1.25038E+19
2.53070E+03	1000010010	1.88889E+19	1000010010	1.88889E+19
6.32965E+02	1000010010	2.01094E+19	1000010010	2.01094E+19
7.31759E+02	1000010010	1.72367E+19	1000010010	1.72367E+19
2.72793E+03	1000010010	9.76772E+18	1000010010	9.76772E+18
2.89584E+02	1000010010	9.75998E+18	1000010010	9.75998E+18
4.72023E+03	1000010010	1.94987E+20	1000010010	1.94987E+20
3.27921E+02	1000010010	1.42990E+20	1000010010	1.42990E+20
7.66726E+02	1000010010	3.45340E+19	1000010010	3.45340E+19
1.01764E+03	1000010010	6.23686E+19	1000010010	6.23686E+19
4.88786E+03	1000010010	7.55378E+18	1000010010	7.55378E+18
3.41862E+03	1000010010	6.79389E+18	1000010010	6.79389E+18
5.75359E+02	1000010010	1.01373E+19	1000010010	1.01373E+19
2.01532E+03	1000010010	1.01225E+19	1000010010	1.01225E+19
4.69045E+02	1000010010	6.49239E+18	1000010010	6.49239E+18
1.84662E+03	1000010010	8.15323E+18	1000010010	8.15323E+18
3.07983E+03	1000010010	6.79536E+18	1000010010	6.79536E+18
9.43552E+02	1000010010	2.82173E+19	1000010010	2.82173E+19
4.22531E+03	1000010010	1.49986E+20	1000010010	1.49986E+20
1.80681E+03	1000010010	1.63679E+19	1000010010	1.63679E+19
1.81385E+03	1000010010	6.15604E+19	1000010010	6.15604E+19
2.29538E+03	1000010010	1.02486E+19	1000010010	1.02486E+19
3.35555E+03	1000010010	7.49174E+18	1000010010	7.49174E+18
2.70980E+03	1000010010	1.86758E+19	1000010010	1.86758E+19
3.15759E+03	1000010010	6.58709E+18	1000010010	6.58709E+18
4.95045E+01	1000010010	1.84576E+19	1000010010	1.84576E+19
1.83603E+02	1000010010	2.55905E+19	1000010010	2.55905E+19
2.82667E+03	1000010010	1.75178E+19	1000010010	1.75178E+19
5.27683E+03	1000010010	1.00358E+19	1000010010	1.00358E+19
3.44013E+03	1000010010	3.31007E+20	1000010010	3.31007E+20
4.20652E+03	1000010010	7.73271E+18	1000010010	7.73271E+18
3.86656E+03	1000010010	1.12481E+19	1000010010	1.12481E+19
1.98909E+03	1000010010	9.70467E+18	1000010010	9.70467E+18
5.06723E+02	1000010010	9.95053E+18	1000010010	9.95053E+18
4.40600E+03	1000010010	1.25053E+20	1000010010	1.25053E+20
1.00795E+03	1000010010	1.10069E+19	1000010010	1.10069E+19
2.63962E+03	1000010010	1.55542E+19	1000010010	1.55542E+19
2.09635E+03	1000010010	1.40755E+19	1000010010	1.40755E+19
2.40910E+03	1000010010	1.28041E+19	1000010010	1.28041E+19
3.59035E+03	1000010010	2.00242E+19	1000010010	2.00242E+19
1.10390E+03	1000010010	6.57029E+18	1000010010	6.57029E+18
2.58887E+03	1000010010	6.55528E+18	1000010010	6.55528E+18
3.38546E+03	1000010010	2.22245E+20	1000010010	2.22245E+20
1.45177E+03	1000010010	2.05470E+19	1000010010	2.05470E+19
1.48638E+03	1000010010	2.24561E+19	1000010010	2.24561E+19
2.55829E+03	1000010010	9.33196E+18	1000010010	9.33196E+18
2.68466E+03	1000010010	1.70210E+19	1000010010	1.70210E+19
1.23420E+03	1000010010	1.07882E+19	1000010010	1.07882E+19
3.12109E+03	1000010010	4.70399E+19	1000010010	4.70399E+19
4.11052E+02	1000010010	6.27143E+18	1000010010	6.27143E+18
1.18231E+03	1000010010	8.31414E+18	1000010010	8.31414E+18
2.76699E+03	1000010010	2.51405E+19	1000010010	2.51405E+19
3.63177E+03	1000010010	8.32726E+18	1000010010	8.32726E+18
1.84439E+03	1000010010	8.89312E+18	1000010010	8.89312E+18
2.77970E+03	1000010010	8.74312E+18	1000010010	8.74312E+18
4.61103E+03	1000010010	1.91165E+19	1000010010	1.91165E+19
1.14068E+03	1000010010	2.74946E+19	1000010010	2.74946E+19
1.58616E+03	1000010010	7.24830E+19	1000010010	7.24830E+19
8.02370E+02	1000010010	1.85173E+20	1000010010	1.85173E+20
4.93679E+03	1000010010	3.73894E+19	1000010010	3.73894E+19
3.15197E+03	1000010010	2.04465E+19	1000010010	2.04465E+19
1.21467E+03	1000010010	8.10307E+18	1000010010	8.10307E+18
3.98225E+03	1000010010	1.01264E+20	1000010010	1.01264E+20
3.68285E+02	1000010010	2.01703E+19	1000010010	2.01703E+19
3.14426E+03	1000010010	6.91138E+18	1000010010	6.91138E+18
2.28057E+03	1000010010	8.75714E+18	1000010010	8.75714E+18
2.48296E+02	1000010010	1.94553E+19	1000010010	1.94553E+19
1.77338E+03	1000010010	7.93290E+18	1000010010	7.93290E+18
8.38688E+02	1000010010	1.00842E+19	1000010010	1.00842E+19
2.80113E+03	1000010010	7.68072E+18	1000010010	7.68072E+18
2.14336E+03	1000010010	6.34046E+18	1000010010	6.34046E+18
4.06805E+03	1000010010	8.25394E+18	1000010010	8.25394E+18
1.28118E+03	1000010010	6.63522E+18	1000010010	6.63522E+18
7.89824E+02	1000010010	1.59905E+19	1000010010	1.59905E+19
4.04649E+02	1000010010	1.28730E+19	1000010010	1.28730E+19
3.21346E+03	1000010010	6.61426E+18	1000010010	6.61426E+18
1.46070E+03	1000010010	6.61063E+18	1000010010	6.61063E+18
3.24157E+03	1000010010	8.24500E+18	1000010010	8.24500E+18
5.27320E+02	1000010010	7.11829E+19	1000010010	7.11829E+19
1.99810E+03	1000010010	5.69081E+19	1000010010	5.69081E+19
2.43091E+03	1000010010	1.73534E+19	1000010010	1.73534E+19
1.39182E+03	1000010010	8.95564E+18	1000010010	8.95564E+18
1.48219E+03	1000010010	2.71854E+19	1000010010	2.71854E+19
2.17321E+03	1000010010	6.06041E+19	1000010010	6.06041E+19
1.12897E+03	1000010010	7.49599E+18	1000010010	7.49599E+18
3.05172E+02	1000010010	5.08329E+19	1000010010	5.08329E+19
2.48278E+02	1000010010	1.05125E+19	1000010010	1.05125E+19
1.78834E+03	1000010010	1.89067E+20	1000010010	1.89067E+20
2.40547E+01	1000010010	6.94960E+19	1000010010	6.94960E+19
1.12560E+03	1000010010	6.61968E+18	1000010010	6.61968E+18
2.27459E+03	1000010010	8.46836E+18	1000010010	8.46836E+18
3.76193E+02	1000010010	1.06893E+19	1000010010	1.06893E+19
2.73817E+03	1000010010	1.37765E+19	1000010010	1.37765E+19
4.24510E+03	1000010010	1.10413E+19	1000010010	1.10413E+19
4.52171E+03	1000010010	1.35814E+19	1000010010	1.35814E+19
2.14858E+03	1000010010	1.85166E+19	1000010010	1.85166E+19
1.50663E+01	1000010010	2.66221E+19	1000010010	2.66221E+19
3.37658E+02	1000010010	6.56930E+18	1000010010	6.56930E+18
2.61727E+02	1000010010	8.38164E+18	1000010010	8.38164E+18
1.08515E+03	1000010010	1.27240E+19	1000010010	1.27240E+19
5.58555E+02	1000010010	2.39651E+19	1000010010	2.39651E+19
1.72522E+03	1000010010	7.76945E+18	1000010010	7.76945E+18
3.64984E+03	1000010010	9.25432E+18	1000010010	9.25432E+18
3.09318E+03	1000010010	1.48657E+19	1000010010	1.48657E+19
5.85253E+02	1000010010	1.73920E+19	1000010010	1.73920E+19
3.93083E+03	1000010010	1.94495E+19	1000010010	1.94495E+19
3.10542E+03	1000010010	1.01229E+19	1000010010	1.01229E+19
2.64156E+03	1000010010	2.05697E+19	1000010010	2.05697E+19
4.55779E+03	1000010010	9.00867E+18	1000010010	9.00867E+18
4.51376E+03	1000010010	5.09158E+20	1000010010	5.09158E+20
3.06408E+03	1000010010	1.04122E+20	1000010010	1.04122E+20
7.05773E+01	1000010010	7.69160E+18	1000010010	7.69160E+18
3.09229E+03	1000010010	9.49643E+18	1000010010	9.49643E+18
8.09783E+02	1000010010	2.76545E+19	1000010010	2.76545E+19
1.06239E+03	1000010010	7.09113E+18	1000010010	7.09113E+18
1.70102E+03	1000010010	1.68891E+19	1000010010	1.68891E+19
8.94846E+02	1000010010	1.93095E+19	1000010010	1.93095E+19
1.02994E+03	1000010010	1.84761E+19	1000010010	1.84761E+19
2.38788E+03	1000010010	4.29714E+19	1000010010	4.29714E+19
4.30517E+03	1000010010	1.17086E+19	1000010010	1.17086E+19
1.07201E+03	1000010010	2.69630E+19	1000010010	2.69630E+19
2.35247E+02	1000010010	4.17456E+19	1000010010	4.17456E+19
3.72023E+03	1000010010	7.61744E+18	1000010010	7.61744E+18
7.08023E+02	1000010010	7.97118E+18	1000010010	7.97118E+18
3.66458E+03	1000010010	1.71446E+19	1000010010	1.71446E+19
4.08819E+03	1000010010	7.83455E+18	1000010010	7.83455E+18
1.30365E+03	1000010010	7.02625E+18	1000010010	7.02625E+18
1.48179E+03	1000010010	1.81519E+19	1000010010	1.81519E+19
4.46429E+03	1000010010	3.71492E+19	1000010010	3.71492E+19
6.31269E+02	1000010010	9.27053E+18	1000010010	9.27053E+18
5.49464E+01	1000010010	8.82566E+18	1000010010	8.82566E+18
2.78590E+02	1000010010	2.28803E+19	1000010010	2.28803E+19
8.22528E+02	1000010010	1.06813E+19	1000010010	1.06813E+19
2.54236E+03	1000010010	1.35174E+19	1000010010	1.35174E+19
8.21491E+02	1000010010	1.54103E+19	1000010010	1.54103E+19
2.62778E+02	1000010010	2.29988E+19	1000010010	2.29988E+19
8.43681E+02	1000010010	7.89219E+18	1000010010	7.89219E+18
1.37038E+03	1000010010	9.85653E+18	1000010010	9.85653E+18
1.25009E+03	1000010010	1.52429E+19	1000010010	1.52429E+19
2.05415E+03	1000010010	2.47488E+19	1000010010	2.47488E+19
3.44631E+03	1000010010	6.77101E+18	1000010010	6.77101E+18
8.28891E+02	1000010010	1.24873E+19	1000010010	1.24873E+19
1.02927E+03	1000010010	9.74509E+19	1000010010	9.74509E+19
3.75773E+03	1000010010	7.96808E+18	1000010010	7.96808E+18
3.39869E+03	1000010010	8.15324E+19	1000010010	8.15324E+19
2.10293E+03	1000010010	1.86067E+19	1000010010	1.86067E+19
1.12148E+03	1000010010	1.23527E+19	1000010010	1.23527E+19
7.73404E+02	1000010010	7.75870E+18	1000010010	7.75870E+18
2.95721E+03	1000010010	7.96422E+18	1000010010	7.96422E+18
8.87675E+02	1000010010	6.29454E+18	1000010010	6.29454E+18
4.66511E+03	1000010010	2.44722E+19	1000010010	2.44722E+19
4.33085E+03	1000010010	1.09715E+19	1000010010	1.09715E+19
2.83698E+03	1000010010	7.59273E+18	1000010010	7.59273E+18
2.08711E+03	1000010010	1.07743E+19	1000010010	1.07743E+19
1.85035E+03	1000010010	1.88716E+20	1000010010	1.88716E+20
2.36273E+02	1000010010	1.05432E+19	1000010010	1.05432E+19
1.05238E+03	1000010010	9.93523E+18	1000010010	9.93523E+18
3.18656E+03	1000010010	9.71297E+18	1000010010	9.71297E+18
3.08925E+03	1000010010	1.91026E+19	1000010010	1.91026E+19
1.83282E+03	1000010010	2.36508E+19	1000010010	2.36508E+19
2.74597E+03	1000010010	9.42465E+19	1000010010	9.42465E+19
4.29766E+03	1000010010	1.38977E+19	1000010010	1.38977E+19
6.28675E+02	1000010010	7.67308E+18	1000010010	7.67308E+18
2.22401E+02	1000010010	9.21049E+18	1000010010	9.21049E+18
5.73635E+02	1000010010	8.49685E+18	1000010010	8.49685E+18
1.39474E+03	1000010010	6.51864E+18	1000010010	6.51864E+18
8.68175E+02	1000010010	5.87934E+19	1000010010	5.87934E+19
5.25662E+03	1000010010	8.50265E+18	1000010010	8.50265E+18
2.79149E+02	1000010010	1.50924E+19	1000010010	1.50924E+19
3.26258E+03	1000010010	1.31327E+20	1000010010	1.31327E+20
2.68930E+03	1000010010	1.56771E+19	1000010010	1.56771E+19
1.58303E+03	1000010010	3.02694E+19	1000010010	3.02694E+19
1.99476E+03	1000010010	1.13845E+19	1000010010	1.13845E+19
3.23386E+03	1000010010	6.58345E+18	1000010010	6.58345E+18
6.57821E+02	1000010010	8.28986E+18	1000010010	8.28986E+18
4.04994E+03	1000010010	3.25008E+19	1000010010	3.25008E+19
4.53107E+03	1000010010	2.32297E+19	1000010010	2.32297E+19
1.00973E+02	1000010010	9.09987E+19	1000010010	9.09987E+19
1.77541E+03	1000010010	1.46587E+20	1000010010	1.46587E+20
2.20385E+03	1000010010	6.50791E+18	1000010010	6.50791E+18
3.66061E+02	1000010010	2.37170E+20	1000010010	2.37170E+20
4.57781E+02	1000010010	5.08624E+19	1000010010	5.08624E+19
9.02534E+02	1000010010	9.58105E+18	1000010010	9.58105E+18
9.63037E+02	1000010010	6.75411E+18	1000010010	6.75411E+18
7.79330E+02	1000010010	1.55963E+19	1000010010	1.55963E+19
1.05846E+02	1000010010	1.55228E+19	1000010010	1.55228E+19
2.85775E+02	1000010010	6.94417E+19	1000010010	6.94417E+19
3.67491E+03	1000010010	3.56771E+19	1000010010	3.56771E+19
3.16953E+03	1000010010	1.26173E+19	1000010010	1.26173E+19
1.81905E+03	1000010010	6.34495E+18	1000010010	6.34495E+18
4.02456E+02	1000010010	7.08052E+18	1000010010	7.08052E+18
2.61479E+03	1000010010	7.45254E+18	1000010010	7.45254E+18
2.82641E+03	1000010010	2.55323E+19	1000010010	2.55323E+19
2.14676E+03	1000010010	1.68274E+20	1000010010	1.68274E+20
9.18678E+02	1000010010	2.10018E+19	1000010010	2.10018E+19
1.67145E+03	1000010010	1.00954E+19	1000010010	1.00954E+19
4.95556E+02	1000010010	1.30311E+19	1000010010	1.30311E+19
1.89021E+03	1000010010	6.39395E+18	1000010010	6.39395E+18
3.62402E+03	1000010010	2.72061E+19	1000010010	2.72061E+19
1.36566E+03	1000010010	1.08992E+19	1000010010	1.08992E+19
1.75167E+03	1000010010	8.78260E+18	1000010010	8.78260E+18
3.86242E+03	1000010010	7.00013E+18	1000010010	7.00013E+18
3.52414E+03	1000010010	6.96739E+18	1000010010	6.96739E+18
3.82812E+02	1000010010	4.25273E+19	1000010010	4.25273E+19
4.55672E+03	1000010010	1.58032E+19	1000010010	1.58032E+19
4.13027E+03	1000010010	1.19122E+19	1000010010	1.19122E+19
4.21158E+01	1000010010	1.79932E+19	1000010010	1.79932E+19
3.74839E+03	1000010010	9.06456E+18	1000010010	9.06456E+18
6.09423E+01	1000010010	8.22646E+18	1000010010	8.22646E+18
1.34705E+03	1000010010	1.84777E+19	1000010010	1.84777E+19
7.16210E+02	1000010010	6.25042E+18	1000010010	6.25042E+18
3.08717E+03	1000010010	7.03508E+18	1000010010	7.03508E+18
7.64151E+02	1000010010	6.68181E+20	1000010010	6.68181E+20
4.79450E+03	1000010010	1.00797E+20	1000010010	1.00797E+20
3.25259E+03	1000010010	1.19894E+19	1000010010	1.19894E+19
1.96872E+02	1000010010	3.03027E+19	1000010010	3.03027E+19
1.37266E+03	1000010010	5.63189E+19	1000010010	5.63189E+19
4.68824E+03	1000010010	1.15325E+19	1000010010	1.15325E+19
3.32297E+03	1000010010	7.09299E+18	1000010010	7.09299E+18
3.29328E+03	1000010010	7.97451E+18	1000010010	7.97451E+18
2.40178E+03	1000010010	7.63768E+18	1000010010	7.63768E+18
7.81401E+02	1000010010	3.58533E+19	1000010010	3.58533E+19
3.87956E+03	1000010010	7.57923E+19	1000010010	7.57923E+19
4.85161E+03	1000010010	4.41402E+19	1000010010	4.41402E+19
5.22067E+03	1000010010	8.04943E+18	1000010010	8.04943E+18
9.08765E+02	1000010010	1.44588E+21	1000010010	1.44588E+21
2.96376E+02	1000010010	1.74896E+20	1000010010	1.74896E+20
3.65014E+03	1000010010	7.76630E+18	1000010010	7.76630E+18
1.87356E+03	1000010010	2.99112E+19	1000010010	2.99112E+19
4.90604E+03	1000010010	3.57697E+20	1000010010	3.57697E+20
3.41362E+03	1000010010	3.23783E+19	1000010010	3.23783E+19
2.14826E+03	1000010010	8.16782E+18	1000010010	8.16782E+18
1.22451E+03	1000010010	1.81038E+19	1000010010	1.81038E+19
2.71861E+02	1000010010	8.18996E+18	1000010010	8.18996E+18
2.20764E+03	1000010010	3.28454E+19	1000010010	3.28454E+19
4.31785E+02	1000010010	2.18272E+19	1000010010	2.18272E+19
3.49024E+02	1000010010	9.14981E+18	1000010010	9.14981E+18
3.89177E+03	1000010010	1.49477E+20	1000010010	1.49477E+20
2.35099E+02	1000010010	8.75714E+18	1000010010	8.75714E+18
3.70862E+03	1000010010	8.93868E+18	1000010010	8.93868E+18
8.83075E+02	1000010010	1.16837E+19	1000010010	1.16837E+19
2.59508E+03	1000010010	7.85052E+18	1000010010	7.85052E+18
1.31457E+03	1000010010	1.34491E+19	1000010010	1.34491E+19
1.00957E+03	1000010010	6.53195E+18	1000010010	6.53195E+18
9.68203E+02	1000010010	5.25266E+19	1000010010	5.25266E+19
4.89385E+02	1000010010	7.17342E+18	1000010010	7.17342E+18
1.05683E+02	1000010010	7.78707E+18	1000010010	7.78707E+18
5.65626E+01	1000010010	6.40154E+18	1000010010	6.40154E+18
1.42000E+03	1000010010	6.85791E+20	1000010010	6.85791E+20
1.46493E+03	1000010010	3.47499E+19	1000010010	3.47499E+19
1.28002E+03	1000010010	1.41801E+19	1000010010	1.41801E+19
7.91296E+02	1000010010	7.06944E+18	1000010010	7.06944E+18
1.30196E+03	1000010010	7.70601E+18	1000010010	7.70601E+18
9.07210E+02	1000010010	1.93186E+19	1000010010	1.93186E+19
4.50656E+03	1000010010	9.62041E+18	1000010010	9.62041E+18
1.09317E+03	1000010010	1.20409E+19	1000010010	1.20409E+19
3.67764E+03	1000010010	9.52090E+18	1000010010	9.52090E+18
3.76606E+03	1000010010	7.05692E+18	1000010010	7.05692E+18
1.95969E+03	1000010010	9.61802E+19	1000010010	9.61802E+19
1.94489E+02	1000010010	6.62309E+18	1000010010	6.62309E+18
8.78879E+02	1000010010	1.03689E+19	1000010010	1.03689E+19
2.87400E+02	1000010010	1.57530E+19	1000010010	1.57530E+19
2.53408E+03	1000010010	7.04649E+18	1000010010	7.04649E+18
5.08228E+03	1000010010	3.94264E+19	1000010010	3.94264E+19
6.01941E+02	1000010010	7.71938E+18	1000010010	7.71938E+18
2.36418E+03	1000010010	7.69708E+18	1000010010	7.69708E+18
2.20818E+03	1000010010	7.00925E+18	1000010010	7.00925E+18
3.87629E+03	1000010010	5.82837E+19	1000010010	5.82837E+19
4.34965E+03	1000010010	1.59437E+19	1000010010	1.59437E+19
2.50265E+03	1000010010	6.59349E+18	1000010010	6.59349E+18
4.35499E+03	1000010010	4.50254E+19	1000010010	4.50254E+19
3.89281E+02	1000010010	8.68167E+18	1000010010	8.68167E+18
2.98652E+03	1000010010	2.19586E+19	1000010010	2.19586E+19
5.06323E+03	1000010010	2.81486E+19	1000010010	2.81486E+19
1.28258E+03	1000010010	7.17274E+18	1000010010	7.17274E+18
2.72887E+03	1000010010	6.51018E+18	1000010010	6.51018E+18
2.15534E+02	1000010010	6.69114E+18	1000010010	6.69114E+18
3.32549E+02	1000010010	1.43489E+20	1000010010	1.43489E+20
4.89005E+03	1000010010	7.61168E+18	1000010010	7.61168E+18
1.94200E+02	1000010010	7.76948E+19	1000010010	7.76948E+19
1.79483E+03	1000010010	1.60206E+19	1000010010	1.60206E+19
3.65103E+03	1000010010	4.96964E+19	1000010010	4.96964E+19
7.23475E+02	1000010010	1.19323E+19	1000010010	1.19323E+19
1.94372E+03	1000010010	2.44512E+20	1000010010	2.44512E+20
3.87376E+02	1000010010	7.81547E+18	1000010010	7.81547E+18
2.17152E+03	1000010010	1.21041E+19	1000010010	1.21041E+19
2.24004E+03	1000010010	6.31642E+18	1000010010	6.31642E+18
2.02871E+03	1000010010	6.64351E+19	1000010010	6.64351E+19
1.30542E+03	1000010010	2.88022E+19	1000010010	2.88022E+19
4.58451E+03	1000010010	7.02095E+18	1000010010	7.02095E+18
8.69243E+02	1000010010	8.09041E+18	1000010010	8.09041E+18
2.42988E+03	1000010010	7.89913E+18	1000010010	7.89913E+18
6.54490E+02	1000010010	1.09230E+19	1000010010	1.09230E+19
3.13090E+03	1000010010	1.39400E+19	1000010010	1.39400E+19
2.06787E+03	1000010010	1.34381E+19	1000010010	1.34381E+19
2.13123E+03	1000010010	1.84329E+19	1000010010	1.84329E+19
8.51756E+02	1000010010	1.84542E+19	1000010010	1.84542E+19
6.79841E+02	1000010010	6.65555E+18	1000010010	6.65555E+18
2.66901E+03	1000010010	2.03018E+19	1000010010	2.03018E+19
5.26826E+02	1000010010	3.77737E+19	1000010010	3.77737E+19
9.54750E+02	1000010010	7.89863E+18	1000010010	7.89863E+18
5.42157E+02	1000010010	8.17443E+19	1000010010	8.17443E+19
1.63210E+03	1000010010	9.28538E+18	1000010010	9.28538E+18
3.19226E+03	1000010010	6.98272E+18	1000010010	6.98272E+18
2.24656E+03	1000010010	1.83776E+19	1000010010	1.83776E+19
4.97913E+03	1000010010	6.78393E+18	1000010010	6.78393E+18
9.62229E+02	1000010010	8.83796E+18	1000010010	8.83796E+18
1.57636E+03	1000010010	6.32748E+18	1000010010	6.32748E+18
1.89903E+03	1000010010	7.74359E+18	1000010010	7.74359E+18
5.05456E+03	1000010010	2.52434E+19	1000010010	2.52434E+19
1.78107E+03	1000010010	4.63244E+19	1000010010	4.63244E+19
1.44398E+03	1000010010	8.81583E+18	1000010010	8.81583E+18
1.20607E+03	1000010010	1.06865E+19	1000010010	1.06865E+19
2.61973E+03	1000010010	5.94004E+19	1000010010	5.94004E+19
4.01143E+03	1000010010	7.20146E+18	1000010010	7.20146E+18
1.25370E+03	1000010010	2.88563E+19	1000010010	2.88563E+19
5.82296E+02	1000010010	1.96082E+19	1000010010	1.96082E+19
3.18286E+03	1000010010	1.03629E+19	1000010010	1.03629E+19
6.37301E+02	1000010010	1.00294E+19	1000010010	1.00294E+19
3.51886E+03	1000010010	8.47325E+18	1000010010	8.47325E+18
4.56959E+03	1000010010	2.05785E+19	1000010010	2.05785E+19
3.33397E+03	1000010010	3.98821E+19	1000010010	3.98821E+19
1.28610E+03	1000010010	7.26375E+18	1000010010	7.26375E+18
1.22776E+03	1000010010	2.45790E+19	1000010010	2.45790E+19
5.09376E+03	1000010010	2.02857E+19	1000010010	2.02857E+19
1.49111E+03	1000010010	1.85434E+21	1000010010	1.85434E+21
1.37068E+03	1000010010	6.38552E+18	1000010010	6.38552E+18
1.69515E+03	1000010010	7.21901E+18	1000010010	7.21901E+18
3.79157E+03	1000010010	1.31419E+19	1000010010	1.31419E+19
1.84621E+03	1000010010	3.79508E+19	1000010010	3.79508E+19
6.82176E+01	1000010010	1.17578E+19	1000010010	1.17578E+19
2.22776E+03	1000010010	1.56413E+19	1000010010	1.56413E+19
1.00615E+03	1000010010	1.01897E+19	1000010010	1.01897E+19
3.82281E+03	1000010010	1.29027E+19	1000010010	1.29027E+19
1.90244E+02	1000010010	2.65838E+20	1000010010	2.65838E+20
1.32557E+03	1000010010	8.58182E+18	1000010010	8.58182E+18
1.57021E+03	1000010010	4.39915E+19	1000010010	4.39915E+19
2.50787E+03	1000010010	9.37236E+18	1000010010	9.37236E+18
2.01897E+03	1000010010	1.27424E+19	1000010010	1.27424E+19
1.49008E+03	1000010010	1.51287E+19	1000010010	1.51287E+19
2.26496E+03	1000010010	6.37065E+18	1000010010	6.37065E+18
1.41942E+03	1000010010	6.74809E+18	1000010010	6.74809E+18
1.11737E+03	1000010010	1.31484E+19	1000010010	1.31484E+19
3.15719E+02	1000010010	1.15187E+19	1000010010	1.15187E+19
3.72688E+03	1000010010	2.43566E+19	1000010010	2.43566E+19
4.76822E+03	1000010010	6.85219E+18	1000010010	6.85219E+18
1.77923E+03	1000010010	8.47051E+18	1000010010	8.47051E+18
1.31848E+03	1000010010	1.52764E+19	1000010010	1.52764E+19
2.98464E+03	1000010010	2.31775E+19	1000010010	2.31775E+19
3.72422E+03	1000010010	4.28211E+20	1000010010	4.28211E+20
9.24762E+02	1000010010	1.64281E+19	1000010010	1.64281E+19
3.35692E+03	1000010010	7.13214E+18	1000010010	7.13214E+18
1.14901E+03	1000010010	1.41580E+19	1000010010	1.41580E+19
3.01935E+03	1000010010	6.81749E+18	1000010010	6.81749E+18
7.03248E+02	1000010010	6.50908E+18	1000010010	6.50908E+18
1.48908E+03	1000010010	1.23230E+19	1000010010	1.23230E+19
4.50411E+03	1000010010	4.74826E+19	1000010010	4.74826E+19
4.15081E+03	1000010010	7.45579E+18	1000010010	7.45579E+18
3.18534E+02	1000010010	1.20054E+19	1000010010	1.20054E+19
4.89250E+02	1000010010	6.52663E+18	1000010010	6.52663E+18
1.35602E+03	1000010010	2.85423E+19	1000010010	2.85423E+19
4.59384E+03	1000010010	1.55356E+19	1000010010	1.55356E+19
2.31098E+03	1000010010	5.07290E+19	1000010010	5.07290E+19
2.03085E+03	1000010010	5.10424E+19	1000010010	5.10424E+19
1.31877E+03	1000010010	9.86786E+18	1000010010	9.86786E+18
2.23431E+02	1000010010	6.94386E+18	1000010010	6.94386E+18
4.38140E+02	1000010010	4.41098E+19	1000010010	4.41098E+19
1.01280E+03	1000010010	4.62089E+19	1000010010	4.62089E+19
4.51256E+03	1000010010	3.05318E+19	1000010010	3.05318E+19
3.61468E+03	1000010010	4.12915E+19	1000010010	4.12915E+19
1.22408E+02	1000010010	1.01648E+19	1000010010	1.01648E+19
1.00861E+03	1000010010	1.11369E+19	1000010010	1.11369E+19
1.71221E+03	1000010010	1.39008E+19	1000010010	1.39008E+19
2.06219E+02	1000010010	1.00359E+19	1000010010	1.00359E+19
3.43843E+03	1000010010	2.58787E+20	1000010010	2.58787E+20
3.17215E+03	1000010010	1.12249E+19	1000010010	1.12249E+19
4.79366E+03	1000010010	7.15965E+18	1000010010	7.15965E+18
6.69076E+02	1000010010	2.50256E+19	1000010010	2.50256E+19
2.59214E+03	1000010010	1.13245E+19	1000010010	1.13245E+19
3.68341E+03	1000010010	1.95507E+19	1000010010	1.95507E+19
3.56364E+03	1000010010	1.56828E+19	1000010010	1.56828E+19
2.18966E+02	1000010010	1.43756E+19	1000010010	1.43756E+19
7.10338E+02	1000010010	2.84119E+19	1000010010	2.84119E+19
5.61676E+02	1000010010	8.97657E+18	1000010010	8.97657E+18
4.12307E+02	1000010010	1.82667E+19	1000010010	1.82667E+19
3.50683E+03	1000010010	7.01610E+18	1000010010	7.01610E+18
3.47794E+03	1000010010	8.32343E+18	1000010010	8.32343E+18
1.60431E+03	1000010010	8.01053E+18	1000010010	8.01053E+18
1.24047E+03	1000010010	1.15143E+20	1000010010	1.15143E+20
3.31354E+03	1000010010	8.50302E+18	1000010010	8.50302E+18
2.60884E+03	1000010010	8.49824E+18	1000010010	8.49824E+18
4.46945E+03	1000010010	1.13005E+19	1000010010	1.13005E+19
1.40514E+03	1000010010	2.85559E+19	1000010010	2.85559E+19
3.51095E+03	1000010010	1.41871E+19	1000010010	1.41871E+19
7.13840E+02	1000010010	1.29329E+19	1000010010	1.29329E+19
4.99001E+02	1000010010	6.61933E+18	1000010010	6.61933E+18
1.53456E+03	1000010010	1.02291E+19	1000010010	1.02291E+19
6.76510E+02	1000010010	5.71741E+19	1000010010	5.71741E+19
5.22819E+03	1000010010	8.02051E+18	1000010010	8.02051E+18
3.09651E+03	1000010010	1.44472E+19	1000010010	1.44472E+19
3.39753E+02	1000010010	1.69787E+19	1000010010	1.69787E+19
2.66063E+03	1000010010	6.59241E+18	1000010010	6.59241E+18
1.89325E+02	1000010010	1.08835E+19	1000010010	1.08835E+19
4.79687E+03	1000010010	8.90344E+19	1000010010	8.90344E+19
1.84629E+02	1000010010	2.08462E+19	1000010010	2.08462E+19
5.23815E+03	1000010010	1.41794E+19	1000010010	1.41794E+19
2.37220E+01	1000010010	1.23350E+19	1000010010	1.23350E+19
8.24552E+02	1000010010	1.11161E+19	1000010010	1.11161E+19
4.48882E+03	1000010010	1.48751E+19	1000010010	1.48751E+19
2.57078E+03	1000010010	1.62182E+19	1000010010	1.62182E+19
3.22175E+03	1000010010	2.89343E+19	1000010010	2.89343E+19
8.37060E+02	1000010010	1.01597E+19	1000010010	1.01597E+19
2.58852E+03	1000010010	6.39443E+18	1000010010	6.39443E+18
9.31308E+02	1000010010	6.48765E+18	1000010010	6.48765E+18
2.97352E+03	1000010010	6.63775E+18	1000010010	6.63775E+18
2.89610E+03	1000010010	9.31018E+18	1000010010	9.31018E+18
5.04031E+03	1000010010	1.21885E+19	1000010010	1.21885E+19
3.74569E+03	1000010010	1.32783E+19	1000010010	1.32783E+19
1.00714E+02	1000010010	1.47187E+19	1000010010	1.47187E+19
3.19258E+03	1000010010	1.18891E+19	1000010010	1.18891E+19
2.69204E+03	1000010010	6.87150E+18	1000010010	6.87150E+18
3.15525E+03	1000010010	2.12360E+19	1000010010	2.12360E+19
4.91563E+03	1000010010	8.86120E+18	1000010010	8.86120E+18
3.50655E+03	1000010010	9.35794E+18	1000010010	9.35794E+18
3.62161E+03	1000010010	1.22249E+19	1000010010	1.22249E+19
1.50289E+03	1000010010	1.15159E+19	1000010010	1.15159E+19
2.32871E+03	1000010010	9.26566E+18	1000010010	9.26566E+18
3.63332E+02	1000010010	2.57015E+19	1000010010	2.57015E+19
2.81339E+02	1000010010	8.30881E+18	1000010010	8.30881E+18
8.87888E+02	1000010010	9.23532E+19	1000010010	9.23532E+19
6.20060E+02	1000010010	3.97787E+19	1000010010	3.97787E+19
3.80552E+03	1000010010	2.53161E+19	1000010010	2.53161E+19
6.41309E+02	1000010010	8.62890E+19	1000010010	8.62890E+19
4.70754E+03	1000010010	1.55640E+19	1000010010	1.55640E+19
1.90294E+03	1000010010	1.46560E+19	1000010010	1.46560E+19
2.61190E+03	1000010010	9.40309E+18	1000010010	9.40309E+18
4.71571E+03	1000010010	7.18901E+18	1000010010	7.18901E+18
4.31252E+02	1000010010	1.09453E+19	1000010010	1.09453E+19
7.00899E+02	1000010010	6.84066E+18	1000010010	6.84066E+18
2.40767E+03	1000010010	6.71353E+18	1000010010	6.71353E+18
1.08386E+03	1000010010	9.16016E+18	1000010010	9.16016E+18
6.74190E+01	1000010010	1.49167E+19	1000010010	1.49167E+19
1.62182E+03	1000010010	9.06728E+18	1000010010	9.06728E+18
3.27464E+03	1000010010	6.76217E+18	1000010010	6.76217E+18
3.01607E+02	1000010010	3.10091E+19	1000010010	3.10091E+19
3.78629E+02	1000010010	2.55936E+19	1000010010	2.55936E+19
2.87440E+03	1000010010	1.00806E+19	1000010010	1.00806E+19
8.16294E+02	1000010010	1.11493E+19	1000010010	1.11493E+19
5.04150E+03	1000010010	4.35639E+20	1000010010	4.35639E+20
3.97893E+03	1000010010	1.07304E+19	1000010010	1.07304E+19
2.63176E+02	1000010010	7.86800E+18	1000010010	7.86800E+18
4.68067E+03	1000010010	8.50329E+18	1000010010	8.50329E+18
9.72897E+02	1000010010	1.35822E+19	1000010010	1.35822E+19
1.76512E+03	1000010010	4.00561E+19	1000010010	4.00561E+19
3.80714E+03	1000010010	5.66762E+19	1000010010	5.66762E+19
2.66866E+03	1000010010	8.26846E+18	1000010010	8.26846E+18
5.50108E+02	1000010010	2.08351E+21	1000010010	2.08351E+21
3.87456E+03	1000010010	7.61324E+19	1000010010	7.61324E+19
2.60740E+02	1000010010	7.84458E+18	1000010010	7.84458E+18
1.72122E+03	1000010010	8.66784E+18	1000010010	8.66784E+18
2.98903E+02	1000010010	3.40586E+19	1000010010	3.40586E+19
4.15846E+02	1000010010	2.07505E+20	1000010010	2.07505E+20
4.23565E+03	1000010010	9.11861E+18	1000010010	9.11861E+18
8.97695E+02	1000010010	3.86892E+19	1000010010	3.86892E+19
4.49864E+03	1000010010	8.80158E+18	1000010010	8.80158E+18
4.28866E+03	1000010010	1.29807E+20	1000010010	1.29807E+20
5.29643E+03	1000010010	6.61799E+18	1000010010	6.61799E+18
2.10401E+03	1000010010	9.49066E+18	1000010010	9.49066E+18
4.65967E+03	1000010010	6.94124E+18	1000010010	6.94124E+18
1.55758E+03	1000010010	1.31463E+19	1000010010	1.31463E+19
1.67496E+03	1000010010	9.51690E+19	1000010010	9.51690E+19
2.82934E+03	1000010010	6.54499E+18	1000010010	6.54499E+18
3.02517E+03	1000010010	2.22581E+19	1000010010	2.22581E+19
2.22825E+03	1000010010	1.92061E+19	1000010010	1.92061E+19
1.83156E+02	1000010010	2.88209E+19	1000010010	2.88209E+19
1.14775E+02	1000010010	7.18444E+18	1000010010	7.18444E+18
3.64459E+03	1000010010	6.43806E+18	1000010010	6.43806E+18
2.81215E+03	1000010010	5.57641E+19	1000010010	5.57641E+19
5.77537E+02	1000010010	9.42325E+18	1000010010	9.42325E+18
1.16154E+03	1000010010	1.74170E+19	1000010010	1.74170E+19
3.56181E+03	1000010010	4.99446E+19	1000010010	4.99446E+19
2.85174E+03	1000010010	7.08323E+18	1000010010	7.08323E+18
1.74355E+02	1000010010	3.27276E+19	1000010010	3.27276E+19
4.76327E+03	1000010010	1.98707E+19	1000010010	1.98707E+19
3.12275E+03	1000010010	7.32129E+18	1000010010	7.32129E+18
6.19667E+02	1000010010	9.40448E+18	1000010010	9.40448E+18
4.82004E+03	1000010010	1.49232E+19	1000010010	1.49232E+19
3.33645E+03	1000010010	8.08878E+18	1000010010	8.08878E+18
8.51629E+02	1000010010	4.79103E+19	1000010010	4.79103E+19
6.49948E+01	1000010010	4.23886E+19	1000010010	4.23886E+19
4.47444E+03	1000010010	2.34964E+19	1000010010	2.34964E+19
1.39016E+03	1000010010	6.61337E+18	1000010010	6.61337E+18
4.16889E+03	1000010010	7.76461E+18	1000010010	7.76461E+18
1.09700E+03	1000010010	1.37431E+19	1000010010	1.37431E+19
6.04643E+02	1000010010	7.47223E+18	1000010010	7.47223E+18
4.34517E+03	1000010010	4.23785E+19	1000010010	4.23785E+19
1.93400E+03	1000010010	9.64384E+18	1000010010	9.64384E+18
1.44820E+03	1000010010	6.76584E+18	1000010010	6.76584E+18
4.12157E+03	1000010010	1.07483E+19	1000010010	1.07483E+19
1.01930E+03	1000010010	6.59525E+18	1000010010	6.59525E+18
2.73193E+02	1000010010	2.13011E+19	1000010010	2.13011E+19
4.16262E+01	1000010010	1.07413E+19	1000010010	1.07413E+19
4.44118E+03	1000010010	6.95586E+18	1000010010	6.95586E+18
1.28434E+03	1000010010	1.23481E+19	1000010010	1.23481E+19
1.75398E+03	1000010010	2.21065E+19	1000010010	2.21065E+19
6.08547E+02	1000010010	6.31385E+18	1000010010	6.31385E+18
1.73467E+03	1000010010	4.29213E+19	1000010010	4.29213E+19
1.64110E+02	1000010010	6.79397E+19	1000010010	6.79397E+19
1.96247E+03	1000010010	3.82856E+19	1000010010	3.82856E+19
2.18002E+03	1000010010	9.14876E+18	1000010010	9.14876E+18
1.47880E+03	1000010010	1.63623E+19	1000010010	1.63623E+19
4.35023E+03	1000010010	2.44885E+19	1000010010	2.44885E+19
3.42041E+03	1000010010	7.78239E+19	1000010010	7.78239E+19
2.28531E+03	1000010010	9.58425E+18	1000010010	9.58425E+18
3.19822E+03	1000010010	1.30033E+19	1000010010	1.30033E+19
5.27234E+03	1000010010	6.26188E+18	1000010010	6.26188E+18
7.91936E+02	1000010010	2.01451E+19	1000010010	2.01451E+19
4.82883E+03	1000010010	1.35593E+19	1000010010	1.35593E+19
1.41018E+03	1000010010	8.31951E+18	1000010010	8.31951E+18
4.21023E+03	1000010010	8.79327E+19	1000010010	8.79327E+19
3.32988E+03	1000010010	3.98401E+19	1000010010	3.98401E+19
1.65978E+03	1000010010	7.41277E+18	1000010010	7.41277E+18
2.32896E+03	1000010010	1.40183E+19	1000010010	1.40183E+19
4.46313E+02	1000010010	1.70355E+19	1000010010	1.70355E+19
2.11202E+03	1000010010	1.54617E+19	1000010010	1.54617E+19
9.75423E+02	1000010010	1.07080E+19	1000010010	1.07080E+19
2.61267E+01	1000010010	1.12198E+20	1000010010	1.12198E+20
6.57746E+02	1000010010	7.10157E+18	1000010010	7.10157E+18
9.77142E+01	1000010010	2.06345E+19	1000010010	2.06345E+19
5.44499E+02	1000010010	1.92448E+19	1000010010	1.92448E+19
6.95702E+02	1000010010	1.14426E+19	1000010010	1.14426E+19
2.64451E+03	1000010010	1.01369E+20	1000010010	1.01369E+20
3.25397E+03	1000010010	2.89149E+19	1000010010	2.89149E+19
7.62164E+02	1000010010	7.71671E+18	1000010010	7.71671E+18
7.11479E+02	1000010010	1.01039E+19	1000010010	1.01039E+19
4.22459E+03	1000010010	2.47321E+19	1000010010	2.47321E+19
2.16130E+03	1000010010	8.21655E+18	1000010010	8.21655E+18
1.77942E+02	1000010010	1.19264E+19	1000010010	1.19264E+19
2.80446E+01	1000010010	1.04219E+19	1000010010	1.04219E+19
3.03675E+03	1000010010	8.82125E+18	1000010010	8.82125E+18
8.81715E+02	1000010010	5.03193E+19	1000010010	5.03193E+19
8.65035E+02	1000010010	1.57757E+19	1000010010	1.57757E+19
5.17291E+03	1000010010	1.43226E+19	1000010010	1.43226E+19
4.20594E+02	1000010010	7.15476E+18	1000010010	7.15476E+18
4.16079E+03	1000010010	7.85657E+18	1000010010	7.85657E+18
5.28885E+02	1000010010	9.50321E+18	1000010010	9.50321E+18
7.35112E+02	1000010010	1.02912E+20	1000010010	1.02912E+20
3.70538E+03	1000010010	8.16231E+18	1000010010	8.16231E+18
4.89577E+03	1000010010	2.11031E+19	1000010010	2.11031E+19
2.44372E+02	1000010010	1.39219E+19	1000010010	1.39219E+19
4.14106E+03	1000010010	6.36343E+18	1000010010	6.36343E+18
4.82539E+03	1000010010	1.33912E+19	1000010010	1.33912E+19
2.36705E+02	1000010010	1.42129E+19	1000010010	1.42129E+19
6.62459E+02	1000010010	6.80026E+18	1000010010	6.80026E+18
5.16313E+03	1000010010	2.69404E+20	1000010010	2.69404E+20
2.08419E+03	1000010010	1.07506E+19	1000010010	1.07506E+19
6.56864E+01	1000010010	1.20894E+19	1000010010	1.20894E+19
7.43897E+02	1000010010	1.38223E+19	1000010010	1.38223E+19
3.60181E+03	1000010010	7.83318E+18	1000010010	7.83318E+18
8.91914E+01	1000010010	8.82159E+19	1000010010	8.82159E+19
1.75943E+03	1000010010	2.41292E+19	1000010010	2.41292E+19
1.19918E+03	1000010010	7.82436E+18	1000010010	7.82436E+18
2.71157E+03	1000010010	1.87455E+19	1000010010	1.87455E+19
4.41932E+03	1000010010	3.19444E+19	1000010010	3.19444E+19
1.33960E+03	1000010010	8.80267E+18	1000010010	8.80267E+18
1.16361E+03	1000010010	9.36167E+18	1000010010	9.36167E+18
6.82257E+02	1000010010	2.42812E+19	1000010010	2.42812E+19
1.68459E+03	1000010010	4.49299E+19	1000010010	4.49299E+19
3.29455E+03	1000010010	4.10193E+19	1000010010	4.10193E+19
9.10768E+01	1000010010	9.54442E+18	1000010010	9.54442E+18
1.34729E+02	1000010010	7.08418E+19	1000010010	7.08418E+19
2.14669E+03	1000010010	7.48327E+18	1000010010	7.48327E+18
2.76076E+03	1000010010	7.27454E+18	1000010010	7.27454E+18
2.00009E+03	1000010010	1.39730E+19	1000010010	1.39730E+19
3.58272E+03	1000010010	1.88668E+19	1000010010	1.88668E+19
4.74010E+02	1000010010	1.33297E+19	1000010010	1.33297E+19
4.16610E+03	1000010010	1.37685E+19	1000010010	1.37685E+19
2.40455E+02	1000010010	1.15412E+19	1000010010	1.15412E+19
2.24743E+03	1000010010	1.11781E+19	1000010010	1.11781E+19
1.42368E+03	1000010010	2.36977E+19	1000010010	2.36977E+19
2.18508E+03	1000010010	8.09012E+18	1000010010	8.09012E+18
1.24866E+03	1000010010	7.33344E+18	1000010010	7.33344E+18
2.91116E+03	1000010010	1.88227E+19	1000010010	1.88227E+19
2.99701E+03	1000010010	1.30577E+19	1000010010	1.30577E+19
3.35290E+03	1000010010	7.54609E+19	1000010010	7.54609E+19
1.23887E+03	1000010010	7.73597E+19	1000010010	7.73597E+19
1.86287E+03	1000010010	8.68187E+18	1000010010	8.68187E+18
1.16619E+03	1000010010	9.57075E+18	1000010010	9.57075E+18
3.06675E+03	1000010010	7.93774E+19	1000010010	7.93774E+19
2.49515E+03	1000010010	1.66431E+19	1000010010	1.66431E+19
1.13273E+03	1000010010	7.83609E+18	1000010010	7.83609E+18
3.94817E+03	1000010010	2.54450E+19	1000010010	2.54450E+19
3.38812E+03	1000010010	1.77062E+20	1000010010	1.77062E+20
3.27390E+03	1000010010	7.98883E+18	1000010010	7.98883E+18
1.80466E+03	1000010010	6.24299E+18	1000010010	6.24299E+18
1.12963E+03	1000010010	9.85515E+18	1000010010	9.85515E+18
3.62835E+03	1000010010	1.46299E+19	1000010010	1.46299E+19
4.28510E+03	1000010010	1.94035E+19	1000010010	1.94035E+19
4.68093E+02	1000010010	9.99867E+18	1000010010	9.99867E+18
1.55892E+03	1000010010	4.66847E+19	1000010010	4.66847E+19
2.59026E+03	1000010010	8.53229E+18	1000010010	8.53229E+18
5.26712E+03	1000010010	6.30762E+18	1000010010	6.30762E+18
2.60941E+03	1000010010	6.79453E+18	1000010010	6.79453E+18
1.80620E+03	1000010010	2.52408E+19	1000010010	2.52408E+19
3.47370E+03	1000010010	1.00461E+19	1000010010	1.00461E+19
1.83476E+03	1000010010	3.03518E+19	1000010010	3.03518E+19
4.53859E+03	1000010010	8.06842E+18	1000010010	8.06842E+18
3.99056E+03	1000010010	7.61049E+19	1000010010	7.61049E+19
1.63879E+03	1000010010	7.48362E+18	1000010010	7.48362E+18
1.19391E+03	1000010010	5.10200E+19	1000010010	5.10200E+19
3.21518E+03	1000010010	7.60572E+18	1000010010	7.60572E+18
3.55028E+03	1000010010	8.71102E+18	1000010010	8.71102E+18
3.65260E+03	1000010010	1.21479E+19	1000010010	1.21479E+19
1.78349E+03	1000010010	1.74817E+19	1000010010	1.74817E+19
1.51279E+02	1000010010	1.23218E+19	1000010010	1.23218E+19
4.52215E+02	1000010010	6.78586E+18	1000010010	6.78586E+18
5.75200E+02	1000010010	1.38987E+19	1000010010	1.38987E+19
2.01369E+03	1000010010	1.35372E+19	1000010010	1.35372E+19
1.14415E+03	1000010010	1.27609E+19	1000010010	1.27609E+19
2.05133E+03	1000010010	2.34625E+19	1000010010	2.34625E+19
3.18119E+02	1000010010	7.52562E+18	1000010010	7.52562E+18
1.71102E+03	1000010010	1.49913E+19	1000010010	1.49913E+19
2.53305E+03	1000010010	8.53794E+18	1000010010	8.53794E+18
6.29598E+02	1000010010	9.63119E+18	1000010010	9.63119E+18
1.44313E+03	1000010010	1.01625E+19	1000010010	1.01625E+19
1.02732E+03	1000010010	2.20478E+19	1000010010	2.20478E+19
1.43255E+03	1000010010	1.11522E+19	1000010010	1.11522E+19
5.87888E+02	1000010010	5.93448E+19	1000010010	5.93448E+19
3.96134E+03	1000010010	6.10795E+19	1000010010	6.10795E+19
4.36130E+02	1000010010	9.00815E+18	1000010010	9.00815E+18
4.45568E+03	1000010010	1.62749E+19	1000010010	1.62749E+19
8.99756E+02	1000010010	1.97092E+19	1000010010	1.97092E+19
4.47400E+03	1000010010	7.10063E+18	1000010010	7.10063E+18
1.07679E+03	1000010010	6.89137E+18	1000010010	6.89137E+18
4.92267E+02	1000010010	3.22381E+19	1000010010	3.22381E+19
4.01061E+02	1000010010	2.54883E+19	1000010010	2.54883E+19
1.85388E+03	1000010010	1.31106E+19	1000010010	1.31106E+19
3.09621E+02	1000010010	8.71892E+18	1000010010	8.71892E+18
2.98967E+03	1000010010	1.11103E+19	1000010010	1.11103E+19
5.20209E+02	1000010010	7.60180E+18	1000010010	7.60180E+18
6.36939E+02	1000010010	6.62146E+18	1000010010	6.62146E+18
4.07688E+03	1000010010	1.05791E+21	1000010010	1.05791E+21
2.40835E+03	1000010010	4.32422E+19	1000010010	4.32422E+19
4.48859E+03	1000010010	7.17726E+18	1000010010	7.17726E+18
6.89436E+02	1000010010	1.15683E+19	1000010010	1.15683E+19
3.92346E+03	1000010010	6.56674E+18	1000010010	6.56674E+18
1.41422E+03	1000010010	6.93142E+19	1000010010	6.93142E+19
4.01204E+02	1000010010	2.23417E+19	1000010010	2.23417E+19
2.02096E+03	1000010010	5.09949E+19	1000010010	5.09949E+19
8.41240E+02	1000010010	4.44513E+19	1000010010	4.44513E+19
8.49983E+02	1000010010	2.42570E+19	1000010010	2.42570E+19
1.82438E+03	1000010010	1.15423E+19	1000010010	1.15423E+19
1.93187E+02	1000010010	4.89414E+19	1000010010	4.89414E+19
4.51861E+03	1000010010	8.09831E+18	1000010010	8.09831E+18
4.85126E+03	1000010010	1.77149E+19	1000010010	1.77149E+19
8.84877E+02	1000010010	1.19046E+19	1000010010	1.19046E+19
1.67756E+02	1000010010	9.33981E+18	1000010010	9.33981E+18
1.18248E+03	1000010010	1.55040E+19	1000010010	1.55040E+19
3.63449E+03	1000010010	1.43484E+19	1000010010	1.43484E+19
7.18512E+02	1000010010	2.18343E+19	1000010010	2.18343E+19
9.32362E+02	1000010010	2.66237E+19	1000010010	2.66237E+19
3.63176E+03	1000010010	8.88217E+18	1000010010	8.88217E+18
1.66221E+03	1000010010	3.99038E+19	1000010010	3.99038E+19
1.55943E+03	1000010010	3.34989E+19	1000010010	3.34989E+19
3.01873E+03	1000010010	1.70945E+19	1000010010	1.70945E+19
5.66193E+02	1000010010	6.61466E+18	1000010010	6.61466E+18
4.32003E+03	1000010010	1.06542E+19	1000010010	1.06542E+19
5.06481E+03	1000010010	1.75479E+19	1000010010	1.75479E+19
3.27982E+03	1000010010	1.81983E+19	1000010010	1.81983E+19
9.69165E+02	1000010010	6.63688E+18	1000010010	6.63688E+18
4.76646E+03	1000010010	5.26603E+20	1000010010	5.26603E+20
8.94954E+02	1000010010	1.01861E+19	1000010010	1.01861E+19
1.38030E+03	1000010010	8.52445E+19	1000010010	8.52445E+19
1.12095E+03	1000010010	1.72947E+19	1000010010	1.72947E+19
9.14675E+02	1000010010	4.80773E+19	1000010010	4.80773E+19
4.45571E+03	1000010010	9.86945E+19	1000010010	9.86945E+19
1.17788E+03	1000010010	7.69119E+18	1000010010	7.69119E+18
3.49229E+02	1000010010	2.52142E+20	1000010010	2.52142E+20
1.23431E+03	1000010010	2.24489E+19	1000010010	2.24489E+19
4.17293E+03	1000010010	1.52940E+19	1000010010	1.52940E+19
4.97988E+03	1000010010	2.75658E+19	1000010010	2.75658E+19
7.50301E+02	1000010010	1.48936E+19	1000010010	1.48936E+19
1.17446E+03	1000010010	1.58697E+19	1000010010	1.58697E+19
3.79672E+03	1000010010	1.49948E+19	1000010010	1.49948E+19
6.23506E+02	1000010010	8.10901E+18	1000010010	8.10901E+18
4.03009E+02	1000010010	3.98543E+19	1000010010	3.98543E+19
2.78267E+02	1000010010	1.30708E+19	1000010010	1.30708E+19
5.33018E+02	1000010010	8.06016E+18	1000010010	8.06016E+18
4.39460E+03	1000010010	1.17406E+19	1000010010	1.17406E+19
2.00818E+03	1000010010	1.12943E+19	1000010010	1.12943E+19
1.02923E+03	1000010010	1.44560E+19	1000010010	1.44560E+19
5.06912E+03	1000010010	8.87738E+18	1000010010	8.87738E+18
4.73107E+03	1000010010	6.51524E+18	1000010010	6.51524E+18
6.08792E+02	1000010010	2.51942E+19	1000010010	2.51942E+19
2.78868E+03	1000010010	1.20806E+19	1000010010	1.20806E+19
3.82604E+02	1000010010	2.94762E+19	1000010010	2.94762E+19
1.15472E+03	1000010010	2.24859E+19	1000010010	2.24859E+19
2.73596E+03	1000010010	1.02070E+19	1000010010	1.02070E+19
4.99992E+03	1000010010	3.32054E+19	1000010010	3.32054E+19
2.05299E+03	1000010010	3.36390E+20	1000010010	3.36390E+20
1.72840E+02	1000010010	8.04262E+18	1000010010	8.04262E+18
1.13522E+03	1000010010	6.89734E+18	1000010010	6.89734E+18
1.48049E+03	1000010010	9.79141E+18	1000010010	9.79141E+18
8.73791E+02	1000010010	7.40731E+18	1000010010	7.40731E+18
2.83718E+03	1000010010	6.32771E+18	1000010010	6.32771E+18
5.78834E+02	1000010010	4.40829E+19	1000010010	4.40829E+19
5.88289E+02	1000010010	6.68116E+18	1000010010	6.68116E+18
1.01239E+03	1000010010	1.34786E+19	1000010010	1.34786E+19
2.95455E+03	1000010010	1.99830E+19	1000010010	1.99830E+19
9.58766E+02	1000010010	7.26371E+18	1000010010	7.26371E+18
5.73648E+02	1000010010	7.11578E+18	1000010010	7.11578E+18
4.86885E+02	1000010010	1.29735E+19	1000010010	1.29735E+19
4.73281E+03	1000010010	1.17179E+19	1000010010	1.17179E+19
1.64853E+03	1000010010	1.44860E+19	1000010010	1.44860E+19
7.59984E+02	1000010010	1.06881E+19	1000010010	1.06881E+19
4.99445E+02	1000010010	9.36924E+18	1000010010	9.36924E+18
6.03222E+02	1000010010	9.85699E+18	1000010010	9.85699E+18
4.55067E+02	1000010010	6.31090E+18	1000010010	6.31090E+18
1.40108E+03	1000010010	1.03702E+19	1000010010	1.03702E+19
1.75699E+03	1000010010	5.74862E+19	1000010010	5.74862E+19
3.26495E+02	1000010010	1.93688E+19	1000010010	1.93688E+19
3.90728E+03	1000010010	2.26831E+19	1000010010	2.26831E+19
2.80680E+02	1000010010	1.42188E+19	1000010010	1.42188E+19
1.72558E+03	1000010010	1.18846E+20	1000010010	1.18846E+20
7.92694E+02	1000010010	1.89696E+19	1000010010	1.89696E+19
1.74952E+03	1000010010	6.65885E+18	1000010010	6.65885E+18
4.98181E+03	1000010010	8.39603E+18	1000010010	8.39603E+18
2.73538E+03	1000010010	1.07090E+19	1000010010	1.07090E+19
1.09261E+03	1000010010	1.42633E+19	1000010010	1.42633E+19
1.45871E+03	1000010010	8.41630E+18	1000010010	8.41630E+18
1.47069E+03	1000010010	6.73715E+19	1000010010	6.73715E+19
4.14819E+03	1000010010	1.10507E+20	1000010010	1.10507E+20
1.88527E+03	1000010010	6.31079E+18	1000010010	6.31079E+18
1.60949E+03	1000010010	6.87942E+19	1000010010	6.87942E+19
3.68243E+03	1000010010	1.48382E+19	1000010010	1.48382E+19
1.28791E+03	1000010010	7.97108E+18	1000010010	7.97108E+18
1.14367E+03	1000010010	1.28076E+19	1000010010	1.28076E+19
1.66851E+03	1000010010	1.07992E+20	1000010010	1.07992E+20
1.56668E+03	1000010010	1.53740E+20	1000010010	1.53740E+20
1.08987E+02	1000010010	6.47597E+18	1000010010	6.47597E+18
4.73640E+03	1000010010	1.00042E+20	1000010010	1.00042E+20
2.95630E+03	1000010010	9.43677E+18	1000010010	9.43677E+18
4.81336E+03	1000010010	2.60661E+19	1000010010	2.60661E+19
7.34814E+02	1000010010	1.31990E+19	1000010010	1.31990E+19
4.99361E+03	1000010010	8.26714E+18	1000010010	8.26714E+18
1.76732E+03	1000010010	7.14782E+18	1000010010	7.14782E+18
1.58202E+03	1000010010	7.71222E+18	1000010010	7.71222E+18
2.56200E+03	1000010010	4.46670E+20	1000010010	4.46670E+20
1.46766E+03	1000010010	9.58010E+18	1000010010	9.58010E+18
1.74723E+03	1000010010	2.14153E+19	1000010010	2.14153E+19
1.73420E+03	1000010010	7.64492E+19	1000010010	7.64492E+19
2.68960E+03	1000010010	9.34321E+18	1000010010	9.34321E+18
2.73130E+02	1000010010	3.45432E+21	1000010010	3.45432E+21
3.15337E+02	1000010010	9.04832E+18	1000010010	9.04832E+18
2.26599E+01	1000010010	8.44752E+18	1000010010	8.44752E+18
4.78732E+02	1000010010	8.10224E+18	1000010010	8.10224E+18
7.74130E+02	1000010010	1.08141E+21	1000010010	1.08141E+21
1.74735E+03	1000010010	4.34154E+19	1000010010	4.34154E+19
2.29873E+03	1000010010	2.30036E+19	1000010010	2.30036E+19
8.08286E+02	1000010010	1.02763E+19	1000010010	1.02763E+19
9.84549E+02	1000010010	7.49192E+18	1000010010	7.49192E+18
3.37502E+02	1000010010	3.09239E+19	1000010010	3.09239E+19
1.33858E+03	1000010010	7.29013E+18	1000010010	7.29013E+18
2.42566E+03	1000010010	7.47256E+18	1000010010	7.47256E+18
3.85370E+02	1000010010	1.10319E+19	1000010010	1.10319E+19
3.10184E+03	1000010010	6.82242E+18	1000010010	6.82242E+18
1.15455E+03	1000010010	8.27779E+18	1000010010	8.27779E+18
4.06301E+03	1000010010	8.82186E+18	1000010010	8.82186E+18
4.94785E+02	1000010010	1.98993E+19	1000010010	1.98993E+19
4.33914E+03	1000010010	1.56010E+19	1000010010	1.56010E+19
1.55634E+03	1000010010	6.24570E+18	1000010010	6.24570E+18
1.28512E+03	1000010010	1.12509E+19	1000010010	1.12509E+19
4.18311E+03	1000010010	6.51736E+19	1000010010	6.51736E+19
3.71933E+03	1000010010	7.64224E+18	1000010010	7.64224E+18
3.69394E+03	1000010010	1.35059E+20	1000010010	1.35059E+20
2.40608E+02	1000010010	1.62571E+19	1000010010	1.62571E+19
3.09817E+03	1000010010	2.81095E+19	1000010010	2.81095E+19
3.66512E+03	1000010010	8.20802E+18	1000010010	8.20802E+18
1.51095E+02	1000010010	3.37167E+19	1000010010	3.37167E+19
2.09900E+03	1000010010	1.54452E+19	1000010010	1.54452E+19
2.75439E+02	1000010010	4.86190E+19	1000010010	4.86190E+19
8.42398E+02	1000010010	1.93094E+19	1000010010	1.93094E+19
1.40154E+03	1000010010	6.42300E+18	1000010010	6.42300E+18
3.43302E+03	1000010010	3.06827E+19	1000010010	3.06827E+19
2.28495E+03	1000010010	2.87037E+19	1000010010	2.87037E+19
2.50356E+03	1000010010	1.84496E+19	1000010010	1.84496E+19
1.87091E+03	1000010010	8.02318E+18	1000010010	8.02318E+18
2.35274E+03	1000010010	7.86572E+18	1000010010	7.86572E+18
3.03207E+02	1000010010	9.45397E+18	1000010010	9.45397E+18
2.75144E+03	1000010010	8.45178E+18	1000010010	8.45178E+18
1.36596E+02	1000010010	6.42244E+19	1000010010	6.42244E+19
8.06841E+02	1000010010	8.06542E+19	1000010010	8.06542E+19
1.06599E+03	1000010010	1.70484E+19	1000010010	1.70484E+19
4.23102E+03	1000010010	1.25644E+19	1000010010	1.25644E+19
1.73030E+03	1000010010	1.18273E+19	1000010010	1.18273E+19
1.34346E+03	1000010010	2.70586E+19	1000010010	2.70586E+19
3.69905E+03	1000010010	1.15177E+20	1000010010	1.15177E+20
7.87692E+02	1000010010	1.85349E+19	1000010010	1.85349E+19
3.00904E+03	1000010010	3.25093E+19	1000010010	3.25093E+19
4.36976E+03	1000010010	1.15984E+19	1000010010	1.15984E+19
4.75473E+02	1000010010	4.58124E+19	1000010010	4.58124E+19
1.03918E+03	1000010010	1.51574E+20	1000010010	1.51574E+20
4.53542E+03	1000010010	9.38438E+18	1000010010	9.38438E+18
3.03502E+03	1000010010	1.06823E+19	1000010010	1.06823E+19
3.82241E+03	1000010010	7.76366E+18	1000010010	7.76366E+18
1.91745E+03	1000010010	1.19125E+19	1000010010	1.19125E+19
1.41991E+03	1000010010	7.29444E+18	1000010010	7.29444E+18
3.30201E+03	1000010010	8.88573E+18	1000010010	8.88573E+18
4.33611E+03	1000010010	4.38902E+19	1000010010	4.38902E+19
3.51936E+03	1000010010	6.72797E+18	1000010010	6.72797E+18
8.64788E+02	1000010010	7.02094E+18	1000010010	7.02094E+18
1.00846E+03	1000010010	1.45363E+19	1000010010	1.45363E+19
1.64305E+03	1000010010	2.10496E+19	1000010010	2.10496E+19
1.79892E+03	1000010010	1.04594E+19	1000010010	1.04594E+19
3.35164E+03	1000010010	6.31278E+18	1000010010	6.31278E+18
5.83321E+02	1000010010	1.88322E+19	1000010010	1.88322E+19
5.23028E+03	1000010010	6.90527E+18	1000010010	6.90527E+18
8.17453E+02	1000010010	3.17788E+19	1000010010	3.17788E+19
4.63382E+03	1000010010	2.24945E+19	1000010010	2.24945E+19
2.65134E+03	1000010010	1.12504E+19	1000010010	1.12504E+19
8.79174E+02	1000010010	8.38195E+18	1000010010	8.38195E+18
9.99774E+02	1000010010	4.76537E+19	1000010010	4.76537E+19
3.63491E+03	1000010010	1.06904E+19	1000010010	1.06904E+19
1.98632E+03	1000010010	8.84060E+18	1000010010	8.84060E+18
1.60441E+02	1000010010	1.26695E+19	1000010010	1.26695E+19
9.59236E+02	1000010010	1.15084E+19	1000010010	1.15084E+19
3.03110E+03	1000010010	9.69303E+18	1000010010	9.69303E+18
1.11914E+03	1000010010	1.41314E+19	1000010010	1.41314E+19
8.38802E+02	1000010010	1.63201E+19	1000010010	1.63201E+19
2.77225E+03	1000010010	9.61806E+18	1000010010	9.61806E+18
5.22564E+03	1000010010	9.62474E+18	1000010010	9.62474E+18
1.08008E+03	1000010010	1.63252E+19	1000010010	1.63252E+19
1.88290E+03	1000010010	2.90486E+19	1000010010	2.90486E+19
1.23365E+03	1000010010	3.40800E+19	1000010010	3.40800E+19
8.80202E+02	1000010010	1.21389E+19	1000010010	1.21389E+19
2.60910E+03	1000010010	9.36277E+18	1000010010	9.36277E+18
4.96869E+03	1000010010	5.05244E+19	1000010010	5.05244E+19
5.15334E+02	1000010010	9.06864E+18	1000010010	9.06864E+18
1.55577E+02	1000010010	8.04271E+18	1000010010	8.04271E+18
2.12569E+03	1000010010	6.48967E+19	1000010010	6.48967E+19
3.27911E+03	1000010010	8.32824E+18	1000010010	8.32824E+18
1.55831E+03	1000010010	6.34414E+18	1000010010	6.34414E+18
4.87099E+03	1000010010	7.93208E+18	1000010010	7.93208E+18
4.64646E+03	1000010010	1.03302E+19	1000010010	1.03302E+19
1.65697E+03	1000010010	3.11752E+19	1000010010	3.11752E+19
1.48693E+03	1000010010	8.07773E+18	1000010010	8.07773E+18
3.48215E+03	1000010010	1.14863E+19	1000010010	1.14863E+19
3.44691E+01	1000010010	2.50199E+19	1000010010	2.50199E+19
3.68427E+03	1000010010	7.91331E+18	1000010010	7.91331E+18
9.55413E+02	1000010010	3.55249E+19	1000010010	3.55249E+19
2.50842E+03	1000010010	1.18595E+19	1000010010	1.18595E+19
3.02042E+03	1000010010	1.06397E+19	1000010010	1.06397E+19
