#	D	ID	E	ID0	E0
#
# D             Trajectory length [1 Mpc]
# ID/ID0/ID1    Particle type (PDG MC numbering scheme)
# E/E0/E1       Energy [1 EeV]
# no index = current, 0 = at source, 1 = at point of creation
#
# CRPropa version: -128-NOTFOUND
#
1.71887E+03	1000010010	1.22693E+20	1000010010	1.22693E+20
3.91339E+02	1000010010	1.16098E+20	1000010010	1.16098E+20
7.27283E+02	1000010010	4.52145E+21	1000010010	4.52145E+21
1.25600E+02	1000010010	3.42562E+19	1000010010	3.42562E+19
1.26806E+03	1000010010	2.84818E+20	1000010010	2.84818E+20
2.64765E+02	1000010010	6.21835E+20	1000010010	6.21835E+20
2.87123E+02	1000010010	2.54764E+20	1000010010	2.54764E+20
3.09479E+03	1000010010	2.07585E+20	1000010010	2.07585E+20
2.06541E+03	1000010010	1.76256E+21	1000010010	1.76256E+21
2.08057E+03	1000010010	1.86913E+19	1000010010	1.86913E+19
1.95716E+03	1000010010	3.38533E+19	1000010010	3.38533E+19
6.56840E+01	1000010010	4.13850E+21	1000010010	4.13850E+21
8.17007E+02	1000010010	1.11594E+20	1000010010	1.11594E+20
4.64818E+02	1000010010	2.10405E+19	1000010010	2.10405E+19
2.40805E+03	1000010010	8.77680E+20	1000010010	8.77680E+20
1.16791E+03	1000010010	8.32113E+18	1000010010	8.32113E+18
1.55831E+03	1000010010	2.72588E+19	1000010010	2.72588E+19
2.41459E+03	1000010010	5.79491E+19	1000010010	5.79491E+19
4.20967E+03	1000010010	6.18502E+20	1000010010	6.18502E+20
1.18940E+03	1000010010	3.15368E+20	1000010010	3.15368E+20
9.55439E+02	1000010010	2.31268E+21	1000010010	2.31268E+21
4.49519E+03	1000010010	9.21425E+19	1000010010	9.21425E+19
4.25535E+03	1000010010	1.52668E+20	1000010010	1.52668E+20
3.54792E+03	1000010010	2.79083E+20	1000010010	2.79083E+20
1.42698E+03	1000010010	2.92411E+19	1000010010	2.92411E+19
2.97194E+03	1000010010	2.47507E+21	1000010010	2.47507E+21
9.60780E+02	1000010010	1.07871E+21	1000010010	1.07871E+21
6.94479E+02	1000010010	3.22011E+19	1000010010	3.22011E+19
3.15050E+03	1000010010	3.12027E+20	1000010010	3.12027E+20
9.48816E+01	1000010010	1.18181E+19	1000010010	1.18181E+19
4.24798E+03	1000010010	7.32795E+19	1000010010	7.32795E+19
2.03206E+03	1000010010	2.13892E+20	1000010010	2.13892E+20
3.72842E+03	1000010010	1.31383E+19	1000010010	1.31383E+19
2.58873E+03	1000010010	4.31203E+19	1000010010	4.31203E+19
2.91243E+03	1000010010	2.76539E+20	1000010010	2.76539E+20
4.68788E+03	1000010010	7.28050E+19	1000010010	7.28050E+19
2.46834E+03	1000010010	4.99792E+19	1000010010	4.99792E+19
2.94206E+03	1000010010	7.06105E+18	1000010010	7.06105E+18
1.68026E+03	1000010010	7.43793E+18	1000010010	7.43793E+18
2.99230E+03	1000010010	6.71456E+20	1000010010	6.71456E+20
3.65036E+02	1000010010	1.32442E+19	1000010010	1.32442E+19
3.11462E+03	1000010010	6.46927E+19	1000010010	6.46927E+19
1.15367E+03	1000010010	7.06994E+19	1000010010	7.06994E+19
4.76917E+02	1000010010	1.55265E+20	1000010010	1.55265E+20
9.66686E+02	1000010010	3.44121E+20	1000010010	3.44121E+20
3.08056E+03	1000010010	1.59407E+19	1000010010	1.59407E+19
1.84981E+02	1000010010	3.76857E+21	1000010010	3.76857E+21
2.00361E+02	1000010010	1.49453E+19	1000010010	1.49453E+19
3.01464E+03	1000010010	6.12065E+20	1000010010	6.12065E+20
3.29371E+03	1000010010	7.78648E+20	1000010010	7.78648E+20
8.50235E+02	1000010010	2.12698E+20	1000010010	2.12698E+20
1.30801E+03	1000010010	2.32751E+21	1000010010	2.32751E+21
2.51660E+03	1000010010	2.98428E+20	1000010010	2.98428E+20
5.48808E+02	1000010010	4.89419E+20	1000010010	4.89419E+20
5.79514E+01	1000010010	3.71998E+19	1000010010	3.71998E+19
1.26160E+03	1000010010	1.42204E+21	1000010010	1.42204E+21
2.65807E+03	1000010010	6.29009E+20	1000010010	6.29009E+20
2.70927E+03	1000010010	2.32157E+20	1000010010	2.32157E+20
2.08421E+03	1000010010	3.49506E+21	1000010010	3.49506E+21
1.24591E+03	1000010010	6.95529E+20	1000010010	6.95529E+20
1.99791E+03	1000010010	6.33528E+19	1000010010	6.33528E+19
3.98740E+03	1000010010	2.58031E+20	1000010010	2.58031E+20
9.04511E+02	1000010010	1.72520E+21	1000010010	1.72520E+21
2.20876E+03	1000010010	3.09794E+21	1000010010	3.09794E+21
2.81932E+03	1000010010	1.17131E+20	1000010010	1.17131E+20
1.40477E+03	1000010010	1.26785E+19	1000010010	1.26785E+19
1.22825E+03	1000010010	5.72914E+21	1000010010	5.72914E+21
7.66524E+01	1000010010	8.15300E+18	1000010010	8.15300E+18
1.10124E+03	1000010010	1.40413E+20	1000010010	1.40413E+20
1.69452E+03	1000010010	7.59656E+20	1000010010	7.59656E+20
7.86877E+02	1000010010	2.79110E+19	1000010010	2.79110E+19
1.33852E+03	1000010010	9.44504E+19	1000010010	9.44504E+19
2.91321E+03	1000010010	1.57358E+21	1000010010	1.57358E+21
1.12054E+03	1000010010	1.82730E+20	1000010010	1.82730E+20
1.89350E+03	1000010010	1.60595E+21	1000010010	1.60595E+21
1.74863E+03	1000010010	9.09483E+18	1000010010	9.09483E+18
1.02723E+03	1000010010	7.02172E+18	1000010010	7.02172E+18
3.67780E+03	1000010010	4.27078E+20	1000010010	4.27078E+20
8.12415E+02	1000010010	2.02851E+20	1000010010	2.02851E+20
1.13195E+03	1000010010	6.95840E+18	1000010010	6.95840E+18
1.08960E+03	1000010010	5.94514E+19	1000010010	5.94514E+19
4.93661E+03	1000010010	2.38956E+19	1000010010	2.38956E+19
4.12960E+02	1000010010	4.42212E+19	1000010010	4.42212E+19
4.54885E+03	1000010010	1.35598E+19	1000010010	1.35598E+19
1.42585E+03	1000010010	2.77793E+19	1000010010	2.77793E+19
1.27417E+03	1000010010	2.87601E+19	1000010010	2.87601E+19
3.42464E+03	1000010010	2.89724E+21	1000010010	2.89724E+21
2.25122E+03	1000010010	5.32087E+19	1000010010	5.32087E+19
1.25897E+03	1000010010	4.88421E+20	1000010010	4.88421E+20
1.50383E+03	1000010010	1.32677E+20	1000010010	1.32677E+20
2.71136E+03	1000010010	1.15224E+21	1000010010	1.15224E+21
5.00151E+03	1000010010	1.10773E+21	1000010010	1.10773E+21
7.39841E+02	1000010010	9.05235E+19	1000010010	9.05235E+19
1.81062E+03	1000010010	2.56171E+19	1000010010	2.56171E+19
8.28630E+02	1000010010	1.49949E+20	1000010010	1.49949E+20
4.90617E+03	1000010010	8.52052E+20	1000010010	8.52052E+20
2.70146E+03	1000010010	4.83408E+21	1000010010	4.83408E+21
4.64736E+03	1000010010	2.06463E+20	1000010010	2.06463E+20
1.48725E+03	1000010010	5.94178E+20	1000010010	5.94178E+20
1.51987E+03	1000010010	1.45377E+21	1000010010	1.45377E+21
2.13856E+03	1000010010	3.11038E+19	1000010010	3.11038E+19
9.73694E+02	1000010010	1.06506E+21	1000010010	1.06506E+21
2.31815E+03	1000010010	1.43038E+19	1000010010	1.43038E+19
1.88110E+03	1000010010	4.84051E+20	1000010010	4.84051E+20
3.49188E+02	1000010010	4.52131E+21	1000010010	4.52131E+21
2.11048E+03	1000010010	1.51638E+21	1000010010	1.51638E+21
2.42704E+03	1000010010	1.57592E+19	1000010010	1.57592E+19
2.19115E+02	1000010010	1.88126E+20	1000010010	1.88126E+20
5.03710E+03	1000010010	1.95044E+20	1000010010	1.95044E+20
2.91615E+03	1000010010	1.50970E+21	1000010010	1.50970E+21
1.22723E+03	1000010010	3.50407E+20	1000010010	3.50407E+20
5.06004E+03	1000010010	9.19547E+20	1000010010	9.19547E+20
5.12605E+03	1000010010	6.73257E+20	1000010010	6.73257E+20
4.07863E+03	1000010010	2.28580E+21	1000010010	2.28580E+21
1.62228E+03	1000010010	5.85759E+20	1000010010	5.85759E+20
2.55492E+02	1000010010	8.00898E+18	1000010010	8.00898E+18
1.52205E+03	1000010010	3.98996E+20	1000010010	3.98996E+20
3.41913E+03	1000010010	2.59345E+19	1000010010	2.59345E+19
3.77201E+03	1000010010	3.20455E+19	1000010010	3.20455E+19
3.95850E+02	1000010010	7.58427E+20	1000010010	7.58427E+20
2.77145E+03	1000010010	1.56921E+20	1000010010	1.56921E+20
2.21267E+03	1000010010	5.54020E+21	1000010010	5.54020E+21
2.48613E+03	1000010010	2.77759E+21	1000010010	2.77759E+21
1.49503E+02	1000010010	4.29486E+21	1000010010	4.29486E+21
4.65051E+03	1000010010	1.78226E+19	1000010010	1.78226E+19
1.17269E+03	1000010010	1.62856E+19	1000010010	1.62856E+19
1.56382E+03	1000010010	3.59440E+21	1000010010	3.59440E+21
1.95054E+03	1000010010	9.64338E+19	1000010010	9.64338E+19
1.09839E+03	1000010010	1.83715E+21	1000010010	1.83715E+21
3.53517E+03	1000010010	2.71633E+21	1000010010	2.71633E+21
1.15779E+03	1000010010	3.00709E+20	1000010010	3.00709E+20
2.09078E+03	1000010010	3.51031E+21	1000010010	3.51031E+21
2.79389E+03	1000010010	3.06272E+20	1000010010	3.06272E+20
2.31205E+03	1000010010	8.90264E+18	1000010010	8.90264E+18
4.46193E+01	1000010010	9.68190E+19	1000010010	9.68190E+19
3.05197E+03	1000010010	2.12033E+19	1000010010	2.12033E+19
2.75268E+03	1000010010	1.09429E+21	1000010010	1.09429E+21
3.21099E+03	1000010010	3.90627E+20	1000010010	3.90627E+20
1.99652E+03	1000010010	8.65899E+18	1000010010	8.65899E+18
1.72378E+03	1000010010	1.11158E+19	1000010010	1.11158E+19
7.20646E+02	1000010010	2.77619E+20	1000010010	2.77619E+20
3.34946E+03	1000010010	4.33231E+19	1000010010	4.33231E+19
4.41259E+02	1000010010	3.90392E+21	1000010010	3.90392E+21
2.53981E+03	1000010010	3.76014E+21	1000010010	3.76014E+21
4.38776E+03	1000010010	1.43461E+19	1000010010	1.43461E+19
2.33242E+03	1000010010	1.51105E+20	1000010010	1.51105E+20
4.35202E+03	1000010010	9.20356E+18	1000010010	9.20356E+18
5.03770E+03	1000010010	2.17268E+21	1000010010	2.17268E+21
3.71831E+03	1000010010	8.76461E+18	1000010010	8.76461E+18
3.95089E+03	1000010010	6.70488E+20	1000010010	6.70488E+20
4.99566E+02	1000010010	5.41167E+21	1000010010	5.41167E+21
1.21348E+03	1000010010	4.46887E+19	1000010010	4.46887E+19
3.00049E+03	1000010010	3.53034E+20	1000010010	3.53034E+20
3.91407E+02	1000010010	8.85401E+19	1000010010	8.85401E+19
4.50543E+03	1000010010	1.88658E+21	1000010010	1.88658E+21
4.50194E+03	1000010010	1.31557E+21	1000010010	1.31557E+21
1.69471E+03	1000010010	1.89867E+19	1000010010	1.89867E+19
1.16049E+03	1000010010	1.64563E+19	1000010010	1.64563E+19
2.90089E+02	1000010010	2.37598E+21	1000010010	2.37598E+21
2.12937E+03	1000010010	2.45462E+19	1000010010	2.45462E+19
4.29622E+03	1000010010	1.38103E+20	1000010010	1.38103E+20
2.42378E+03	1000010010	1.13070E+21	1000010010	1.13070E+21
4.37362E+03	1000010010	2.86492E+19	1000010010	2.86492E+19
3.45363E+03	1000010010	4.37197E+19	1000010010	4.37197E+19
1.75106E+03	1000010010	5.30967E+21	1000010010	5.30967E+21
8.50739E+02	1000010010	2.89347E+19	1000010010	2.89347E+19
5.15012E+02	1000010010	4.26089E+21	1000010010	4.26089E+21
3.15390E+03	1000010010	1.83559E+20	1000010010	1.83559E+20
3.58088E+03	1000010010	2.10225E+20	1000010010	2.10225E+20
2.25552E+03	1000010010	1.60616E+20	1000010010	1.60616E+20
5.21193E+03	1000010010	1.76960E+20	1000010010	1.76960E+20
4.52643E+03	1000010010	4.81601E+21	1000010010	4.81601E+21
4.19344E+03	1000010010	7.67211E+19	1000010010	7.67211E+19
1.54156E+03	1000010010	1.92594E+20	1000010010	1.92594E+20
3.12482E+03	1000010010	5.09394E+21	1000010010	5.09394E+21
3.59613E+03	1000010010	1.08529E+19	1000010010	1.08529E+19
4.07672E+03	1000010010	1.40791E+21	1000010010	1.40791E+21
4.30841E+03	1000010010	7.93137E+20	1000010010	7.93137E+20
2.28882E+03	1000010010	3.02093E+19	1000010010	3.02093E+19
3.87594E+03	1000010010	1.99263E+21	1000010010	1.99263E+21
2.26463E+03	1000010010	2.10800E+21	1000010010	2.10800E+21
8.46401E+02	1000010010	1.65437E+21	1000010010	1.65437E+21
2.43228E+03	1000010010	3.43010E+20	1000010010	3.43010E+20
2.10935E+02	1000010010	4.89757E+20	1000010010	4.89757E+20
8.10608E+01	1000010010	2.87794E+20	1000010010	2.87794E+20
4.65789E+03	1000010010	1.41314E+19	1000010010	1.41314E+19
2.94210E+03	1000010010	2.31202E+19	1000010010	2.31202E+19
3.72297E+03	1000010010	2.82708E+21	1000010010	2.82708E+21
1.94571E+02	1000010010	1.05962E+20	1000010010	1.05962E+20
1.59622E+03	1000010010	3.18286E+21	1000010010	3.18286E+21
4.83443E+03	1000010010	2.92552E+19	1000010010	2.92552E+19
2.34750E+03	1000010010	1.35590E+21	1000010010	1.35590E+21
2.75749E+03	1000010010	5.53509E+20	1000010010	5.53509E+20
3.02093E+03	1000010010	5.05797E+19	1000010010	5.05797E+19
8.20147E+02	1000010010	6.28876E+20	1000010010	6.28876E+20
9.04256E+01	1000010010	3.56982E+21	1000010010	3.56982E+21
2.52383E+02	1000010010	1.27309E+19	1000010010	1.27309E+19
4.21112E+03	1000010010	6.13396E+19	1000010010	6.13396E+19
1.46368E+03	1000010010	8.66927E+19	1000010010	8.66927E+19
2.46768E+03	1000010010	4.25586E+20	1000010010	4.25586E+20
1.97601E+03	1000010010	3.16518E+21	1000010010	3.16518E+21
4.14723E+03	1000010010	1.24375E+21	1000010010	1.24375E+21
1.29574E+03	1000010010	1.28993E+20	1000010010	1.28993E+20
3.57420E+03	1000010010	9.93178E+19	1000010010	9.93178E+19
4.99964E+02	1000010010	2.36057E+21	1000010010	2.36057E+21
9.32441E+02	1000010010	1.01989E+20	1000010010	1.01989E+20
5.30125E+03	1000010010	3.74473E+20	1000010010	3.74473E+20
3.67894E+02	1000010010	3.10134E+19	1000010010	3.10134E+19
2.96115E+02	1000010010	1.15930E+20	1000010010	1.15930E+20
1.36183E+03	1000010010	7.36182E+20	1000010010	7.36182E+20
2.63124E+03	1000010010	4.11037E+21	1000010010	4.11037E+21
1.95989E+03	1000010010	4.62270E+19	1000010010	4.62270E+19
5.73084E+02	1000010010	3.62677E+19	1000010010	3.62677E+19
1.58399E+03	1000010010	2.21946E+21	1000010010	2.21946E+21
5.57650E+02	1000010010	1.16488E+19	1000010010	1.16488E+19
2.65468E+03	1000010010	3.21185E+21	1000010010	3.21185E+21
1.60703E+03	1000010010	1.04953E+19	1000010010	1.04953E+19
2.05005E+03	1000010010	1.09996E+19	1000010010	1.09996E+19
2.51760E+03	1000010010	7.20831E+20	1000010010	7.20831E+20
3.37642E+01	1000010010	4.00826E+20	1000010010	4.00826E+20
3.16135E+03	1000010010	2.37674E+19	1000010010	2.37674E+19
1.92449E+03	1000010010	5.68940E+19	1000010010	5.68940E+19
4.28611E+03	1000010010	2.00445E+19	1000010010	2.00445E+19
3.14416E+03	1000010010	3.63228E+20	1000010010	3.63228E+20
9.93444E+02	1000010010	4.87108E+20	1000010010	4.87108E+20
4.36159E+03	1000010010	1.59840E+21	1000010010	1.59840E+21
1.53386E+03	1000010010	1.02854E+20	1000010010	1.02854E+20
3.69232E+03	1000010010	3.22726E+20	1000010010	3.22726E+20
3.53504E+03	1000010010	3.19312E+19	1000010010	3.19312E+19
3.74132E+03	1000010010	1.78672E+21	1000010010	1.78672E+21
7.12990E+02	1000010010	7.44021E+18	1000010010	7.44021E+18
2.18288E+03	1000010010	5.12382E+20	1000010010	5.12382E+20
1.14339E+03	1000010010	1.25031E+19	1000010010	1.25031E+19
2.32984E+03	1000010010	7.12679E+18	1000010010	7.12679E+18
2.98485E+03	1000010010	2.78407E+19	1000010010	2.78407E+19
1.11247E+03	1000010010	1.25343E+21	1000010010	1.25343E+21
6.08992E+01	1000010010	3.17516E+19	1000010010	3.17516E+19
1.14882E+03	1000010010	5.17426E+20	1000010010	5.17426E+20
1.16275E+03	1000010010	1.11979E+20	1000010010	1.11979E+20
4.13520E+03	1000010010	7.20782E+20	1000010010	7.20782E+20
3.72157E+03	1000010010	3.03154E+21	1000010010	3.03154E+21
7.62401E+02	1000010010	4.83257E+19	1000010010	4.83257E+19
2.80297E+02	1000010010	8.63676E+20	1000010010	8.63676E+20
7.39806E+02	1000010010	5.22044E+20	1000010010	5.22044E+20
6.21589E+02	1000010010	6.94996E+19	1000010010	6.94996E+19
1.39324E+03	1000010010	7.18134E+20	1000010010	7.18134E+20
1.02031E+03	1000010010	3.74144E+20	1000010010	3.74144E+20
3.92273E+03	1000010010	6.69228E+20	1000010010	6.69228E+20
3.44754E+03	1000010010	1.03462E+19	1000010010	1.03462E+19
1.18101E+03	1000010010	7.35022E+20	1000010010	7.35022E+20
4.36605E+03	1000010010	2.70649E+20	1000010010	2.70649E+20
3.62702E+03	1000010010	4.96304E+21	1000010010	4.96304E+21
3.75597E+03	1000010010	2.16438E+20	1000010010	2.16438E+20
9.17305E+02	1000010010	1.58387E+21	1000010010	1.58387E+21
1.03194E+02	1000010010	3.76398E+21	1000010010	3.76398E+21
1.18874E+03	1000010010	4.71435E+21	1000010010	4.71435E+21
4.41127E+03	1000010010	2.46868E+19	1000010010	2.46868E+19
3.46169E+03	1000010010	4.86599E+20	1000010010	4.86599E+20
2.52382E+03	1000010010	2.93578E+20	1000010010	2.93578E+20
3.75404E+03	1000010010	1.81917E+21	1000010010	1.81917E+21
3.16308E+03	1000010010	5.94588E+20	1000010010	5.94588E+20
3.15049E+03	1000010010	4.21639E+21	1000010010	4.21639E+21
5.17179E+03	1000010010	6.07178E+20	1000010010	6.07178E+20
1.82543E+03	1000010010	4.25767E+19	1000010010	4.25767E+19
1.23911E+03	1000010010	1.26403E+19	1000010010	1.26403E+19
1.12448E+03	1000010010	6.43821E+19	1000010010	6.43821E+19
3.32988E+03	1000010010	1.28825E+19	1000010010	1.28825E+19
4.82142E+03	1000010010	3.53247E+19	1000010010	3.53247E+19
1.55791E+03	1000010010	5.60068E+21	1000010010	5.60068E+21
4.18572E+03	1000010010	6.47419E+18	1000010010	6.47419E+18
3.00490E+03	1000010010	1.25205E+20	1000010010	1.25205E+20
1.69214E+03	1000010010	1.39713E+21	1000010010	1.39713E+21
4.10646E+03	1000010010	2.11655E+21	1000010010	2.11655E+21
3.16255E+03	1000010010	4.67259E+21	1000010010	4.67259E+21
1.37171E+03	1000010010	4.02768E+20	1000010010	4.02768E+20
2.80559E+03	1000010010	3.83940E+20	1000010010	3.83940E+20
3.17320E+02	1000010010	1.22808E+19	1000010010	1.22808E+19
3.41988E+03	1000010010	2.06444E+19	1000010010	2.06444E+19
2.35862E+03	1000010010	4.94790E+19	1000010010	4.94790E+19
1.11868E+03	1000010010	6.15381E+19	1000010010	6.15381E+19
2.46873E+03	1000010010	4.35736E+21	1000010010	4.35736E+21
1.35237E+03	1000010010	1.25951E+19	1000010010	1.25951E+19
3.19492E+02	1000010010	7.52610E+20	1000010010	7.52610E+20
9.86475E+02	1000010010	3.41175E+20	1000010010	3.41175E+20
4.22262E+03	1000010010	7.48952E+18	1000010010	7.48952E+18
2.87178E+02	1000010010	8.32221E+18	1000010010	8.32221E+18
3.88513E+02	1000010010	1.82628E+19	1000010010	1.82628E+19
2.79680E+03	1000010010	1.56770E+21	1000010010	1.56770E+21
6.44086E+02	1000010010	6.44723E+20	1000010010	6.44723E+20
5.20823E+03	1000010010	4.53900E+19	1000010010	4.53900E+19
5.25164E+03	1000010010	8.19745E+19	1000010010	8.19745E+19
9.41315E+02	1000010010	5.51450E+21	1000010010	5.51450E+21
1.40579E+02	1000010010	2.92105E+20	1000010010	2.92105E+20
6.92064E+02	1000010010	4.54147E+20	1000010010	4.54147E+20
1.30779E+03	1000010010	9.83834E+19	1000010010	9.83834E+19
3.37190E+03	1000010010	6.21133E+20	1000010010	6.21133E+20
2.38578E+03	1000010010	1.30212E+20	1000010010	1.30212E+20
3.57942E+03	1000010010	1.03098E+19	1000010010	1.03098E+19
1.88758E+03	1000010010	5.19912E+19	1000010010	5.19912E+19
4.63384E+03	1000010010	6.98477E+18	1000010010	6.98477E+18
3.34034E+03	1000010010	3.88353E+21	1000010010	3.88353E+21
1.95766E+03	1000010010	7.84971E+18	1000010010	7.84971E+18
7.06182E+02	1000010010	1.69741E+20	1000010010	1.69741E+20
2.25984E+03	1000010010	6.59308E+18	1000010010	6.59308E+18
7.82790E+02	1000010010	7.84272E+20	1000010010	7.84272E+20
3.00215E+03	1000010010	1.00429E+20	1000010010	1.00429E+20
3.94053E+02	1000010010	2.37511E+20	1000010010	2.37511E+20
9.24275E+02	1000010010	2.21436E+19	1000010010	2.21436E+19
5.18857E+03	1000010010	6.69389E+18	1000010010	6.69389E+18
6.09027E+02	1000010010	6.68205E+18	1000010010	6.68205E+18
1.91247E+03	1000010010	2.97266E+21	1000010010	2.97266E+21
1.22975E+02	1000010010	5.72240E+19	1000010010	5.72240E+19
5.16654E+02	1000010010	1.01621E+20	1000010010	1.01621E+20
6.09890E+02	1000010010	4.65599E+19	1000010010	4.65599E+19
2.36010E+02	1000010010	7.08824E+20	1000010010	7.08824E+20
3.46227E+03	1000010010	1.89601E+21	1000010010	1.89601E+21
8.39441E+02	1000010010	2.98229E+21	1000010010	2.98229E+21
3.61350E+03	1000010010	2.99317E+19	1000010010	2.99317E+19
3.77897E+03	1000010010	2.00372E+20	1000010010	2.00372E+20
3.73273E+03	1000010010	1.82975E+20	1000010010	1.82975E+20
1.81944E+03	1000010010	2.21372E+19	1000010010	2.21372E+19
3.60444E+03	1000010010	1.80897E+21	1000010010	1.80897E+21
1.23647E+03	1000010010	1.17440E+20	1000010010	1.17440E+20
2.77599E+03	1000010010	1.43386E+21	1000010010	1.43386E+21
9.39369E+02	1000010010	6.52319E+18	1000010010	6.52319E+18
6.93686E+02	1000010010	3.87981E+20	1000010010	3.87981E+20
1.18973E+03	1000010010	2.66210E+19	1000010010	2.66210E+19
6.96472E+02	1000010010	1.61514E+20	1000010010	1.61514E+20
3.50120E+03	1000010010	8.27352E+20	1000010010	8.27352E+20
3.22076E+03	1000010010	7.95451E+20	1000010010	7.95451E+20
6.65019E+02	1000010010	2.89328E+19	1000010010	2.89328E+19
2.54565E+03	1000010010	2.03492E+19	1000010010	2.03492E+19
1.46143E+03	1000010010	3.81051E+21	1000010010	3.81051E+21
1.25332E+03	1000010010	1.31191E+21	1000010010	1.31191E+21
3.94726E+03	1000010010	5.12028E+19	1000010010	5.12028E+19
3.55688E+03	1000010010	6.66039E+20	1000010010	6.66039E+20
3.41239E+03	1000010010	3.16716E+21	1000010010	3.16716E+21
2.74092E+02	1000010010	9.16846E+19	1000010010	9.16846E+19
1.89093E+03	1000010010	2.12373E+20	1000010010	2.12373E+20
2.37186E+03	1000010010	1.11431E+20	1000010010	1.11431E+20
2.99078E+03	1000010010	4.14384E+21	1000010010	4.14384E+21
5.25062E+03	1000010010	1.75696E+19	1000010010	1.75696E+19
7.62955E+02	1000010010	1.53835E+21	1000010010	1.53835E+21
5.27888E+03	1000010010	3.90822E+21	1000010010	3.90822E+21
1.01855E+03	1000010010	9.46018E+19	1000010010	9.46018E+19
5.19722E+03	1000010010	4.78342E+19	1000010010	4.78342E+19
3.55891E+03	1000010010	2.81161E+20	1000010010	2.81161E+20
2.95556E+03	1000010010	1.31290E+21	1000010010	1.31290E+21
2.39551E+03	1000010010	1.19312E+19	1000010010	1.19312E+19
4.29521E+03	1000010010	1.54765E+19	1000010010	1.54765E+19
3.08564E+03	1000010010	3.28049E+19	1000010010	3.28049E+19
2.09390E+03	1000010010	1.37031E+19	1000010010	1.37031E+19
2.32379E+03	1000010010	2.28724E+21	1000010010	2.28724E+21
2.17246E+03	1000010010	3.47415E+21	1000010010	3.47415E+21
1.96578E+03	1000010010	7.42578E+18	1000010010	7.42578E+18
3.64196E+03	1000010010	8.34814E+19	1000010010	8.34814E+19
1.28257E+03	1000010010	1.65989E+20	1000010010	1.65989E+20
3.70877E+03	1000010010	3.22132E+20	1000010010	3.22132E+20
1.48398E+03	1000010010	7.73580E+18	1000010010	7.73580E+18
4.51716E+03	1000010010	3.51327E+20	1000010010	3.51327E+20
2.22338E+03	1000010010	1.75498E+20	1000010010	1.75498E+20
2.66870E+03	1000010010	1.70569E+19	1000010010	1.70569E+19
8.97917E+02	1000010010	5.25899E+20	1000010010	5.25899E+20
4.21463E+03	1000010010	1.59823E+21	1000010010	1.59823E+21
1.11906E+03	1000010010	2.96736E+19	1000010010	2.96736E+19
5.97768E+02	1000010010	7.24615E+19	1000010010	7.24615E+19
1.30720E+03	1000010010	1.14659E+19	1000010010	1.14659E+19
2.60521E+03	1000010010	5.69364E+20	1000010010	5.69364E+20
2.37268E+03	1000010010	1.39104E+20	1000010010	1.39104E+20
4.94972E+03	1000010010	4.31743E+20	1000010010	4.31743E+20
1.38899E+03	1000010010	3.57244E+20	1000010010	3.57244E+20
2.78735E+03	1000010010	4.86327E+21	1000010010	4.86327E+21
1.66673E+03	1000010010	1.67283E+21	1000010010	1.67283E+21
5.11832E+03	1000010010	1.92834E+20	1000010010	1.92834E+20
2.91869E+03	1000010010	1.57043E+20	1000010010	1.57043E+20
3.57398E+03	1000010010	4.61288E+19	1000010010	4.61288E+19
4.16015E+03	1000010010	5.27163E+21	1000010010	5.27163E+21
1.66757E+03	1000010010	8.19792E+20	1000010010	8.19792E+20
2.21530E+03	1000010010	7.48927E+20	1000010010	7.48927E+20
2.90435E+03	1000010010	3.42741E+21	1000010010	3.42741E+21
1.27095E+03	1000010010	6.27025E+18	1000010010	6.27025E+18
1.47365E+03	1000010010	1.73559E+21	1000010010	1.73559E+21
4.25860E+03	1000010010	1.71868E+20	1000010010	1.71868E+20
2.08920E+03	1000010010	4.37502E+21	1000010010	4.37502E+21
2.71397E+03	1000010010	1.48308E+20	1000010010	1.48308E+20
3.13195E+03	1000010010	8.38741E+20	1000010010	8.38741E+20
1.15714E+03	1000010010	6.64362E+19	1000010010	6.64362E+19
2.30690E+03	1000010010	1.94669E+20	1000010010	1.94669E+20
3.50692E+03	1000010010	1.73634E+20	1000010010	1.73634E+20
3.42167E+01	1000010010	8.26990E+18	1000010010	8.26990E+18
1.08997E+03	1000010010	1.20410E+20	1000010010	1.20410E+20
2.59596E+03	1000010010	3.78708E+20	1000010010	3.78708E+20
2.61918E+03	1000010010	1.09013E+21	1000010010	1.09013E+21
7.29005E+02	1000010010	1.32487E+20	1000010010	1.32487E+20
5.20346E+03	1000010010	1.71287E+19	1000010010	1.71287E+19
3.38800E+02	1000010010	4.86109E+19	1000010010	4.86109E+19
3.18656E+03	1000010010	6.86028E+19	1000010010	6.86028E+19
2.13396E+03	1000010010	6.11218E+19	1000010010	6.11218E+19
4.09942E+03	1000010010	1.48964E+21	1000010010	1.48964E+21
5.20787E+03	1000010010	5.73691E+19	1000010010	5.73691E+19
6.17306E+02	1000010010	9.64015E+18	1000010010	9.64015E+18
3.07221E+03	1000010010	5.63937E+19	1000010010	5.63937E+19
3.93055E+02	1000010010	1.56978E+20	1000010010	1.56978E+20
3.99501E+02	1000010010	1.32869E+21	1000010010	1.32869E+21
1.81247E+03	1000010010	4.76108E+21	1000010010	4.76108E+21
7.49121E+02	1000010010	1.92944E+20	1000010010	1.92944E+20
1.06008E+03	1000010010	1.65899E+21	1000010010	1.65899E+21
2.86183E+03	1000010010	6.39281E+20	1000010010	6.39281E+20
2.86229E+02	1000010010	4.58652E+20	1000010010	4.58652E+20
1.40857E+03	1000010010	1.15145E+20	1000010010	1.15145E+20
9.89939E+02	1000010010	1.13234E+19	1000010010	1.13234E+19
8.86102E+02	1000010010	4.82934E+20	1000010010	4.82934E+20
2.65736E+03	1000010010	1.99331E+20	1000010010	1.99331E+20
2.41902E+03	1000010010	4.48900E+21	1000010010	4.48900E+21
4.43276E+03	1000010010	2.85134E+19	1000010010	2.85134E+19
2.93456E+03	1000010010	1.00670E+19	1000010010	1.00670E+19
1.96259E+03	1000010010	4.61790E+21	1000010010	4.61790E+21
3.59415E+03	1000010010	6.98030E+19	1000010010	6.98030E+19
3.47003E+03	1000010010	2.78992E+19	1000010010	2.78992E+19
6.83566E+02	1000010010	1.89222E+20	1000010010	1.89222E+20
4.39287E+03	1000010010	5.70930E+21	1000010010	5.70930E+21
2.42574E+02	1000010010	4.84101E+19	1000010010	4.84101E+19
3.49840E+03	1000010010	1.83628E+21	1000010010	1.83628E+21
3.61517E+03	1000010010	8.88078E+18	1000010010	8.88078E+18
2.56398E+03	1000010010	2.40041E+19	1000010010	2.40041E+19
5.24130E+02	1000010010	1.01414E+20	1000010010	1.01414E+20
2.68320E+02	1000010010	3.59120E+19	1000010010	3.59120E+19
2.17737E+03	1000010010	2.29305E+21	1000010010	2.29305E+21
2.64099E+03	1000010010	1.19208E+21	1000010010	1.19208E+21
3.16740E+02	1000010010	9.38842E+18	1000010010	9.38842E+18
1.49269E+03	1000010010	1.81957E+20	1000010010	1.81957E+20
4.47218E+03	1000010010	2.24603E+20	1000010010	2.24603E+20
1.98390E+03	1000010010	2.72056E+21	1000010010	2.72056E+21
3.52397E+03	1000010010	8.89068E+18	1000010010	8.89068E+18
1.67906E+03	1000010010	2.26373E+20	1000010010	2.26373E+20
4.05467E+03	1000010010	3.04659E+20	1000010010	3.04659E+20
1.07482E+03	1000010010	2.26816E+20	1000010010	2.26816E+20
4.29455E+02	1000010010	4.95302E+21	1000010010	4.95302E+21
1.03078E+03	1000010010	1.18123E+19	1000010010	1.18123E+19
5.81841E+02	1000010010	5.37534E+19	1000010010	5.37534E+19
1.37403E+03	1000010010	3.78180E+21	1000010010	3.78180E+21
4.38906E+03	1000010010	9.69771E+18	1000010010	9.69771E+18
5.03985E+03	1000010010	1.82393E+20	1000010010	1.82393E+20
9.62063E+02	1000010010	6.74768E+19	1000010010	6.74768E+19
6.22259E+02	1000010010	4.10493E+19	1000010010	4.10493E+19
4.13447E+03	1000010010	4.92269E+19	1000010010	4.92269E+19
1.65750E+03	1000010010	3.88386E+21	1000010010	3.88386E+21
9.89535E+02	1000010010	4.46666E+19	1000010010	4.46666E+19
3.29160E+03	1000010010	2.02144E+21	1000010010	2.02144E+21
2.42068E+03	1000010010	5.34025E+21	1000010010	5.34025E+21
3.47882E+03	1000010010	5.95461E+20	1000010010	5.95461E+20
4.48453E+02	1000010010	1.07664E+21	1000010010	1.07664E+21
3.84233E+03	1000010010	3.25407E+20	1000010010	3.25407E+20
6.79333E+02	1000010010	1.79134E+21	1000010010	1.79134E+21
4.67682E+03	1000010010	6.19559E+20	1000010010	6.19559E+20
2.47590E+03	1000010010	1.30012E+20	1000010010	1.30012E+20
3.82735E+03	1000010010	2.35987E+21	1000010010	2.35987E+21
2.38116E+03	1000010010	4.30643E+21	1000010010	4.30643E+21
6.68049E+02	1000010010	7.81764E+20	1000010010	7.81764E+20
2.30749E+03	1000010010	3.30098E+20	1000010010	3.30098E+20
6.08189E+02	1000010010	6.75883E+18	1000010010	6.75883E+18
1.96972E+03	1000010010	9.56251E+19	1000010010	9.56251E+19
1.59044E+03	1000010010	7.89476E+20	1000010010	7.89476E+20
3.28388E+03	1000010010	2.38044E+21	1000010010	2.38044E+21
1.66163E+03	1000010010	1.85848E+19	1000010010	1.85848E+19
3.51767E+03	1000010010	1.48867E+21	1000010010	1.48867E+21
3.59644E+03	1000010010	8.58334E+19	1000010010	8.58334E+19
1.37789E+03	1000010010	1.82353E+19	1000010010	1.82353E+19
3.00261E+03	1000010010	8.80458E+18	1000010010	8.80458E+18
2.62847E+03	1000010010	7.11738E+18	1000010010	7.11738E+18
5.57065E+02	1000010010	5.23547E+20	1000010010	5.23547E+20
5.28448E+01	1000010010	1.14447E+19	1000010010	1.14447E+19
2.79179E+03	1000010010	9.66186E+18	1000010010	9.66186E+18
3.59622E+03	1000010010	1.82745E+19	1000010010	1.82745E+19
2.60194E+02	1000010010	1.97605E+21	1000010010	1.97605E+21
1.39078E+03	1000010010	1.27703E+21	1000010010	1.27703E+21
3.78410E+03	1000010010	1.17478E+21	1000010010	1.17478E+21
3.94232E+03	1000010010	7.50289E+19	1000010010	7.50289E+19
2.89314E+02	1000010010	1.55993E+19	1000010010	1.55993E+19
1.16822E+03	1000010010	1.33602E+21	1000010010	1.33602E+21
3.40389E+02	1000010010	4.03645E+21	1000010010	4.03645E+21
2.31329E+03	1000010010	4.71865E+19	1000010010	4.71865E+19
2.46471E+03	1000010010	7.43638E+19	1000010010	7.43638E+19
6.95832E+02	1000010010	5.68354E+20	1000010010	5.68354E+20
8.84885E+02	1000010010	1.55227E+19	1000010010	1.55227E+19
4.73883E+03	1000010010	6.79852E+18	1000010010	6.79852E+18
1.33453E+03	1000010010	5.40219E+20	1000010010	5.40219E+20
9.36542E+02	1000010010	5.52809E+21	1000010010	5.52809E+21
1.29985E+03	1000010010	3.83213E+20	1000010010	3.83213E+20
3.88612E+03	1000010010	4.20638E+19	1000010010	4.20638E+19
3.32014E+02	1000010010	1.03663E+19	1000010010	1.03663E+19
2.24440E+03	1000010010	2.40096E+19	1000010010	2.40096E+19
2.75281E+03	1000010010	7.49707E+19	1000010010	7.49707E+19
2.63685E+03	1000010010	3.87371E+20	1000010010	3.87371E+20
1.70564E+03	1000010010	1.99289E+21	1000010010	1.99289E+21
4.24194E+02	1000010010	2.11983E+20	1000010010	2.11983E+20
1.53167E+02	1000010010	1.42394E+19	1000010010	1.42394E+19
2.40161E+03	1000010010	1.33823E+21	1000010010	1.33823E+21
4.05530E+03	1000010010	9.94189E+20	1000010010	9.94189E+20
3.57229E+03	1000010010	1.77912E+19	1000010010	1.77912E+19
5.08784E+03	1000010010	3.22347E+21	1000010010	3.22347E+21
8.86245E+02	1000010010	4.21317E+19	1000010010	4.21317E+19
9.93641E+02	1000010010	1.10458E+21	1000010010	1.10458E+21
4.17464E+03	1000010010	1.40650E+20	1000010010	1.40650E+20
2.71843E+03	1000010010	1.33597E+20	1000010010	1.33597E+20
4.11934E+01	1000010010	7.82504E+18	1000010010	7.82504E+18
6.01684E+02	1000010010	1.37113E+20	1000010010	1.37113E+20
2.02754E+03	1000010010	6.25775E+20	1000010010	6.25775E+20
9.68322E+02	1000010010	2.15087E+21	1000010010	2.15087E+21
6.72616E+02	1000010010	4.85208E+19	1000010010	4.85208E+19
4.70192E+03	1000010010	3.41311E+20	1000010010	3.41311E+20
2.24916E+03	1000010010	2.59530E+21	1000010010	2.59530E+21
4.28462E+03	1000010010	6.51123E+19	1000010010	6.51123E+19
1.33429E+03	1000010010	8.28095E+18	1000010010	8.28095E+18
3.33027E+03	1000010010	3.07782E+19	1000010010	3.07782E+19
2.47781E+03	1000010010	2.30158E+20	1000010010	2.30158E+20
1.86227E+03	1000010010	7.21805E+20	1000010010	7.21805E+20
1.41624E+03	1000010010	1.94775E+19	1000010010	1.94775E+19
4.73334E+02	1000010010	1.08678E+19	1000010010	1.08678E+19
9.21290E+02	1000010010	4.49802E+20	1000010010	4.49802E+20
4.00854E+00	1000010010	8.35064E+19	1000010010	8.35064E+19
5.25513E+03	1000010010	4.31249E+20	1000010010	4.31249E+20
1.05766E+03	1000010010	8.37983E+20	1000010010	8.37983E+20
6.12203E+02	1000010010	1.16573E+20	1000010010	1.16573E+20
3.70729E+03	1000010010	3.64633E+21	1000010010	3.64633E+21
2.24482E+03	1000010010	1.74871E+19	1000010010	1.74871E+19
1.83617E+03	1000010010	2.64531E+21	1000010010	2.64531E+21
2.55755E+03	1000010010	1.09166E+19	1000010010	1.09166E+19
1.97945E+03	1000010010	1.96373E+19	1000010010	1.96373E+19
2.24316E+03	1000010010	2.04458E+19	1000010010	2.04458E+19
2.62686E+03	1000010010	1.79216E+21	1000010010	1.79216E+21
4.44278E+03	1000010010	1.40384E+20	1000010010	1.40384E+20
5.02341E+03	1000010010	6.51949E+19	1000010010	6.51949E+19
3.15128E+03	1000010010	2.72781E+20	1000010010	2.72781E+20
1.01692E+02	1000010010	2.87051E+21	1000010010	2.87051E+21
3.39973E+02	1000010010	1.29552E+20	1000010010	1.29552E+20
9.83110E+02	1000010010	2.52818E+20	1000010010	2.52818E+20
2.38332E+03	1000010010	9.93675E+20	1000010010	9.93675E+20
3.58365E+03	1000010010	5.74656E+19	1000010010	5.74656E+19
4.39929E+03	1000010010	4.97727E+21	1000010010	4.97727E+21
2.15133E+03	1000010010	3.23667E+19	1000010010	3.23667E+19
8.00891E+01	1000010010	5.68752E+19	1000010010	5.68752E+19
2.58306E+03	1000010010	3.95362E+19	1000010010	3.95362E+19
2.82587E+03	1000010010	2.97131E+19	1000010010	2.97131E+19
2.77124E+03	1000010010	3.69389E+21	1000010010	3.69389E+21
2.57036E+03	1000010010	7.67594E+18	1000010010	7.67594E+18
6.03356E+02	1000010010	8.82743E+19	1000010010	8.82743E+19
5.37992E+02	1000010010	1.82296E+21	1000010010	1.82296E+21
2.28715E+03	1000010010	1.06937E+21	1000010010	1.06937E+21
4.46907E+02	1000010010	1.50491E+21	1000010010	1.50491E+21
2.15067E+03	1000010010	2.11076E+20	1000010010	2.11076E+20
4.39752E+03	1000010010	8.86513E+18	1000010010	8.86513E+18
1.26838E+03	1000010010	1.92699E+19	1000010010	1.92699E+19
1.37623E+03	1000010010	3.41580E+21	1000010010	3.41580E+21
3.39123E+03	1000010010	4.72878E+21	1000010010	4.72878E+21
9.40647E+02	1000010010	1.19402E+19	1000010010	1.19402E+19
1.91972E+03	1000010010	8.04940E+19	1000010010	8.04940E+19
1.64154E+03	1000010010	2.12731E+19	1000010010	2.12731E+19
5.09840E+03	1000010010	9.45850E+19	1000010010	9.45850E+19
1.39524E+02	1000010010	1.39668E+21	1000010010	1.39668E+21
1.66773E+03	1000010010	2.71055E+21	1000010010	2.71055E+21
5.14542E+03	1000010010	8.97603E+19	1000010010	8.97603E+19
1.18578E+03	1000010010	4.35610E+20	1000010010	4.35610E+20
2.68494E+03	1000010010	4.81497E+21	1000010010	4.81497E+21
3.16184E+03	1000010010	2.00135E+21	1000010010	2.00135E+21
1.02675E+02	1000010010	2.86760E+20	1000010010	2.86760E+20
1.96617E+03	1000010010	6.67509E+18	1000010010	6.67509E+18
1.39908E+03	1000010010	4.48424E+21	1000010010	4.48424E+21
4.86987E+03	1000010010	1.15255E+21	1000010010	1.15255E+21
4.67647E+03	1000010010	9.43474E+19	1000010010	9.43474E+19
2.88621E+02	1000010010	2.57724E+21	1000010010	2.57724E+21
3.33330E+03	1000010010	1.86930E+21	1000010010	1.86930E+21
2.72206E+03	1000010010	2.11510E+20	1000010010	2.11510E+20
4.62071E+03	1000010010	3.39840E+21	1000010010	3.39840E+21
2.69673E+03	1000010010	6.46835E+19	1000010010	6.46835E+19
2.08102E+03	1000010010	2.94508E+19	1000010010	2.94508E+19
2.60515E+03	1000010010	2.48540E+20	1000010010	2.48540E+20
1.28846E+03	1000010010	3.25380E+19	1000010010	3.25380E+19
3.01353E+03	1000010010	5.98329E+20	1000010010	5.98329E+20
1.17661E+03	1000010010	5.75188E+21	1000010010	5.75188E+21
2.30440E+03	1000010010	2.18992E+19	1000010010	2.18992E+19
4.02175E+03	1000010010	8.50903E+18	1000010010	8.50903E+18
4.06938E+03	1000010010	5.84583E+20	1000010010	5.84583E+20
1.44995E+03	1000010010	4.83421E+21	1000010010	4.83421E+21
4.72631E+03	1000010010	5.44784E+21	1000010010	5.44784E+21
4.86159E+03	1000010010	5.64661E+19	1000010010	5.64661E+19
1.78118E+03	1000010010	9.24579E+18	1000010010	9.24579E+18
1.63962E+03	1000010010	7.74624E+19	1000010010	7.74624E+19
2.02676E+02	1000010010	4.44292E+21	1000010010	4.44292E+21
5.02040E+03	1000010010	2.76986E+19	1000010010	2.76986E+19
3.88124E+03	1000010010	4.94498E+19	1000010010	4.94498E+19
4.51902E+03	1000010010	2.20060E+21	1000010010	2.20060E+21
2.05024E+03	1000010010	1.70479E+19	1000010010	1.70479E+19
3.20585E+03	1000010010	6.66527E+19	1000010010	6.66527E+19
3.23774E+03	1000010010	3.71295E+20	1000010010	3.71295E+20
3.27847E+03	1000010010	4.52872E+21	1000010010	4.52872E+21
1.24034E+03	1000010010	5.48464E+20	1000010010	5.48464E+20
4.16633E+02	1000010010	1.20269E+19	1000010010	1.20269E+19
2.40106E+03	1000010010	7.23794E+20	1000010010	7.23794E+20
3.87548E+02	1000010010	9.18747E+20	1000010010	9.18747E+20
1.82191E+03	1000010010	7.35304E+20	1000010010	7.35304E+20
1.51423E+01	1000010010	8.74508E+18	1000010010	8.74508E+18
3.61922E+03	1000010010	8.14574E+19	1000010010	8.14574E+19
3.56541E+03	1000010010	5.86996E+20	1000010010	5.86996E+20
5.01425E+02	1000010010	6.78978E+19	1000010010	6.78978E+19
3.86643E+02	1000010010	2.80592E+20	1000010010	2.80592E+20
8.01858E+02	1000010010	6.38473E+18	1000010010	6.38473E+18
2.37007E+03	1000010010	5.36211E+19	1000010010	5.36211E+19
3.31380E+03	1000010010	1.47625E+19	1000010010	1.47625E+19
1.96635E+03	1000010010	6.42513E+20	1000010010	6.42513E+20
4.90363E+03	1000010010	1.56031E+20	1000010010	1.56031E+20
9.39947E+02	1000010010	8.44738E+19	1000010010	8.44738E+19
3.19410E+03	1000010010	5.99577E+19	1000010010	5.99577E+19
4.15284E+03	1000010010	2.30577E+20	1000010010	2.30577E+20
3.14037E+03	1000010010	4.12138E+20	1000010010	4.12138E+20
4.88081E+02	1000010010	8.27272E+20	1000010010	8.27272E+20
1.44641E+03	1000010010	4.06823E+21	1000010010	4.06823E+21
2.48804E+03	1000010010	4.15457E+21	1000010010	4.15457E+21
2.11619E+03	1000010010	1.61204E+20	1000010010	1.61204E+20
4.92157E+03	1000010010	1.91375E+21	1000010010	1.91375E+21
4.26901E+00	1000010010	2.54841E+19	1000010010	2.54841E+19
2.88039E+03	1000010010	1.94736E+21	1000010010	1.94736E+21
2.29259E+03	1000010010	1.22427E+21	1000010010	1.22427E+21
1.04613E+02	1000010010	5.36788E+21	1000010010	5.36788E+21
3.26743E+03	1000010010	2.16570E+20	1000010010	2.16570E+20
3.98777E+03	1000010010	1.70185E+19	1000010010	1.70185E+19
1.70467E+03	1000010010	4.48357E+19	1000010010	4.48357E+19
1.55676E+02	1000010010	4.48054E+21	1000010010	4.48054E+21
4.62478E+03	1000010010	3.42536E+19	1000010010	3.42536E+19
1.11231E+03	1000010010	1.12754E+19	1000010010	1.12754E+19
1.36030E+03	1000010010	5.54038E+19	1000010010	5.54038E+19
6.42216E+02	1000010010	1.40272E+21	1000010010	1.40272E+21
2.67261E+03	1000010010	2.06346E+19	1000010010	2.06346E+19
5.23358E+03	1000010010	1.41553E+19	1000010010	1.41553E+19
1.56584E+03	1000010010	1.40840E+21	1000010010	1.40840E+21
1.25979E+03	1000010010	1.97774E+20	1000010010	1.97774E+20
3.98937E+03	1000010010	1.53648E+19	1000010010	1.53648E+19
1.27869E+03	1000010010	5.77195E+19	1000010010	5.77195E+19
7.32761E+02	1000010010	6.86199E+18	1000010010	6.86199E+18
1.59156E+03	1000010010	2.23742E+21	1000010010	2.23742E+21
3.11070E+03	1000010010	5.76618E+19	1000010010	5.76618E+19
1.10319E+03	1000010010	3.25973E+21	1000010010	3.25973E+21
3.40598E+03	1000010010	1.05910E+21	1000010010	1.05910E+21
8.18340E+02	1000010010	3.92048E+19	1000010010	3.92048E+19
4.72296E+03	1000010010	3.84198E+21	1000010010	3.84198E+21
5.22552E+02	1000010010	2.42410E+19	1000010010	2.42410E+19
3.40614E+03	1000010010	6.30189E+18	1000010010	6.30189E+18
4.67362E+02	1000010010	3.53032E+21	1000010010	3.53032E+21
6.04246E+02	1000010010	2.28891E+20	1000010010	2.28891E+20
3.08190E+03	1000010010	9.05294E+18	1000010010	9.05294E+18
4.46143E+03	1000010010	1.40769E+21	1000010010	1.40769E+21
8.56301E+02	1000010010	2.99219E+21	1000010010	2.99219E+21
3.71468E+03	1000010010	3.20842E+21	1000010010	3.20842E+21
2.55693E+02	1000010010	7.01282E+18	1000010010	7.01282E+18
2.04244E+03	1000010010	8.10383E+18	1000010010	8.10383E+18
1.71227E+03	1000010010	7.14347E+19	1000010010	7.14347E+19
5.81205E+02	1000010010	4.64809E+21	1000010010	4.64809E+21
4.57965E+03	1000010010	5.23520E+20	1000010010	5.23520E+20
9.09614E+02	1000010010	1.26622E+21	1000010010	1.26622E+21
2.67074E+03	1000010010	8.14081E+19	1000010010	8.14081E+19
1.70465E+03	1000010010	7.02969E+18	1000010010	7.02969E+18
5.10254E+03	1000010010	8.88304E+20	1000010010	8.88304E+20
8.95596E+02	1000010010	3.15155E+21	1000010010	3.15155E+21
1.71024E+03	1000010010	4.96798E+21	1000010010	4.96798E+21
9.39295E+02	1000010010	2.44124E+21	1000010010	2.44124E+21
7.79200E+02	1000010010	1.38130E+19	1000010010	1.38130E+19
2.08010E+03	1000010010	6.11008E+21	1000010010	6.11008E+21
2.60550E+03	1000010010	9.42518E+19	1000010010	9.42518E+19
4.72538E+03	1000010010	4.34341E+19	1000010010	4.34341E+19
2.58009E+03	1000010010	2.92652E+19	1000010010	2.92652E+19
3.60823E+02	1000010010	7.40759E+19	1000010010	7.40759E+19
2.10564E+03	1000010010	3.62655E+21	1000010010	3.62655E+21
4.21404E+03	1000010010	8.04248E+20	1000010010	8.04248E+20
9.14471E+02	1000010010	3.43990E+20	1000010010	3.43990E+20
2.75256E+03	1000010010	1.64189E+19	1000010010	1.64189E+19
2.53515E+02	1000010010	4.51031E+21	1000010010	4.51031E+21
4.47979E+03	1000010010	1.20729E+21	1000010010	1.20729E+21
7.80518E+02	1000010010	2.87984E+20	1000010010	2.87984E+20
3.70491E+03	1000010010	2.02541E+19	1000010010	2.02541E+19
4.52281E+03	1000010010	1.68734E+19	1000010010	1.68734E+19
3.01625E+03	1000010010	2.59077E+21	1000010010	2.59077E+21
2.44622E+03	1000010010	2.60174E+19	1000010010	2.60174E+19
5.13628E+03	1000010010	1.84061E+20	1000010010	1.84061E+20
2.97252E+03	1000010010	1.54350E+19	1000010010	1.54350E+19
4.74015E+03	1000010010	1.77800E+21	1000010010	1.77800E+21
2.56859E+03	1000010010	1.64066E+21	1000010010	1.64066E+21
2.06024E+03	1000010010	6.27799E+20	1000010010	6.27799E+20
1.98894E+03	1000010010	2.13036E+19	1000010010	2.13036E+19
2.76368E+03	1000010010	5.92530E+21	1000010010	5.92530E+21
4.93073E+03	1000010010	9.37271E+18	1000010010	9.37271E+18
9.82034E+02	1000010010	2.57741E+20	1000010010	2.57741E+20
1.15137E+03	1000010010	1.25449E+21	1000010010	1.25449E+21
4.57586E+03	1000010010	2.68741E+21	1000010010	2.68741E+21
5.41535E+02	1000010010	5.36674E+20	1000010010	5.36674E+20
3.42849E+03	1000010010	1.33948E+20	1000010010	1.33948E+20
7.45119E+02	1000010010	4.59255E+20	1000010010	4.59255E+20
4.20155E+03	1000010010	6.73022E+18	1000010010	6.73022E+18
5.13859E+03	1000010010	3.88331E+20	1000010010	3.88331E+20
3.61788E+03	1000010010	7.56983E+20	1000010010	7.56983E+20
2.60406E+03	1000010010	5.03151E+21	1000010010	5.03151E+21
1.04175E+03	1000010010	3.20450E+19	1000010010	3.20450E+19
2.93608E+03	1000010010	4.51798E+21	1000010010	4.51798E+21
7.61605E+02	1000010010	3.92998E+19	1000010010	3.92998E+19
2.76706E+03	1000010010	7.01880E+19	1000010010	7.01880E+19
5.62431E+02	1000010010	5.73697E+20	1000010010	5.73697E+20
2.17445E+02	1000010010	1.66468E+21	1000010010	1.66468E+21
2.77327E+03	1000010010	9.84924E+19	1000010010	9.84924E+19
3.40700E+03	1000010010	1.27435E+21	1000010010	1.27435E+21
7.38713E+02	1000010010	1.77797E+20	1000010010	1.77797E+20
1.02603E+03	1000010010	7.22178E+20	1000010010	7.22178E+20
2.42563E+03	1000010010	2.95575E+19	1000010010	2.95575E+19
4.99408E+03	1000010010	9.73708E+20	1000010010	9.73708E+20
3.13491E+03	1000010010	4.20538E+21	1000010010	4.20538E+21
4.25759E+03	1000010010	3.65724E+20	1000010010	3.65724E+20
8.69902E+02	1000010010	2.18090E+19	1000010010	2.18090E+19
2.81193E+02	1000010010	1.37057E+20	1000010010	1.37057E+20
8.21049E+02	1000010010	5.84368E+19	1000010010	5.84368E+19
7.88344E+02	1000010010	1.35674E+21	1000010010	1.35674E+21
5.18778E+03	1000010010	6.22341E+20	1000010010	6.22341E+20
2.84655E+02	1000010010	6.90763E+19	1000010010	6.90763E+19
4.14788E+01	1000010010	2.71991E+19	1000010010	2.71991E+19
1.94273E+03	1000010010	1.50279E+21	1000010010	1.50279E+21
1.23877E+03	1000010010	1.42613E+19	1000010010	1.42613E+19
1.57424E+03	1000010010	1.61357E+19	1000010010	1.61357E+19
3.59627E+03	1000010010	3.85009E+20	1000010010	3.85009E+20
2.83147E+03	1000010010	1.88735E+19	1000010010	1.88735E+19
4.02595E+02	1000010010	2.11493E+21	1000010010	2.11493E+21
8.16340E+01	1000010010	6.69796E+20	1000010010	6.69796E+20
1.50429E+03	1000010010	1.26707E+19	1000010010	1.26707E+19
2.89852E+03	1000010010	1.69835E+19	1000010010	1.69835E+19
4.75607E+02	1000010010	1.07425E+20	1000010010	1.07425E+20
3.23122E+03	1000010010	6.23847E+19	1000010010	6.23847E+19
2.66526E+03	1000010010	2.07562E+20	1000010010	2.07562E+20
3.24424E+03	1000010010	2.52026E+20	1000010010	2.52026E+20
3.31491E+02	1000010010	1.20898E+20	1000010010	1.20898E+20
8.89723E+02	1000010010	5.27526E+19	1000010010	5.27526E+19
4.57894E+03	1000010010	1.32198E+21	1000010010	1.32198E+21
5.04605E+03	1000010010	5.55177E+20	1000010010	5.55177E+20
1.64747E+03	1000010010	2.83843E+21	1000010010	2.83843E+21
1.57211E+03	1000010010	3.35259E+20	1000010010	3.35259E+20
9.98333E+02	1000010010	4.62980E+19	1000010010	4.62980E+19
4.54033E+03	1000010010	4.28687E+20	1000010010	4.28687E+20
1.26074E+03	1000010010	4.59677E+21	1000010010	4.59677E+21
1.80503E+03	1000010010	4.21756E+20	1000010010	4.21756E+20
5.10734E+03	1000010010	6.11455E+21	1000010010	6.11455E+21
2.80347E+03	1000010010	9.61351E+20	1000010010	9.61351E+20
1.75482E+03	1000010010	2.97725E+20	1000010010	2.97725E+20
1.83486E+03	1000010010	1.33255E+21	1000010010	1.33255E+21
6.21599E+02	1000010010	3.33492E+21	1000010010	3.33492E+21
2.88574E+02	1000010010	6.18987E+21	1000010010	6.18987E+21
6.22476E+02	1000010010	1.02149E+20	1000010010	1.02149E+20
8.29434E+02	1000010010	6.94023E+20	1000010010	6.94023E+20
1.69826E+03	1000010010	3.59028E+21	1000010010	3.59028E+21
8.17156E+02	1000010010	2.61183E+19	1000010010	2.61183E+19
1.33258E+03	1000010010	3.60650E+19	1000010010	3.60650E+19
1.14537E+03	1000010010	6.01326E+21	1000010010	6.01326E+21
1.94713E+03	1000010010	8.88488E+18	1000010010	8.88488E+18
3.36995E+03	1000010010	3.37124E+21	1000010010	3.37124E+21
1.79994E+03	1000010010	4.87950E+21	1000010010	4.87950E+21
3.85864E+02	1000010010	1.33206E+19	1000010010	1.33206E+19
1.15911E+03	1000010010	2.63446E+20	1000010010	2.63446E+20
1.24590E+03	1000010010	2.18351E+20	1000010010	2.18351E+20
3.06367E+03	1000010010	1.92339E+19	1000010010	1.92339E+19
3.37572E+03	1000010010	9.64923E+19	1000010010	9.64923E+19
5.18199E+02	1000010010	1.80284E+20	1000010010	1.80284E+20
3.91223E+03	1000010010	4.03571E+20	1000010010	4.03571E+20
5.89699E+02	1000010010	5.87864E+20	1000010010	5.87864E+20
1.27851E+03	1000010010	3.71985E+19	1000010010	3.71985E+19
6.04485E+02	1000010010	8.98225E+19	1000010010	8.98225E+19
1.78876E+03	1000010010	6.10209E+20	1000010010	6.10209E+20
5.99419E+02	1000010010	1.48681E+19	1000010010	1.48681E+19
2.11250E+03	1000010010	3.49671E+20	1000010010	3.49671E+20
1.17903E+03	1000010010	7.79814E+18	1000010010	7.79814E+18
2.93847E+03	1000010010	1.88244E+21	1000010010	1.88244E+21
3.60134E+03	1000010010	1.21331E+21	1000010010	1.21331E+21
1.37358E+03	1000010010	7.31851E+18	1000010010	7.31851E+18
5.29327E+03	1000010010	2.83784E+21	1000010010	2.83784E+21
1.06728E+03	1000010010	1.74279E+20	1000010010	1.74279E+20
2.13442E+02	1000010010	2.88305E+20	1000010010	2.88305E+20
2.65880E+02	1000010010	2.40229E+20	1000010010	2.40229E+20
1.35320E+03	1000010010	1.18921E+20	1000010010	1.18921E+20
8.33956E+02	1000010010	7.14009E+18	1000010010	7.14009E+18
9.30717E+02	1000010010	3.57091E+19	1000010010	3.57091E+19
3.42208E+03	1000010010	7.81946E+20	1000010010	7.81946E+20
7.30705E+02	1000010010	3.47099E+19	1000010010	3.47099E+19
1.97604E+03	1000010010	2.51499E+19	1000010010	2.51499E+19
1.43484E+03	1000010010	1.41761E+20	1000010010	1.41761E+20
2.58065E+03	1000010010	5.23290E+21	1000010010	5.23290E+21
3.27984E+02	1000010010	2.84239E+20	1000010010	2.84239E+20
2.86794E+03	1000010010	3.69101E+20	1000010010	3.69101E+20
1.67207E+03	1000010010	4.39606E+20	1000010010	4.39606E+20
4.12898E+03	1000010010	2.15185E+21	1000010010	2.15185E+21
1.58367E+03	1000010010	1.23965E+20	1000010010	1.23965E+20
2.38288E+03	1000010010	3.45114E+19	1000010010	3.45114E+19
8.00184E+02	1000010010	1.05729E+19	1000010010	1.05729E+19
3.44498E+03	1000010010	1.13809E+21	1000010010	1.13809E+21
3.82592E+03	1000010010	2.06380E+21	1000010010	2.06380E+21
7.09642E+02	1000010010	3.34136E+19	1000010010	3.34136E+19
2.80921E+03	1000010010	1.11248E+21	1000010010	1.11248E+21
1.10305E+03	1000010010	3.67448E+19	1000010010	3.67448E+19
1.36328E+03	1000010010	1.44520E+20	1000010010	1.44520E+20
6.07242E+02	1000010010	4.05261E+19	1000010010	4.05261E+19
4.92526E+03	1000010010	8.50075E+18	1000010010	8.50075E+18
2.83715E+03	1000010010	4.25892E+21	1000010010	4.25892E+21
4.12978E+03	1000010010	2.90097E+19	1000010010	2.90097E+19
2.36983E+03	1000010010	9.88389E+18	1000010010	9.88389E+18
1.25905E+03	1000010010	1.71472E+19	1000010010	1.71472E+19
1.36972E+03	1000010010	1.09200E+19	1000010010	1.09200E+19
3.69173E+03	1000010010	1.89064E+19	1000010010	1.89064E+19
8.37932E+02	1000010010	5.75860E+21	1000010010	5.75860E+21
2.92780E+02	1000010010	7.44889E+20	1000010010	7.44889E+20
1.60391E+03	1000010010	1.50497E+20	1000010010	1.50497E+20
5.30197E+03	1000010010	4.23639E+21	1000010010	4.23639E+21
3.33929E+03	1000010010	2.20448E+20	1000010010	2.20448E+20
2.94000E+02	1000010010	4.87603E+20	1000010010	4.87603E+20
3.08340E+03	1000010010	1.52117E+21	1000010010	1.52117E+21
1.42721E+03	1000010010	3.30569E+20	1000010010	3.30569E+20
4.47904E+02	1000010010	7.50666E+19	1000010010	7.50666E+19
2.87447E+03	1000010010	1.37042E+21	1000010010	1.37042E+21
1.84975E+02	1000010010	6.83230E+18	1000010010	6.83230E+18
2.58235E+03	1000010010	6.57281E+19	1000010010	6.57281E+19
3.16308E+02	1000010010	1.38439E+19	1000010010	1.38439E+19
3.34887E+03	1000010010	2.95967E+21	1000010010	2.95967E+21
2.63601E+03	1000010010	3.60246E+21	1000010010	3.60246E+21
3.55114E+03	1000010010	4.30778E+19	1000010010	4.30778E+19
3.44280E+03	1000010010	7.15669E+18	1000010010	7.15669E+18
1.80488E+03	1000010010	2.05593E+21	1000010010	2.05593E+21
2.12910E+03	1000010010	7.18772E+18	1000010010	7.18772E+18
2.37351E+03	1000010010	5.27868E+21	1000010010	5.27868E+21
3.13887E+03	1000010010	1.00279E+21	1000010010	1.00279E+21
5.18604E+03	1000010010	1.13066E+21	1000010010	1.13066E+21
4.10575E+03	1000010010	2.66095E+19	1000010010	2.66095E+19
2.94637E+03	1000010010	2.55901E+20	1000010010	2.55901E+20
2.70396E+03	1000010010	2.27598E+21	1000010010	2.27598E+21
2.17195E+03	1000010010	2.22147E+20	1000010010	2.22147E+20
2.75673E+03	1000010010	5.81994E+21	1000010010	5.81994E+21
4.15581E+03	1000010010	5.36414E+20	1000010010	5.36414E+20
3.89496E+02	1000010010	4.65870E+19	1000010010	4.65870E+19
1.91149E+03	1000010010	1.02151E+21	1000010010	1.02151E+21
2.32451E+03	1000010010	4.70722E+19	1000010010	4.70722E+19
3.86536E+03	1000010010	1.17304E+21	1000010010	1.17304E+21
1.51385E+01	1000010010	2.25312E+20	1000010010	2.25312E+20
1.55797E+03	1000010010	1.69974E+21	1000010010	1.69974E+21
4.17610E+03	1000010010	1.67362E+20	1000010010	1.67362E+20
1.29545E+03	1000010010	1.04017E+19	1000010010	1.04017E+19
4.38985E+03	1000010010	5.06861E+21	1000010010	5.06861E+21
2.40984E+03	1000010010	2.23422E+19	1000010010	2.23422E+19
4.12052E+03	1000010010	3.85269E+19	1000010010	3.85269E+19
1.92213E+02	1000010010	1.52351E+19	1000010010	1.52351E+19
1.59415E+03	1000010010	2.77864E+19	1000010010	2.77864E+19
4.33102E+03	1000010010	4.74306E+21	1000010010	4.74306E+21
5.00264E+03	1000010010	4.32960E+20	1000010010	4.32960E+20
3.94944E+03	1000010010	2.32964E+20	1000010010	2.32964E+20
9.41175E+02	1000010010	2.10279E+21	1000010010	2.10279E+21
1.19825E+03	1000010010	4.07103E+21	1000010010	4.07103E+21
2.02307E+03	1000010010	2.08048E+21	1000010010	2.08048E+21
1.31474E+03	1000010010	2.04914E+20	1000010010	2.04914E+20
7.05816E+02	1000010010	1.54146E+20	1000010010	1.54146E+20
2.78423E+03	1000010010	6.49637E+18	1000010010	6.49637E+18
2.51239E+03	1000010010	2.76412E+21	1000010010	2.76412E+21
2.08252E+03	1000010010	5.91833E+19	1000010010	5.91833E+19
3.86297E+03	1000010010	1.86588E+20	1000010010	1.86588E+20
4.22986E+03	1000010010	8.79683E+20	1000010010	8.79683E+20
1.33909E+03	1000010010	8.69334E+20	1000010010	8.69334E+20
2.72495E+03	1000010010	1.11218E+20	1000010010	1.11218E+20
3.78446E+03	1000010010	6.01234E+20	1000010010	6.01234E+20
2.30487E+03	1000010010	1.85006E+19	1000010010	1.85006E+19
5.15956E+02	1000010010	5.47163E+20	1000010010	5.47163E+20
1.77262E+03	1000010010	4.64910E+21	1000010010	4.64910E+21
2.87542E+03	1000010010	3.38558E+20	1000010010	3.38558E+20
3.82974E+03	1000010010	2.10609E+20	1000010010	2.10609E+20
3.94361E+03	1000010010	9.55329E+18	1000010010	9.55329E+18
3.16692E+03	1000010010	2.70148E+20	1000010010	2.70148E+20
2.60717E+02	1000010010	2.47724E+20	1000010010	2.47724E+20
2.48932E+03	1000010010	7.72120E+18	1000010010	7.72120E+18
4.18464E+03	1000010010	4.30663E+20	1000010010	4.30663E+20
4.74705E+03	1000010010	5.49275E+21	1000010010	5.49275E+21
3.61369E+03	1000010010	4.53967E+20	1000010010	4.53967E+20
1.05598E+03	1000010010	1.25683E+21	1000010010	1.25683E+21
1.49578E+03	1000010010	1.39276E+19	1000010010	1.39276E+19
4.44336E+03	1000010010	3.40011E+19	1000010010	3.40011E+19
4.46842E+03	1000010010	5.51519E+21	1000010010	5.51519E+21
9.61684E+02	1000010010	5.67587E+20	1000010010	5.67587E+20
2.03269E+03	1000010010	5.87898E+20	1000010010	5.87898E+20
3.80772E+02	1000010010	4.24307E+21	1000010010	4.24307E+21
2.63664E+01	1000010010	5.12502E+20	1000010010	5.12502E+20
8.93555E+02	1000010010	1.21553E+20	1000010010	1.21553E+20
2.25996E+03	1000010010	5.47390E+20	1000010010	5.47390E+20
4.99270E+03	1000010010	9.91534E+19	1000010010	9.91534E+19
1.78556E+03	1000010010	7.20509E+20	1000010010	7.20509E+20
7.54253E+02	1000010010	4.42430E+19	1000010010	4.42430E+19
3.46469E+03	1000010010	6.51472E+20	1000010010	6.51472E+20
9.57595E+02	1000010010	2.96272E+19	1000010010	2.96272E+19
3.26963E+03	1000010010	3.31464E+20	1000010010	3.31464E+20
2.85543E+03	1000010010	1.28882E+20	1000010010	1.28882E+20
1.35014E+03	1000010010	1.84793E+21	1000010010	1.84793E+21
1.93400E+03	1000010010	1.25475E+20	1000010010	1.25475E+20
3.33492E+03	1000010010	2.74215E+19	1000010010	2.74215E+19
3.00362E+03	1000010010	1.74406E+19	1000010010	1.74406E+19
2.43301E+03	1000010010	2.06592E+19	1000010010	2.06592E+19
7.82959E+02	1000010010	3.55551E+20	1000010010	3.55551E+20
4.40394E+03	1000010010	4.03019E+21	1000010010	4.03019E+21
1.64831E+03	1000010010	1.26519E+21	1000010010	1.26519E+21
2.63604E+03	1000010010	2.24741E+20	1000010010	2.24741E+20
4.97043E+03	1000010010	1.92106E+21	1000010010	1.92106E+21
1.03993E+03	1000010010	4.45503E+20	1000010010	4.45503E+20
3.91743E+03	1000010010	4.66880E+21	1000010010	4.66880E+21
3.72586E+03	1000010010	3.39309E+20	1000010010	3.39309E+20
5.19677E+03	1000010010	4.64079E+21	1000010010	4.64079E+21
4.29363E+03	1000010010	5.68826E+19	1000010010	5.68826E+19
9.43676E+02	1000010010	6.32772E+18	1000010010	6.32772E+18
3.51416E+03	1000010010	1.96338E+21	1000010010	1.96338E+21
1.78534E+03	1000010010	3.92894E+21	1000010010	3.92894E+21
3.53560E+03	1000010010	1.89059E+21	1000010010	1.89059E+21
5.06473E+02	1000010010	2.73119E+19	1000010010	2.73119E+19
1.05693E+03	1000010010	5.76929E+21	1000010010	5.76929E+21
3.62590E+03	1000010010	6.52685E+20	1000010010	6.52685E+20
4.40954E+03	1000010010	5.61461E+21	1000010010	5.61461E+21
6.89071E+02	1000010010	2.92040E+19	1000010010	2.92040E+19
3.01837E+03	1000010010	2.27434E+19	1000010010	2.27434E+19
4.00270E+03	1000010010	5.82163E+21	1000010010	5.82163E+21
8.52325E+02	1000010010	1.61175E+19	1000010010	1.61175E+19
3.19699E+03	1000010010	2.92155E+20	1000010010	2.92155E+20
1.89590E+02	1000010010	3.45130E+21	1000010010	3.45130E+21
1.13208E+03	1000010010	2.83845E+20	1000010010	2.83845E+20
2.68421E+03	1000010010	2.35155E+19	1000010010	2.35155E+19
3.04092E+03	1000010010	1.10386E+21	1000010010	1.10386E+21
3.38225E+01	1000010010	8.76711E+18	1000010010	8.76711E+18
1.44412E+03	1000010010	1.64928E+21	1000010010	1.64928E+21
1.58102E+02	1000010010	4.97325E+20	1000010010	4.97325E+20
1.06864E+03	1000010010	1.07874E+20	1000010010	1.07874E+20
5.11076E+03	1000010010	2.07999E+21	1000010010	2.07999E+21
4.90109E+02	1000010010	5.54448E+19	1000010010	5.54448E+19
1.84322E+03	1000010010	3.35817E+19	1000010010	3.35817E+19
4.47125E+03	1000010010	3.13465E+19	1000010010	3.13465E+19
5.12700E+03	1000010010	8.06502E+20	1000010010	8.06502E+20
7.32721E+02	1000010010	9.64286E+20	1000010010	9.64286E+20
6.50783E+02	1000010010	9.19524E+18	1000010010	9.19524E+18
6.81026E+02	1000010010	1.40766E+21	1000010010	1.40766E+21
2.78691E+02	1000010010	2.03639E+19	1000010010	2.03639E+19
3.65935E+03	1000010010	3.98853E+20	1000010010	3.98853E+20
4.85776E+02	1000010010	5.41390E+21	1000010010	5.41390E+21
8.90213E+02	1000010010	2.29096E+21	1000010010	2.29096E+21
1.10694E+03	1000010010	5.45540E+19	1000010010	5.45540E+19
1.89572E+03	1000010010	7.30260E+20	1000010010	7.30260E+20
1.11707E+03	1000010010	9.99351E+19	1000010010	9.99351E+19
1.83240E+02	1000010010	1.50254E+21	1000010010	1.50254E+21
3.00524E+02	1000010010	1.05758E+19	1000010010	1.05758E+19
2.34086E+03	1000010010	2.70099E+19	1000010010	2.70099E+19
2.96448E+03	1000010010	5.97624E+19	1000010010	5.97624E+19
3.64333E+03	1000010010	2.06657E+21	1000010010	2.06657E+21
1.70169E+03	1000010010	1.25118E+20	1000010010	1.25118E+20
2.31331E+03	1000010010	1.70027E+19	1000010010	1.70027E+19
3.27340E+03	1000010010	2.11204E+21	1000010010	2.11204E+21
1.28510E+03	1000010010	1.31599E+21	1000010010	1.31599E+21
8.71731E+02	1000010010	4.72288E+19	1000010010	4.72288E+19
2.02403E+03	1000010010	1.45695E+19	1000010010	1.45695E+19
4.84982E+03	1000010010	2.86944E+20	1000010010	2.86944E+20
4.11517E+03	1000010010	1.12976E+20	1000010010	1.12976E+20
1.20667E+03	1000010010	2.11542E+21	1000010010	2.11542E+21
4.23107E+03	1000010010	7.07726E+19	1000010010	7.07726E+19
2.50390E+03	1000010010	7.85231E+19	1000010010	7.85231E+19
3.35868E+03	1000010010	1.49562E+21	1000010010	1.49562E+21
2.24516E+03	1000010010	2.04263E+20	1000010010	2.04263E+20
3.05250E+02	1000010010	4.58177E+20	1000010010	4.58177E+20
4.58157E+02	1000010010	9.56401E+18	1000010010	9.56401E+18
2.10464E+02	1000010010	1.23829E+19	1000010010	1.23829E+19
1.47123E+03	1000010010	4.31862E+19	1000010010	4.31862E+19
2.36397E+03	1000010010	2.67006E+20	1000010010	2.67006E+20
1.59420E+03	1000010010	9.84441E+18	1000010010	9.84441E+18
4.34952E+03	1000010010	3.93833E+21	1000010010	3.93833E+21
2.68112E+03	1000010010	1.41529E+19	1000010010	1.41529E+19
5.00519E+03	1000010010	2.48797E+20	1000010010	2.48797E+20
2.48132E+03	1000010010	3.49895E+20	1000010010	3.49895E+20
2.95474E+03	1000010010	5.96954E+21	1000010010	5.96954E+21
1.85655E+03	1000010010	6.29719E+18	1000010010	6.29719E+18
3.45293E+02	1000010010	1.18631E+20	1000010010	1.18631E+20
3.53886E+03	1000010010	1.69258E+20	1000010010	1.69258E+20
4.21828E+03	1000010010	6.51456E+20	1000010010	6.51456E+20
1.14297E+03	1000010010	6.23565E+19	1000010010	6.23565E+19
1.88205E+03	1000010010	5.61567E+20	1000010010	5.61567E+20
4.94072E+03	1000010010	1.83256E+20	1000010010	1.83256E+20
3.43259E+03	1000010010	2.61950E+20	1000010010	2.61950E+20
3.67201E+02	1000010010	3.90273E+20	1000010010	3.90273E+20
2.83560E+01	1000010010	3.01523E+19	1000010010	3.01523E+19
1.12167E+03	1000010010	2.03612E+21	1000010010	2.03612E+21
4.37356E+03	1000010010	1.65137E+21	1000010010	1.65137E+21
3.09612E+03	1000010010	1.26023E+21	1000010010	1.26023E+21
3.04948E+03	1000010010	1.32074E+20	1000010010	1.32074E+20
4.65402E+03	1000010010	2.39227E+19	1000010010	2.39227E+19
3.41040E+03	1000010010	4.01623E+20	1000010010	4.01623E+20
3.41506E+03	1000010010	7.62390E+19	1000010010	7.62390E+19
4.70907E+03	1000010010	6.97371E+18	1000010010	6.97371E+18
5.07502E+03	1000010010	1.49635E+21	1000010010	1.49635E+21
4.06755E+02	1000010010	1.05631E+21	1000010010	1.05631E+21
4.49211E+03	1000010010	5.14108E+21	1000010010	5.14108E+21
4.03569E+03	1000010010	4.27123E+21	1000010010	4.27123E+21
2.70003E+03	1000010010	1.51028E+20	1000010010	1.51028E+20
3.35225E+03	1000010010	7.97308E+20	1000010010	7.97308E+20
1.65193E+03	1000010010	2.38525E+19	1000010010	2.38525E+19
